-0.153501   0.405421   0.249191
-0.347191   -0.454101   -0.465169
0.374711   -0.4262   -0.322302
-0.184155   -0.282594   -0.184129
-0.214368   0.228112   0.418713
-0.0605698   -0.0703381   0.45772
0.00270514   -0.306478   -0.0246583
0.143005   -0.443385   -0.0542297
0.00080298   -0.397054   -0.226653
0.184367   -0.362707   0.375249
0.0620387   -0.306455   -0.456893
0.355954   -0.427484   0.467626
-0.321952   0.488942   0.102957
-0.322238   0.0580053   0.39558
-0.404953   -0.0705849   -0.449736
0.356042   -0.206396   0.309516
-0.298108   -0.201669   0.434632
-0.00380628   -0.00222757   -0.240381
-0.18188   0.0643931   -0.452502
-0.158233   -0.454109   -0.0869499
0.227293   -0.144924   0.172134
0.482023   0.210483   0.399368
0.140496   -0.162281   0.349511
0.174982   -0.473859   -0.381586
0.498356   0.268573   -0.369491
0.477579   0.429205   -0.47386
0.37022   -0.44532   -0.0243994
-0.366397   0.14726   -0.414696
-0.0524406   0.205413   -0.377612
-0.2349   -0.446807   -0.301983
-0.363011   0.379129   -0.25757
0.109779   0.0183855   -0.425603
0.00192296   -0.109805   0.229946
0.0948747   0.343562   -0.361478
0.2176   0.309755   -0.169033
0.389472   -0.0436251   0.491015
-0.42771   -0.414866   -0.0705
-0.327745   -0.249989   0.00399834
-0.292984   -0.33911   0.293019
-0.113825   -0.414529   0.155928
-0.414261   -0.34328   -0.293205
-0.130059   -0.101621   -0.0912352
-0.188363   -0.482925   0.399396
0.0425774   -0.490967   0.339697
0.32645   0.362113   -0.36913
0.212467   -0.318262   -0.205822
-0.127979   0.121277   -0.105649
0.463869   0.443611   0.144839
0.235183   -0.12212   -0.223325
0.233409   -0.157377   -0.465292
-0.461802   -0.194482   0.255221
-0.37093   -0.00869297   -0.0214263
-0.344636   -0.153244   -0.173865
0.273046   0.157479   -0.34517
-0.225322   0.217611   -0.253285
-0.0685408   0.275778   0.0536603
0.0269293   -0.198398   -0.218965
0.390217   0.225063   -0.121105
-0.180417   0.205946   0.212637
0.213353   0.065798   0.0634687
0.451675   0.0474574   -0.326324
-0.431911   0.171092   -0.184059
-0.425332   0.364017   -0.00248408
-0.261795   0.00668093   -0.274502
0.174665   0.0803953   -0.172011
-0.157211   -0.218469   0.124576
0.024531   0.209447   -0.194692
0.304951   0.354912   0.0144249
0.440981   0.433993   -0.201143
0.466265   0.152712   0.0947338
0.109587   0.442416   0.114104
0.351225   0.0292889   -0.0916076
0.436022   -0.149293   -0.300375
-0.0739703   -0.302612   0.316856
0.274987   -0.229481   -0.00806809
-0.485984   -0.335372   0.117602
0.0454888   0.282264   0.216299
0.23763   0.426564   0.250434
-0.174125   -0.203264   -0.367511
-0.22506   0.348213   -0.432776
0.0896184   0.172694   0.396007
-0.360526   0.299094   0.213796
-0.0491075   -0.498903   -0.421459
0.40358   0.389082   0.342897
0.471755   -0.24907   -0.486449
-0.0370488   0.331238   0.46766
-0.365151   0.363626   0.40652
-0.172029   -0.0211149   0.122143
0.0926034   -0.0855686   0.0113385
-0.211769   0.339263   -0.0893279
-0.255588   -0.105165   0.273313
0.0786271   -0.323732   0.196275
0.330196   -0.407057   0.227672
0.00231587   0.0700222   0.120703
0.429136   0.0297061   0.296351
-0.427474   -0.484526   0.314648
-0.287551   0.187947   0.0239943
0.45518   -0.231578   -0.0908692
-0.358796   0.081015   0.194359
0.420299   -0.0607822   0.107992
0.131611   0.259601   0.00668503
0.00393115   0.411873   -0.0727966
-0.105261   0.392296   -0.257529
-0.0608286   0.0698203   0.324618
0.188632   0.0285422   0.259439
0.297483   0.209414   0.226146
0.18993   0.388288   0.44522
0.284157   0.129958   0.451053
