-0.463222   0.216825   -0.282911
-0.32668   -0.259593   0.440053
0.114619   -0.188052   -0.380053
0.108949   0.183591   -0.348696
-0.396196   0.0406067   -0.0521565
0.477604   0.173168   0.0617435
-0.457524   -0.420252   -0.0639889
0.211175   -0.389421   0.493792
-0.413262   -0.317618   -0.222994
-0.353983   -0.360086   -0.269291
0.179854   -0.492433   0.464721
0.135758   -0.0289482   0.195501
0.0922362   -0.31625   0.396211
-0.398142   -0.444391   -0.176
-0.321444   -0.266482   -0.304304
0.345919   0.0957722   0.346301
-0.135003   -0.0501612   -0.170215
0.0342148   -0.213228   -0.0599383
-0.448488   0.118796   -0.337328
0.18541   0.234529   -0.341397
0.305882   0.175311   -0.266431
-0.416982   0.136212   -0.195027
0.388567   -0.26086   0.334494
0.118409   -0.224569   0.396963
-0.167363   -0.216465   -0.202767
0.0499858   -0.306971   0.280636
-0.418394   -0.0382084   0.11559
-0.382394   0.00561827   -0.370284
-0.154572   0.24426   0.0496158
0.358888   -0.130189   0.0735546
0.400888   -0.0664675   0.302819
0.394419   0.314064   -0.460362
0.109444   -0.21463   -0.0319869
0.46703   0.403963   -0.492293
-0.459899   -0.359727   0.391747
-0.115072   -0.217547   -0.125904
0.0177087   -0.320985   -0.0445
-0.0835103   -0.257533   0.260287
-0.476207   0.0548731   0.0819203
0.35651   -0.010552   -0.399602
0.0387859   0.459257   -0.303605
0.473405   -0.200695   0.0516567
-0.478449   -0.0296093   0.0313831
0.189738   -0.176303   -0.010945
0.178687   -0.277461   0.424954
0.0348012   -0.47063   0.181781
-0.312647   0.354505   -0.0523193
-0.273318   -0.448982   0.119957
-0.323704   0.232902   -0.337606
0.309786   0.353694   -0.455568
0.386253   -0.0994715   0.212394
-0.493909   -0.343876   0.482586
0.144245   0.0687718   -0.00893656
0.213959   0.214744   -0.218728
0.10609   0.483624   -0.491635
-0.136339   -0.414448   0.336085
-0.391247   0.218381   0.447383
0.06866   -0.307208   -0.11508
0.282813   0.421529   -0.475466
0.15944   -0.379739   0.192377
0.369378   -0.0163187   0.153391
0.162425   -0.100771   0.254798
0.272699   0.301882   0.179552
0.323291   -0.366642   0.321127
-0.24141   -0.355077   0.249617
0.452497   0.476195   -0.0436524
-0.0277933   -0.00644834   0.359815
0.118094   0.4912   0.284467
0.396495   -0.456359   -0.135609
0.440607   0.0561921   -0.42562
-0.290102   0.0773228   0.241082
-0.483306   0.135003   0.24263
0.391879   -0.155098   -0.265616
0.232772   -0.331763   0.176083
-0.152653   0.237331   0.209738
0.441544   0.336005   0.0985217
-0.197823   0.0705814   -0.129037
0.107956   0.40488   0.353532
0.267625   -0.49878   -0.0564766
0.484687   -0.10879   0.0350511
-0.0578383   -0.0732983   -0.335355
-0.387072   0.190123   -0.371463
-0.31027   0.320283   0.0424839
-0.481662   -0.251271   0.277964
-0.132187   0.156082   -0.271769
-0.382222   -0.0857   -0.374019
-0.13582   0.104715   -0.394211
0.437877   -0.433388   0.271104
-0.352944   -0.0674511   0.496329
-0.0512346   -0.404514   0.339065
-0.413366   0.273822   -0.357841
0.252897   0.142788   -0.36572
-0.0373931   0.494394   -0.452733
0.190294   -0.257037   -0.383639
0.102882   0.494876   0.00464927
0.443748   0.292024   -0.104543
0.193367   -0.443378   0.141881
-0.424552   -0.323344   -0.135159
-0.324265   0.280548   -0.491851
0.119671   0.0973067   0.0908511
0.454206   -0.231382   -0.0446599
0.0965863   0.0993437   0.421578
-0.385203   0.0695841   -0.316982
0.463119   0.143226   0.349616
-0.0613346   0.416459   0.339384
-0.139701   -0.0739935   -0.260959
0.423065   -0.171469   -0.334585
0.188323   0.365145   0.0190064
