-0.108691   0.413477   0.0410238
0.395486   0.392779   -0.286683
-0.409856   0.373944   -0.350401
-0.230872   -0.301953   -0.213775
-0.463886   0.435453   0.296489
0.00945374   -0.269827   0.0834684
0.446397   -0.119716   0.231378
0.423065   0.406538   -0.484967
-0.467471   -0.448114   -0.229707
0.0829499   -0.455227   -0.496088
0.0338707   -0.494017   -0.266935
0.351186   0.286265   0.381556
-0.202391   -0.408359   0.133084
0.479214   -0.0338906   -0.207024
0.397734   -0.196805   -0.039802
0.0266518   0.165279   -0.0170913
-0.116769   -0.102231   0.400229
-0.331357   -0.247655   0.0996934
-0.169451   -0.0568259   -0.187573
-0.39882   -0.216915   -0.176717
0.14911   0.0166155   -0.0627001
0.208295   0.371142   -0.468685
0.304459   -0.134592   -0.410387
0.251968   -0.372624   0.332856
0.397293   0.184129   -0.340832
-0.364795   -0.444135   -0.020332
-0.330568   0.0533686   -0.184083
-0.296403   0.345741   0.475183
-0.155754   0.170839   -0.256909
-0.239389   -0.226107   -0.462461
0.439202   -0.23723   -0.315929
-0.139979   0.0134628   -0.379544
0.0279054   -0.136527   -0.128854
0.00269673   0.0780899   0.224819
0.333215   0.106079   0.00657168
0.199529   -0.0924025   0.326667
-0.493974   -0.354469   0.116862
-0.158082   0.111015   -0.0676163
-0.285534   -0.0138071   0.465176
0.476388   0.0396361   0.366096
0.267231   0.490432   -0.13152
-0.096296   -0.188426   -0.328409
0.252502   -0.209839   0.173851
-0.183287   0.37064   -0.346374
0.0987706   0.21842   0.40694
-0.0368159   -0.03018   0.02986
0.156012   0.179619   -0.382947
0.465297   0.413464   -0.071262
0.00577048   -0.129835   0.249938
0.164836   -0.269295   0.492328
0.248485   0.112184   0.46334
-0.491863   0.225432   0.483381
0.286256   -0.0174662   -0.239874
0.172913   0.382267   -0.265158
-0.325491   0.171001   -0.368648
-0.0736992   -0.397123   -0.0579095
-0.141804   -0.437347   -0.491767
-0.292874   0.0273552   0.180597
0.12708   0.199463   -0.174822
0.221875   -0.247753   -0.200023
-0.0270894   -0.25971   0.493497
-0.0841433   0.37215   -0.166119
-0.449823   0.233952   -0.187605
-0.341653   -0.106047   -0.322916
0.493885   -0.0283195   0.0027397
-0.341774   -0.152346   0.317154
-0.00753805   0.280859   -0.321617
0.291016   0.291402   -0.120248
0.176618   -0.181311   -0.00584465
-0.404698   0.325005   0.116917
-0.0265109   0.366243   0.484412
-0.286529   -0.0726696   -0.0172401
0.0863335   -0.114757   -0.379506
-0.182561   -0.137031   0.155885
0.315155   -0.400951   0.0451126
-0.339139   -0.425489   0.371857
0.197643   -0.0161756   0.120782
0.116219   -0.436453   0.0915005
-0.137538   -0.311252   0.300594
0.493735   0.000852157   -0.405424
0.0265962   0.0761967   -0.474753
0.483643   0.166222   0.150677
0.0549435   -0.314903   -0.305326
0.339497   -0.429431   -0.393809
0.44889   -0.361489   0.30981
-0.0751067   0.474276   0.288984
-0.253256   0.39383   0.289704
-0.0239775   0.266596   0.227358
-0.303508   0.321335   -0.082736
-0.265482   0.476268   -0.173097
-0.447147   -0.173824   0.481568
0.336981   0.335045   0.0878212
0.100688   0.350481   -0.0285518
-0.21872   0.215873   0.0981572
0.139459   0.420864   0.303274
-0.155728   -0.210043   -0.0231956
-0.200306   0.179535   0.300513
0.324532   0.448237   0.262144
-0.143174   0.222218   -0.448141
-0.486384   -0.37754   -0.470473
0.183569   0.223695   0.105044
0.0199231   0.0486388   -0.272901
-0.309024   -0.450247   -0.390547
0.0890302   -0.299452   0.263397
0.355661   -0.204207   0.395136
-0.36762   0.152173   0.023993
0.295668   0.111211   0.242161
-0.388178   0.247055   0.31228
