1.38363
1.38364
1.3836
1.38349
1.38335
1.38321
1.38309
1.38302
1.383
1.38303
1.3831
1.38317
1.38324
1.38331
1.38336
1.38339
1.38342
1.38342
1.38341
1.38339
1.38337
1.38335
1.38333
1.38332
1.38331
1.38332
1.38331
1.38331
1.38333
1.38334
1.38335
1.38336
1.38338
1.38341
1.38343
1.38347
1.38349
1.3835
1.38351
1.3835
1.38349
1.38346
1.38344
1.38342
1.38343
1.38345
1.3835
1.38358
1.38365
1.38372
1.38379
1.38382
1.38383
1.38382
1.3838
1.38373
1.38361
1.3834
1.38316
1.3829
1.38267
1.38253
1.38249
1.38255
1.38266
1.38277
1.38289
1.38298
1.38306
1.38314
1.3832
1.38326
1.38332
1.38338
1.38344
1.3835
1.38356
1.38362
1.38366
1.3837
1.38373
1.38375
1.38378
1.38384
1.38389
1.38397
1.38403
1.38403
1.38393
1.3837
1.38336
1.383
1.38271
1.38255
1.38252
1.38259
1.38271
1.38282
1.38294
1.38303
1.38309
1.38313
1.38315
1.38316
1.38318
1.38319
1.38321
1.38324
1.38328
1.38332
1.38337
1.38344
1.38349
1.38356
1.38362
1.38366
1.3837
1.38371
1.3837
1.38365
1.38358
1.38349
1.38339
1.3833
1.38323
1.38317
1.38313
1.3831
1.3831
1.38311
1.38317
1.38326
1.38338
1.38351
1.38364
1.38375
1.38381
1.38379
1.38367
1.38348
1.38323
1.38303
1.3829
1.38287
1.38291
1.383
1.38311
1.38322
1.38332
1.38341
1.38346
1.38351
1.38354
1.38355
1.38354
1.38352
1.3835
1.38347
1.38345
1.38344
1.38345
1.38348
1.38352
1.38357
1.38364
1.38373
1.38384
1.38396
1.38408
1.38414
1.38406
1.38379
1.38336
1.38289
1.38249
1.38229
1.38228
1.3824
1.38259
1.3828
1.38299
1.38314
1.38326
1.38336
1.38344
1.3835
1.38354
1.38357
1.3836
1.38361
1.3836
1.38358
1.38356
1.38353
1.3835
1.38345
1.3834
1.38335
1.38331
1.38325
1.38322
1.38318
1.38317
1.38317
1.38322
1.38327
1.38333
1.38339
1.38343
1.38345
1.38345
1.38344
1.38341
1.38339
1.38337
1.38335
1.38333
1.38329
1.38324
1.38319
1.38315
1.38312
1.38311
1.3831
1.38308
1.38306
1.38304
1.38302
1.38303
1.38304
1.38307
1.38312
1.38317
1.38323
1.38329
1.38333
1.38338
1.38341
1.38343
1.38345
1.38345
1.38346
1.38345
1.38346
1.38346
1.38347
1.38349
1.38352
1.38355
1.38359
1.38362
1.38364
1.38366
1.38368
1.38367
1.38365
1.38361
1.38355
1.38348
1.3834
1.38331
1.38323
1.38316
1.38313
1.38311
1.38312
1.38315
1.38319
1.38324
1.38329
1.38334
1.38341
1.38349
1.38359
1.3837
1.38384
1.38397
1.38404
1.38401
1.38386
1.3836
1.38328
1.38296
1.38273
1.38261
1.38259
1.38264
1.38273
1.38283
1.38293
1.38303
1.38312
1.38319
1.38324
1.38329
1.38332
1.38335
1.38336
1.38336
1.38336
1.38337
1.38336
1.38336
1.38336
1.38335
1.38334
1.38333
1.38332
1.3833
1.38329
1.38327
1.38327
1.38327
1.38327
1.38329
1.3833
1.38332
1.38336
1.38339
1.38343
1.38347
1.38351
1.38355
1.38356
1.38357
1.38358
1.38358
1.38358
1.38355
1.38353
1.38352
1.38348
1.38343
1.38334
1.38323
1.3831
1.38296
1.38286
1.38281
1.3828
1.38284
1.3829
1.38299
1.38308
1.38316
1.38323
1.38331
1.38338
1.38345
1.38352
1.38357
1.38363
1.38368
1.38374
1.38379
1.38382
1.38384
1.38385
1.38383
1.38381
1.38378
1.38374
1.38369
1.38365
1.38361
1.38356
1.3835
1.38342
1.38332
1.38321
1.38311
1.38303
1.38297
1.38294
1.38293
1.38296
1.38301
1.38305
1.3831
1.38315
1.38321
1.38327
1.3833
1.38332
1.38333
1.38332
1.38331
1.38327
1.38323
1.38318
1.38313
1.38309
1.38306
1.38305
1.38306
1.38308
1.38309
1.38311
1.38314
1.38317
1.38322
1.38326
1.38331
1.38336
1.38341
1.38346
1.38352
1.38356
1.38361
1.38363
1.38362
1.38359
1.38353
1.38344
1.38333
1.38323
1.38314
1.3831
1.38308
1.3831
1.38315
1.38323
1.38333
1.38344
1.38355
1.38365
1.38372
1.38374
1.38369
1.38358
1.38343
1.38328
1.38315
1.3831
1.38308
1.3831
1.38312
1.38313
1.38312
1.3831
1.38307
1.38305
1.38304
1.38304
1.38306
1.38308
1.38309
1.3831
1.38311
1.38312
1.38311
1.3831
1.38311
1.38311
1.38312
1.38312
1.38313
1.38315
1.38316
1.38318
1.38319
1.3832
1.38321
1.38322
1.38324
1.38325
1.38327
1.38328
1.3833
1.38331
1.38332
1.38334
1.38334
1.38334
1.38336
1.38337
1.38338
1.38339
1.38339
1.38339
1.3834
1.38341
1.38342
1.38343
1.38343
1.38344
1.38344
1.38343
1.3834
1.38335
1.38328
1.3832
1.38312
1.38305
1.383
1.38299
1.38301
1.38306
1.38313
1.38323
1.38335
1.38349
1.38362
1.38376
1.38386
1.38391
1.38387
1.38373
1.38352
1.38329
1.38306
1.3829
1.38281
1.38281
1.38285
1.38292
1.38301
1.38307
1.38312
1.38315
1.38316
1.38315
1.38314
1.38313
1.38312
1.38313
1.38314
1.38315
1.38316
1.38317
1.3832
1.38322
1.38326
1.38329
1.38332
1.38335
1.38337
1.38339
1.3834
1.3834
1.38339
1.38339
1.38338
1.38338
1.38337
1.38338
1.38341
1.38345
1.38352
1.38365
1.38379
1.38391
1.3839
1.38368
1.38326
1.38275
1.38234
1.38215
1.38216
1.38231
1.38252
1.38271
1.38288
1.38301
1.38311
1.38318
1.38325
1.38329
1.38332
1.38334
1.38337
1.38338
1.38339
1.38339
1.38338
1.38338
1.38338
1.38338
1.38337
1.38338
1.38338
1.38339
1.38341
1.38342
1.38342
1.38342
1.38339
1.38336
1.38332
1.38326
1.38322
1.38319
1.38317
1.38314
1.38312
1.3831
1.38308
1.38307
1.38306
1.38305
1.38305
1.38305
1.38306
1.38307
1.38308
1.38308
1.38309
1.3831
1.38311
1.38311
1.38312
1.38313
1.38313
1.38314
1.38315
1.38315
1.38317
1.3832
1.38323
1.38326
1.38328
1.38329
1.3833
1.3833
1.38329
1.38327
1.38325
1.38323
1.3832
1.38321
1.38323
1.38327
1.38334
1.38342
1.38351
1.38359
1.38366
1.3837
1.38369
1.38364
1.38355
1.3834
1.38323
1.38306
1.38294
1.38287
1.38286
1.38289
1.38294
1.38299
1.38303
1.38307
1.3831
1.3831
1.38311
1.38312
1.38313
1.38317
1.38321
1.38325
1.3833
1.38335
1.3834
1.38345
1.38349
1.38355
1.38362
1.38368
1.38372
1.38371
1.38366
1.38355
1.38337
1.38318
1.38297
1.38281
1.38271
1.38268
1.38272
1.38281
1.38292
1.38304
1.38316
1.38327
1.38338
1.38347
1.38356
1.38363
1.3837
1.38375
1.38379
1.38379
1.38377
1.3837
1.38359
1.38346
1.38331
1.38316
1.38303
1.38293
1.38289
1.38289
1.38293
1.38299
1.38307
1.38316
1.38326
1.38335
1.38343
1.38349
1.38352
1.38353
1.38351
1.38349
1.38344
1.38338
1.38333
1.38328
1.38324
1.38322
1.38322
1.38324
1.38327
1.38332
1.38336
1.38341
1.38347
1.38355
1.38364
1.38375
1.38387
1.38397
1.38405
1.38408
1.38403
1.38394
1.38379
1.38362
1.38344
1.38329
1.38317
1.38309
1.38304
1.38299
1.38297
1.38298
1.38298
1.38301
1.38304
1.38308
1.38314
1.38323
1.38336
1.38354
1.38375
1.384
1.38424
1.38436
1.38423
1.38383
1.38323
1.38268
1.38236
1.38232
1.38247
1.38271
1.38295
1.38316
1.38334
1.3835
1.38363
1.38375
1.38386
1.38397
1.38406
1.38414
1.38418
1.3842
1.38417
1.38411
1.38399
1.38385
1.38367
1.38347
1.38329
1.38313
1.38302
1.38296
1.38296
1.38298
1.38303
1.3831
1.38317
1.38322
1.38327
1.3833
1.38333
1.38333
1.38332
1.38331
1.38329
1.38328
1.38327
1.38329
1.38332
1.38337
1.38344
1.38352
1.38362
1.38373
1.38385
1.38396
1.38406
1.38415
1.38419
1.38415
1.38397
1.38367
1.38328
1.3829
1.38262
1.38251
1.38254
1.38265
1.38281
1.38296
1.38308
1.38318
1.38326
1.3833
1.38332
1.38333
1.38332
1.38331
1.3833
1.38328
1.38327
1.38328
1.38329
1.38332
1.38337
1.38343
1.38351
1.38363
1.3838
1.38401
1.3843
1.38466
1.38508
1.3855
1.38571
1.38541
1.38443
1.38302
1.38184
1.38132
1.38139
1.38177
1.38218
1.38253
1.38279
1.38297
1.38311
1.3832
1.38327
1.38331
1.38335
1.38339
1.38342
1.38344
1.38346
1.38347
1.38348
1.38349
1.38348
1.38349
1.38348
1.38347
1.38345
1.38343
1.38343
1.38341
1.3834
1.38339
1.38337
1.38335
1.38333
1.38332
1.3833
1.38331
1.38332
1.38336
1.38341
1.38351
1.38363
1.38378
1.38396
1.38414
1.38433
1.38445
1.38451
1.38447
1.38432
1.38407
1.38375
1.38339
1.38302
1.38272
1.3825
1.38242
1.38247
1.38261
1.38278
1.38297
1.38313
1.38324
1.38331
1.38334
1.38334
1.38334
1.38334
1.38334
1.38338
1.38343
1.38348
1.38354
1.3836
1.38363
1.38364
1.38364
1.38362
1.3836
1.38356
1.38352
1.3835
1.38349
1.3835
1.38351
1.38353
1.38356
1.38359
1.38362
1.38364
1.38363
1.38359
1.38354
1.38345
1.38334
1.3832
1.38309
1.38301
1.38297
1.38296
1.38299
1.38305
1.38312
1.38317
1.38323
1.3833
1.38336
1.3834
1.38343
1.38346
1.38349
1.38351
1.38352
1.38352
1.38352
1.38351
1.3835
1.38347
1.38344
1.38343
1.38341
1.3834
1.3834
1.38341
1.38342
1.38344
1.38347
1.38351
1.38356
1.3836
1.38362
1.3836
1.38354
1.38342
1.3833
1.38317
1.38308
1.38303
1.38304
1.38306
1.38312
1.38318
1.38323
1.38327
1.38329
1.38331
1.38331
