1.19849
1.19677
1.19518
1.19406
1.19375
1.19442
1.196
1.19825
1.20081
1.20332
1.20552
1.20725
1.20848
1.20923
1.20959
1.20964
1.20951
1.20927
1.20903
1.20884
1.20875
1.20877
1.20889
1.20909
1.20934
1.20961
1.20989
1.21016
1.2104
1.2106
1.21076
1.21084
1.21083
1.21069
1.21038
1.2099
1.20925
1.20845
1.20757
1.20668
1.20586
1.20518
1.20466
1.20429
1.20399
1.20361
1.203
1.20201
1.20054
1.19857
1.19615
1.19339
1.19043
1.18743
1.18454
1.18197
1.18003
1.17914
1.17974
1.1821
1.18615
1.19144
1.19729
1.20307
1.20831
1.21279
1.21647
1.21944
1.22181
1.22367
1.22509
1.2261
1.22669
1.22684
1.22656
1.22584
1.22468
1.22314
1.22125
1.21908
1.21669
1.21413
1.21139
1.2084
1.20506
1.20127
1.19702
1.19254
1.18835
1.18525
1.18407
1.18526
1.18866
1.19358
1.19912
1.20452
1.20932
1.21334
1.2166
1.21922
1.22135
1.22314
1.22472
1.22618
1.22756
1.22889
1.23013
1.23124
1.23214
1.23279
1.2331
1.23305
1.23259
1.23171
1.23042
1.22874
1.22676
1.22457
1.22236
1.22031
1.21863
1.2175
1.217
1.21714
1.21785
1.21902
1.22054
1.22229
1.22413
1.22591
1.22744
1.2285
1.22889
1.22845
1.2271
1.22491
1.22212
1.21918
1.21667
1.2152
1.21517
1.21661
1.21916
1.22227
1.22535
1.22796
1.22986
1.23098
1.23134
1.23107
1.23029
1.22915
1.22781
1.22638
1.22499
1.22371
1.22258
1.22161
1.22078
1.22003
1.21928
1.21845
1.21745
1.21619
1.21455
1.21238
1.20952
1.20582
1.20125
1.19599
1.19068
1.18639
1.18435
1.1854
1.18949
1.19566
1.2026
1.20916
1.21465
1.21884
1.22173
1.22349
1.22432
1.22438
1.22384
1.22284
1.22148
1.21986
1.21806
1.21616
1.21423
1.21234
1.21055
1.20891
1.20748
1.20629
1.20538
1.20477
1.20449
1.20454
1.2049
1.2055
1.20624
1.20699
1.20758
1.20788
1.2078
1.20731
1.20646
1.20539
1.20422
1.20311
1.20212
1.20129
1.2006
1.20005
1.19968
1.19953
1.19966
1.2001
1.20081
1.20174
1.20281
1.20397
1.20524
1.20662
1.20816
1.20982
1.21156
1.21328
1.21484
1.21615
1.21713
1.21773
1.21797
1.21785
1.21744
1.2168
1.21599
1.21506
1.21406
1.21302
1.21194
1.21083
1.20967
1.20842
1.20704
1.20551
1.20379
1.20186
1.19971
1.19736
1.19484
1.1922
1.18954
1.18694
1.18454
1.18247
1.18083
1.17973
1.17921
1.17924
1.17976
1.18062
1.18168
1.18276
1.18374
1.18449
1.18495
1.18508
1.18487
1.18425
1.18316
1.18147
1.17901
1.17566
1.17141
1.16646
1.1613
1.15669
1.15346
1.15223
1.15319
1.15601
1.16004
1.16456
1.16898
1.17292
1.1762
1.17877
1.18065
1.18193
1.18269
1.18303
1.18304
1.18279
1.18235
1.18179
1.18116
1.18049
1.17981
1.17915
1.17852
1.17793
1.17739
1.17691
1.17652
1.17621
1.17601
1.17592
1.17593
1.17602
1.17617
1.17634
1.17649
1.17655
1.17648
1.17624
1.1758
1.17512
1.17421
1.17306
1.17169
1.17016
1.1685
1.16677
1.16505
1.16337
1.16177
1.16027
1.15889
1.15768
1.15673
1.15622
1.15636
1.15735
1.15923
1.16192
1.16517
1.16866
1.17206
1.17513
1.17771
1.17974
1.18121
1.18214
1.18258
1.18256
1.18211
1.18125
1.17998
1.17833
1.17628
1.17386
1.17108
1.16801
1.16471
1.16128
1.15786
1.15454
1.15142
1.14856
1.14596
1.14361
1.14151
1.13968
1.13821
1.1372
1.13679
1.13706
1.13801
1.13958
1.14162
1.14394
1.14633
1.14863
1.1507
1.15245
1.15382
1.15481
1.15543
1.15571
1.1557
1.15547
1.15513
1.15475
1.15446
1.15434
1.15448
1.15493
1.15569
1.15673
1.15799
1.15938
1.16082
1.16223
1.16353
1.16469
1.16565
1.16641
1.16692
1.16718
1.16716
1.16684
1.16619
1.1652
1.16385
1.16216
1.16015
1.15793
1.15561
1.15337
1.15143
1.14998
1.14918
1.14907
1.14959
1.15056
1.15176
1.15291
1.1538
1.15422
1.15404
1.15316
1.15155
1.14921
1.14629
1.14303
1.13981
1.13709
1.13524
1.13446
1.13464
1.13547
1.13656
1.13761
1.13848
1.13921
1.13991
1.14071
1.1417
1.14288
1.1442
1.14554
1.14685
1.14806
1.14914
1.15013
1.15104
1.15192
1.15278
1.15364
1.1545
1.15536
1.15621
1.15702
1.15779
1.1585
1.15913
1.15968
1.16015
1.16052
1.16081
1.161
1.1611
1.16111
1.16103
1.16087
1.16062
1.16028
1.15985
1.15934
1.15875
1.15808
1.15735
1.15655
1.15571
1.15482
1.1539
1.15294
1.15196
1.15093
1.14985
1.14872
1.14754
1.14632
1.14509
1.14392
1.1429
1.14215
1.14179
1.1419
1.14253
1.14365
1.14515
1.14688
1.14862
1.15016
1.15129
1.15181
1.15158
1.15045
1.14838
1.14536
1.14154
1.1372
1.1328
1.12893
1.12616
1.12491
1.12525
1.12692
1.12943
1.13224
1.13493
1.13725
1.13909
1.14046
1.14145
1.14217
1.14274
1.14328
1.14386
1.14452
1.14526
1.14605
1.14683
1.14757
1.14821
1.14874
1.14914
1.14938
1.14945
1.14933
1.14902
1.14854
1.14792
1.14718
1.14639
1.14557
1.14475
1.14394
1.14314
1.14234
1.14154
1.14071
1.1398
1.13869
1.13717
1.13497
1.13187
1.12785
1.12342
1.11964
1.11795
1.1194
1.12401
1.13074
1.13809
1.14488
1.15045
1.15468
1.15769
1.15973
1.16101
1.16175
1.16206
1.16207
1.16183
1.1614
1.16081
1.1601
1.15931
1.15848
1.15764
1.15682
1.15606
1.15535
1.15468
1.15403
1.15336
1.15265
1.15186
1.15101
1.15013
1.14928
1.14856
1.14802
1.14775
1.14776
1.14805
1.14859
1.14933
1.15022
1.15123
1.15234
1.15354
1.15484
1.15623
1.1577
1.15923
1.16078
1.16234
1.16386
1.16534
1.16675
1.16809
1.16936
1.17058
1.17174
1.17286
1.17395
1.17501
1.17603
1.17702
1.17793
1.17876
1.17947
1.18006
1.1805
1.18082
1.18103
1.18117
1.18131
1.1815
1.18181
1.18227
1.18291
1.18367
1.18449
1.18524
1.18578
1.18597
1.18569
1.18487
1.18346
1.18153
1.17921
1.17671
1.17434
1.17244
1.17137
1.17135
1.17246
1.17454
1.17729
1.18032
1.1833
1.186
1.18833
1.19031
1.19201
1.19356
1.19504
1.19648
1.1979
1.19924
1.20044
1.20143
1.20215
1.20257
1.20267
1.20244
1.20188
1.20097
1.19968
1.19797
1.19586
1.19343
1.19086
1.18847
1.18664
1.18577
1.18617
1.18795
1.19099
1.19494
1.19932
1.20367
1.2076
1.21085
1.21331
1.21494
1.21578
1.21591
1.21538
1.21427
1.21265
1.21057
1.20812
1.20539
1.20255
1.19977
1.19731
1.19541
1.19431
1.19417
1.19506
1.19688
1.19945
1.20251
1.20577
1.20894
1.2118
1.21418
1.21598
1.21715
1.21772
1.21774
1.21732
1.2166
1.21573
1.21488
1.2142
1.2138
1.21376
1.21409
1.21476
1.21568
1.21674
1.21783
1.21882
1.21963
1.2202
1.22048
1.22044
1.22003
1.21916
1.21773
1.21561
1.21272
1.20903
1.20467
1.19991
1.19514
1.19085
1.18742
1.18512
1.184
1.18397
1.18485
1.18644
1.18855
1.19101
1.19367
1.19639
1.19909
1.20167
1.20408
1.20623
1.20803
1.20935
1.20999
1.20966
1.20804
1.20485
1.20001
1.1939
1.1877
1.18317
1.18203
1.18485
1.19073
1.19789
1.20468
1.21016
1.21404
1.21638
1.21741
1.21732
1.21626
1.21435
1.21164
1.20817
1.20403
1.19931
1.19418
1.18884
1.18354
1.17857
1.17418
1.17065
1.16821
1.16701
1.16711
1.1684
1.17065
1.1735
1.1766
1.17964
1.18243
1.18486
1.18689
1.18853
1.18983
1.19086
1.1917
1.19243
1.19314
1.19392
1.19479
1.19577
1.19681
1.19783
1.19874
1.1994
1.19969
1.19951
1.19874
1.1973
1.19511
1.19215
1.1884
1.18397
1.17907
1.17416
1.16992
1.16724
1.16688
1.16914
1.17363
1.17944
1.18556
1.19119
1.19591
1.1996
1.20235
1.20434
1.20577
1.20683
1.20766
1.2084
1.20913
1.20991
1.21078
1.21174
1.21278
1.21386
1.21493
1.21589
1.21665
1.21707
1.217
1.21623
1.21451
1.21153
1.2069
1.20013
1.19072
1.17842
1.16382
1.14918
1.1386
1.13615
1.14274
1.15528
1.16931
1.18178
1.19155
1.19872
1.20381
1.20739
1.20988
1.2116
1.21277
1.21354
1.214
1.21422
1.21425
1.21412
1.21387
1.21352
1.21308
1.21259
1.21205
1.21151
1.21097
1.21048
1.21004
1.2097
1.20945
1.2093
1.20927
1.20934
1.20953
1.20982
1.21022
1.21073
1.21132
1.21195
1.21256
1.21303
1.21321
1.21291
1.21191
1.20999
1.20696
1.20268
1.19715
1.19057
1.18331
1.17599
1.16929
1.16391
1.16041
1.15916
1.16035
1.16384
1.16914
1.17546
1.18192
1.18779
1.1926
1.19618
1.19862
1.20013
1.20102
1.20155
1.20197
1.2024
1.20286
1.2033
1.20361
1.20368
1.20342
1.20279
1.2018
1.20049
1.19896
1.19736
1.19581
1.19443
1.19328
1.19237
1.19165
1.19103
1.19041
1.1897
1.18883
1.18777
1.18652
1.18509
1.18355
1.18197
1.18049
1.17929
1.17857
1.17854
1.17934
1.18098
1.18332
1.18612
1.18909
1.19196
1.19455
1.19675
1.1985
1.19981
1.20071
1.20124
1.20145
1.20138
1.20106
1.20055
1.19987
1.19907
1.19821
1.19732
1.19646
1.19567
1.195
1.19446
1.19407
1.19381
1.19365
1.19355
1.19346
1.19331
1.19303
1.19257
1.19188
1.1909
1.18966
1.18824
1.18682
1.18566
1.18509
1.18534
1.1865
1.18844
1.19087
1.19343
1.19584
1.19794
1.19965
1.20101
1.20205
1.20284
1.20347
1.20404
