1.79774
1.79516
1.79277
1.7911
1.79063
1.79162
1.794
1.79738
1.80122
1.80499
1.80828
1.81088
1.81272
1.81385
1.81438
1.81446
1.81426
1.81391
1.81355
1.81327
1.81313
1.81315
1.81333
1.81363
1.81401
1.81442
1.81484
1.81524
1.8156
1.8159
1.81614
1.81627
1.81625
1.81603
1.81558
1.81486
1.81388
1.81268
1.81136
1.81002
1.80879
1.80776
1.80699
1.80644
1.80598
1.80541
1.8045
1.80302
1.80082
1.79786
1.79423
1.79009
1.78565
1.78114
1.77681
1.77295
1.77004
1.76871
1.76961
1.77315
1.77923
1.78716
1.79594
1.80461
1.81247
1.81918
1.8247
1.82916
1.83271
1.83551
1.83764
1.83915
1.84003
1.84027
1.83984
1.83876
1.83703
1.83471
1.83187
1.82861
1.82503
1.82119
1.81708
1.8126
1.8076
1.80191
1.79553
1.78881
1.78252
1.77788
1.77611
1.77789
1.78299
1.79037
1.79868
1.80679
1.81398
1.82001
1.8249
1.82883
1.83202
1.83471
1.83708
1.83927
1.84135
1.84333
1.8452
1.84686
1.84822
1.84918
1.84965
1.84957
1.84888
1.84756
1.84562
1.84311
1.84013
1.83686
1.83354
1.83046
1.82795
1.82625
1.8255
1.82571
1.82677
1.82853
1.83081
1.83343
1.8362
1.83887
1.84116
1.84276
1.84334
1.84268
1.84066
1.83737
1.83318
1.82876
1.82501
1.8228
1.82276
1.82491
1.82874
1.8334
1.83802
1.84194
1.84479
1.84647
1.84702
1.8466
1.84543
1.84373
1.84171
1.83957
1.83748
1.83556
1.83387
1.83242
1.83117
1.83004
1.82891
1.82767
1.82617
1.82428
1.82182
1.81857
1.81428
1.80874
1.80187
1.79399
1.78603
1.77959
1.77653
1.77811
1.78424
1.7935
1.8039
1.81373
1.82198
1.82825
1.8326
1.83524
1.83647
1.83657
1.83577
1.83426
1.83222
1.82979
1.82709
1.82424
1.82135
1.81851
1.81582
1.81337
1.81122
1.80943
1.80807
1.80716
1.80674
1.80682
1.80735
1.80825
1.80937
1.81048
1.81137
1.81182
1.8117
1.81096
1.80969
1.80808
1.80634
1.80467
1.80319
1.80193
1.8009
1.80008
1.79952
1.79929
1.79949
1.80015
1.80122
1.80261
1.80421
1.80596
1.80786
1.80994
1.81223
1.81473
1.81735
1.81991
1.82226
1.82423
1.82569
1.8266
1.82695
1.82678
1.82617
1.8252
1.82398
1.82259
1.82109
1.81952
1.81792
1.81625
1.8145
1.81263
1.81057
1.80827
1.80568
1.80279
1.79956
1.79604
1.79226
1.7883
1.7843
1.78041
1.77681
1.7737
1.77125
1.7696
1.76881
1.76886
1.76963
1.77093
1.77251
1.77414
1.7756
1.77673
1.77742
1.77763
1.7773
1.77638
1.77474
1.7722
1.76851
1.76348
1.75711
1.74969
1.74196
1.73504
1.73019
1.72835
1.72978
1.73402
1.74006
1.74684
1.75347
1.75938
1.7643
1.76815
1.77098
1.77289
1.77404
1.77455
1.77456
1.77418
1.77352
1.77268
1.77173
1.77073
1.76972
1.76873
1.76778
1.76689
1.76608
1.76537
1.76478
1.76432
1.76401
1.76387
1.76389
1.76403
1.76426
1.76452
1.76473
1.76482
1.76472
1.76436
1.76369
1.76268
1.76131
1.75959
1.75754
1.75524
1.75274
1.75016
1.74757
1.74505
1.74266
1.74041
1.73834
1.73651
1.73509
1.73433
1.73455
1.73602
1.73885
1.74288
1.74776
1.75299
1.75809
1.76269
1.76656
1.76961
1.77181
1.77321
1.77387
1.77384
1.77316
1.77187
1.76998
1.76749
1.76442
1.76079
1.75663
1.75201
1.74706
1.74193
1.73679
1.73181
1.72713
1.72284
1.71894
1.71542
1.71226
1.70952
1.70731
1.7058
1.70519
1.70558
1.70702
1.70937
1.71243
1.7159
1.7195
1.72294
1.72605
1.72867
1.73073
1.73222
1.73314
1.73356
1.73355
1.73321
1.73269
1.73213
1.73168
1.73151
1.73172
1.73239
1.73354
1.7351
1.73699
1.73908
1.74123
1.74334
1.7453
1.74703
1.74848
1.74961
1.75038
1.75077
1.75074
1.75025
1.74928
1.74779
1.74577
1.74323
1.74023
1.73689
1.73341
1.73006
1.72715
1.72498
1.72377
1.7236
1.72438
1.72584
1.72763
1.72937
1.7307
1.73133
1.73106
1.72975
1.72732
1.72382
1.71943
1.71454
1.70972
1.70563
1.70287
1.70169
1.70196
1.7032
1.70483
1.70641
1.70772
1.70882
1.70986
1.71107
1.71256
1.71433
1.71629
1.71832
1.72027
1.72208
1.72372
1.7252
1.72656
1.72787
1.72916
1.73045
1.73175
1.73304
1.73431
1.73553
1.73669
1.73775
1.7387
1.73953
1.74022
1.74079
1.74121
1.7415
1.74165
1.74167
1.74155
1.7413
1.74092
1.74041
1.73977
1.73901
1.73812
1.73712
1.73602
1.73483
1.73356
1.73223
1.73085
1.72942
1.72793
1.72639
1.72478
1.72309
1.72131
1.71947
1.71763
1.71587
1.71435
1.71323
1.71268
1.71285
1.7138
1.71548
1.71773
1.72032
1.72293
1.72524
1.72693
1.72772
1.72736
1.72568
1.72257
1.71804
1.71231
1.7058
1.6992
1.69339
1.68924
1.68736
1.68788
1.69038
1.69414
1.69836
1.7024
1.70587
1.70863
1.71069
1.71218
1.71326
1.71411
1.71491
1.71578
1.71678
1.71789
1.71907
1.72025
1.72135
1.72232
1.72312
1.72371
1.72407
1.72417
1.72399
1.72353
1.72281
1.72187
1.72078
1.71958
1.71835
1.71712
1.71591
1.71471
1.71351
1.71231
1.71107
1.7097
1.70803
1.70575
1.70246
1.6978
1.69178
1.68512
1.67946
1.67692
1.6791
1.68602
1.6961
1.70714
1.71732
1.72568
1.73202
1.73654
1.73959
1.74152
1.74262
1.7431
1.74311
1.74275
1.7421
1.74121
1.74015
1.73897
1.73772
1.73646
1.73524
1.73409
1.73302
1.73202
1.73105
1.73005
1.72897
1.72779
1.72651
1.72519
1.72392
1.72283
1.72204
1.72162
1.72164
1.72207
1.72288
1.72399
1.72533
1.72684
1.72851
1.73032
1.73227
1.73435
1.73655
1.73884
1.74117
1.74351
1.74579
1.748
1.75012
1.75213
1.75404
1.75586
1.75761
1.75929
1.76092
1.76251
1.76405
1.76552
1.7669
1.76814
1.76921
1.77008
1.77075
1.77122
1.77154
1.77176
1.77196
1.77225
1.77271
1.77341
1.77436
1.77551
1.77673
1.77785
1.77867
1.77896
1.77854
1.7773
1.77519
1.7723
1.76881
1.76506
1.76151
1.75867
1.75705
1.75703
1.75869
1.76181
1.76594
1.77048
1.77495
1.779
1.7825
1.78546
1.78802
1.79035
1.79256
1.79473
1.79685
1.79885
1.80065
1.80214
1.80322
1.80385
1.804
1.80366
1.80283
1.80146
1.79952
1.79696
1.7938
1.79015
1.78629
1.7827
1.77995
1.77865
1.77925
1.78193
1.78649
1.79241
1.79898
1.80551
1.8114
1.81628
1.81996
1.82241
1.82367
1.82386
1.82307
1.82141
1.81897
1.81585
1.81217
1.80809
1.80382
1.79966
1.79596
1.79311
1.79146
1.79126
1.79259
1.79532
1.79918
1.80377
1.80865
1.81341
1.81771
1.82128
1.82397
1.82573
1.82658
1.82661
1.82598
1.8249
1.8236
1.82233
1.8213
1.8207
1.82064
1.82113
1.82214
1.82352
1.82512
1.82674
1.82823
1.82945
1.8303
1.83073
1.83067
1.83005
1.82874
1.82659
1.82342
1.81908
1.81355
1.80701
1.79986
1.79271
1.78627
1.78114
1.77768
1.77601
1.77596
1.77728
1.77967
1.78283
1.78651
1.7905
1.79459
1.79863
1.80251
1.80611
1.80934
1.81205
1.81403
1.81498
1.81448
1.81207
1.80728
1.80001
1.79085
1.78154
1.77476
1.77304
1.77728
1.7861
1.79683
1.80702
1.81525
1.82106
1.82457
1.82611
1.82597
1.8244
1.82152
1.81745
1.81226
1.80604
1.79897
1.79127
1.78326
1.77531
1.76785
1.76127
1.75598
1.75231
1.75052
1.75066
1.75261
1.75597
1.76025
1.76489
1.76946
1.77365
1.77729
1.78033
1.78279
1.78475
1.78629
1.78755
1.78864
1.78972
1.79087
1.79218
1.79365
1.79521
1.79675
1.79811
1.7991
1.79954
1.79927
1.79811
1.79595
1.79267
1.78822
1.78261
1.77596
1.76861
1.76123
1.75488
1.75086
1.75032
1.75371
1.76044
1.76916
1.77834
1.78679
1.79386
1.7994
1.80353
1.80651
1.80866
1.81024
1.8115
1.8126
1.81369
1.81487
1.81617
1.81761
1.81917
1.82079
1.82239
1.82384
1.82497
1.82561
1.8255
1.82434
1.82176
1.8173
1.81035
1.80019
1.78608
1.76764
1.74574
1.72378
1.7079
1.70423
1.71411
1.73291
1.75397
1.77267
1.78732
1.79807
1.80572
1.81108
1.81482
1.8174
1.81916
1.82031
1.821
1.82133
1.82137
1.82119
1.82081
1.82028
1.81963
1.81888
1.81808
1.81726
1.81646
1.81571
1.81507
1.81454
1.81417
1.81395
1.8139
1.81401
1.81429
1.81473
1.81533
1.81609
1.81698
1.81793
1.81885
1.81955
1.81982
1.81937
1.81787
1.81499
1.81044
1.80402
1.79573
1.78585
1.77497
1.76399
1.75394
1.74587
1.74061
1.73875
1.74053
1.74576
1.7537
1.76318
1.77288
1.78168
1.7889
1.79428
1.79793
1.8002
1.80152
1.80233
1.80296
1.8036
1.80429
1.80494
1.80541
1.80551
1.80513
1.80419
1.80269
1.80073
1.79845
1.79604
1.79371
1.79164
1.78992
1.78855
1.78747
1.78655
1.78562
1.78455
1.78325
1.78166
1.77977
1.77764
1.77532
1.77296
1.77074
1.76893
1.76785
1.76781
1.76902
1.77147
1.77498
1.77918
1.78363
1.78794
1.79183
1.79512
1.79775
1.79972
1.80107
1.80186
1.80218
1.80207
1.80159
1.80082
1.7998
1.79861
1.79731
1.79598
1.79469
1.79351
1.7925
1.7917
1.79111
1.79072
1.79048
1.79033
1.79019
1.78996
1.78955
1.78886
1.78781
1.78635
1.78449
1.78236
1.78023
1.77849
1.77763
1.77801
1.77975
1.78267
1.7863
1.79014
1.79376
1.7969
1.79948
1.80151
1.80307
1.80426
1.80521
1.80606
