-0.414108
-0.41152
-0.409171
-0.407602
-0.407276
-0.408408
-0.410915
-0.414362
-0.418217
-0.421955
-0.425181
-0.427706
-0.429481
-0.430536
-0.431022
-0.43107
-0.430834
-0.430486
-0.430137
-0.42988
-0.429761
-0.429802
-0.430001
-0.430308
-0.430694
-0.431105
-0.431526
-0.431922
-0.432261
-0.432564
-0.432787
-0.432903
-0.432862
-0.432625
-0.432142
-0.431383
-0.430386
-0.429184
-0.427853
-0.426517
-0.4253
-0.424307
-0.423551
-0.423019
-0.422547
-0.421964
-0.420996
-0.419435
-0.417168
-0.414139
-0.410441
-0.406263
-0.401816
-0.39732
-0.393008
-0.389216
-0.386431
-0.385304
-0.386451
-0.390258
-0.396557
-0.404626
-0.413449
-0.422057
-0.429811
-0.43641
-0.441817
-0.446178
-0.449648
-0.452367
-0.454444
-0.455893
-0.456713
-0.456887
-0.456401
-0.455256
-0.453467
-0.451088
-0.44821
-0.444918
-0.441308
-0.437442
-0.433296
-0.428765
-0.423703
-0.417936
-0.411504
-0.404777
-0.398591
-0.394178
-0.392749
-0.394895
-0.400279
-0.407817
-0.416156
-0.424196
-0.431275
-0.43719
-0.441964
-0.445799
-0.448935
-0.451584
-0.453932
-0.456103
-0.45817
-0.460146
-0.461986
-0.46362
-0.464938
-0.46586
-0.466284
-0.466133
-0.465388
-0.464007
-0.462005
-0.459453
-0.456436
-0.453147
-0.449837
-0.446811
-0.444368
-0.442752
-0.442103
-0.442402
-0.443539
-0.445363
-0.447681
-0.45033
-0.453099
-0.455756
-0.457991
-0.459497
-0.459964
-0.45917
-0.457019
-0.45362
-0.449374
-0.444978
-0.441333
-0.439329
-0.439524
-0.441882
-0.445841
-0.450531
-0.455111
-0.458938
-0.461681
-0.46325
-0.463692
-0.463195
-0.461969
-0.460218
-0.458169
-0.456027
-0.453946
-0.452044
-0.450369
-0.448948
-0.447723
-0.446599
-0.445459
-0.444188
-0.442657
-0.440717
-0.438182
-0.434841
-0.430445
-0.424773
-0.417784
-0.40985
-0.401969
-0.3958
-0.393164
-0.39522
-0.401745
-0.41121
-0.421617
-0.431331
-0.439384
-0.44545
-0.449607
-0.452099
-0.45321
-0.453208
-0.452324
-0.450767
-0.448687
-0.446221
-0.443494
-0.440633
-0.437745
-0.434924
-0.432255
-0.429836
-0.42772
-0.425986
-0.424663
-0.423806
-0.42343
-0.423564
-0.424131
-0.425072
-0.4262
-0.427311
-0.428155
-0.428555
-0.42837
-0.427568
-0.426267
-0.424624
-0.422886
-0.421223
-0.419775
-0.418541
-0.417533
-0.41673
-0.41619
-0.41601
-0.416254
-0.416955
-0.418068
-0.419486
-0.421103
-0.422865
-0.424776
-0.426879
-0.429196
-0.431715
-0.43432
-0.436871
-0.43919
-0.44111
-0.442523
-0.443371
-0.443659
-0.443443
-0.44279
-0.441795
-0.440554
-0.439141
-0.437638
-0.436069
-0.434462
-0.432794
-0.431046
-0.429155
-0.427072
-0.424748
-0.42213
-0.4192
-0.415948
-0.412398
-0.408594
-0.404624
-0.400635
-0.396767
-0.393208
-0.39015
-0.387768
-0.386201
-0.385502
-0.385633
-0.386474
-0.387802
-0.389402
-0.391019
-0.392453
-0.393545
-0.394186
-0.394336
-0.393955
-0.392971
-0.391252
-0.388607
-0.384803
-0.379641
-0.373135
-0.365649
-0.357945
-0.351179
-0.346583
-0.345071
-0.346824
-0.351286
-0.357453
-0.364251
-0.370824
-0.376655
-0.381467
-0.385216
-0.387944
-0.389773
-0.390848
-0.391304
-0.39127
-0.390856
-0.390177
-0.389327
-0.388376
-0.387367
-0.386349
-0.385364
-0.384423
-0.383536
-0.382736
-0.382035
-0.381445
-0.380997
-0.380713
-0.380586
-0.380615
-0.380767
-0.380995
-0.381242
-0.381437
-0.38152
-0.381395
-0.381004
-0.380305
-0.37925
-0.37784
-0.376077
-0.373997
-0.371673
-0.369178
-0.366584
-0.363988
-0.361477
-0.359105
-0.356881
-0.354821
-0.353033
-0.351659
-0.350982
-0.351314
-0.352922
-0.355887
-0.360026
-0.364953
-0.370188
-0.37525
-0.379788
-0.383571
-0.386531
-0.388657
-0.389981
-0.390556
-0.390454
-0.389707
-0.388348
-0.386404
-0.383862
-0.380742
-0.377046
-0.372839
-0.368187
-0.36322
-0.358077
-0.352952
-0.348001
-0.343354
-0.339103
-0.335245
-0.331764
-0.328658
-0.325961
-0.323809
-0.32238
-0.321862
-0.32237
-0.323908
-0.326349
-0.329467
-0.332968
-0.336561
-0.33998
-0.343035
-0.345613
-0.347634
-0.349065
-0.349928
-0.35029
-0.350242
-0.34989
-0.349354
-0.348804
-0.348377
-0.348238
-0.348492
-0.349214
-0.350404
-0.35201
-0.353927
-0.356028
-0.358179
-0.360266
-0.362211
-0.363919
-0.365341
-0.366434
-0.367164
-0.367504
-0.367426
-0.366894
-0.365875
-0.364339
-0.362255
-0.359674
-0.356625
-0.353267
-0.349792
-0.346469
-0.343617
-0.341534
-0.340436
-0.340373
-0.341237
-0.342746
-0.344553
-0.346269
-0.347545
-0.348099
-0.347733
-0.346307
-0.343767
-0.340168
-0.335711
-0.330799
-0.326024
-0.322048
-0.319436
-0.318412
-0.318809
-0.320102
-0.321752
-0.323308
-0.324598
-0.325681
-0.326743
-0.327969
-0.329488
-0.331274
-0.33325
-0.335278
-0.337218
-0.339007
-0.340628
-0.342094
-0.343451
-0.344759
-0.346054
-0.347349
-0.348638
-0.349926
-0.351189
-0.352409
-0.353551
-0.354599
-0.355541
-0.35635
-0.357034
-0.357588
-0.357996
-0.35828
-0.358414
-0.358415
-0.358286
-0.35802
-0.357622
-0.357101
-0.356451
-0.35567
-0.354782
-0.353779
-0.352664
-0.351461
-0.350184
-0.348846
-0.347459
-0.346027
-0.344534
-0.342983
-0.341366
-0.339661
-0.33788
-0.336032
-0.334193
-0.332448
-0.330953
-0.329876
-0.329399
-0.329649
-0.330677
-0.332421
-0.334727
-0.337329
-0.339918
-0.342173
-0.343797
-0.34449
-0.344013
-0.342192
-0.338942
-0.334281
-0.328447
-0.321887
-0.315331
-0.309659
-0.305716
-0.304075
-0.304813
-0.307482
-0.311325
-0.315545
-0.319541
-0.322948
-0.325624
-0.32762
-0.329058
-0.330105
-0.330951
-0.331762
-0.332648
-0.333654
-0.334775
-0.335949
-0.337105
-0.338198
-0.33916
-0.339948
-0.340512
-0.340844
-0.340911
-0.340702
-0.340209
-0.339465
-0.338504
-0.337386
-0.336183
-0.334952
-0.333737
-0.332523
-0.331329
-0.330139
-0.328937
-0.327687
-0.326297
-0.324586
-0.322232
-0.318811
-0.314011
-0.307872
-0.301225
-0.295778
-0.293662
-0.296345
-0.303671
-0.313957
-0.324977
-0.335006
-0.343163
-0.349306
-0.353662
-0.356575
-0.358413
-0.359437
-0.359849
-0.359819
-0.35943
-0.358752
-0.357842
-0.356769
-0.355581
-0.354329
-0.353077
-0.351861
-0.350704
-0.349643
-0.348648
-0.347667
-0.346664
-0.34558
-0.344377
-0.343087
-0.341766
-0.340505
-0.339441
-0.338676
-0.338305
-0.338373
-0.338849
-0.339688
-0.340824
-0.342184
-0.343723
-0.345408
-0.347235
-0.349199
-0.351294
-0.353503
-0.355791
-0.358121
-0.360447
-0.362723
-0.364928
-0.367036
-0.369043
-0.370945
-0.372759
-0.374495
-0.376167
-0.377791
-0.379383
-0.380913
-0.382373
-0.383742
-0.384967
-0.386005
-0.386856
-0.387494
-0.387949
-0.388247
-0.388456
-0.388659
-0.388964
-0.389444
-0.390166
-0.391131
-0.392306
-0.393521
-0.394621
-0.395394
-0.395618
-0.395125
-0.393794
-0.39161
-0.388639
-0.385116
-0.381371
-0.377862
-0.375112
-0.373651
-0.373799
-0.375632
-0.378873
-0.383065
-0.387629
-0.392069
-0.396068
-0.399505
-0.402424
-0.40495
-0.40725
-0.409459
-0.411621
-0.41373
-0.415722
-0.417485
-0.418927
-0.419976
-0.420556
-0.420655
-0.420269
-0.419381
-0.417967
-0.415966
-0.413342
-0.410119
-0.406429
-0.402583
-0.399046
-0.396406
-0.395276
-0.396077
-0.398954
-0.403676
-0.409697
-0.416306
-0.422791
-0.428596
-0.433359
-0.436922
-0.439251
-0.440402
-0.440478
-0.439593
-0.437847
-0.435339
-0.432151
-0.428422
-0.424302
-0.420031
-0.415887
-0.412256
-0.409514
-0.408003
-0.407953
-0.409429
-0.412291
-0.416248
-0.420878
-0.425764
-0.430487
-0.434717
-0.438208
-0.440808
-0.442466
-0.443225
-0.443178
-0.442493
-0.441375
-0.44007
-0.438813
-0.437815
-0.437264
-0.437254
-0.437806
-0.438859
-0.440283
-0.441899
-0.44352
-0.44499
-0.446175
-0.446983
-0.447364
-0.447257
-0.446571
-0.445191
-0.442949
-0.439668
-0.43521
-0.429579
-0.422955
-0.415779
-0.408681
-0.402332
-0.39735
-0.394069
-0.392561
-0.392666
-0.39411
-0.39658
-0.399795
-0.403528
-0.407526
-0.411614
-0.415649
-0.419497
-0.423072
-0.426262
-0.428906
-0.430801
-0.431618
-0.430948
-0.428317
-0.423277
-0.415766
-0.406499
-0.397313
-0.390926
-0.389805
-0.3946
-0.403733
-0.414506
-0.424548
-0.432539
-0.438108
-0.441409
-0.442766
-0.442473
-0.440768
-0.43777
-0.433591
-0.428289
-0.42198
-0.414833
-0.407083
-0.399059
-0.39114
-0.383742
-0.377281
-0.372135
-0.368641
-0.367042
-0.367377
-0.369476
-0.372952
-0.37729
-0.381939
-0.38648
-0.390616
-0.394189
-0.397157
-0.399572
-0.401482
-0.402993
-0.40422
-0.405311
-0.406394
-0.407563
-0.408894
-0.410374
-0.411938
-0.413467
-0.414792
-0.415732
-0.416107
-0.415749
-0.41449
-0.412217
-0.408824
-0.404258
-0.39854
-0.391808
-0.384422
-0.377089
-0.370906
-0.367192
-0.367044
-0.370813
-0.377823
-0.386657
-0.395806
-0.404136
-0.411056
-0.416441
-0.420447
-0.423328
-0.425402
-0.426942
-0.428173
-0.429275
-0.430372
-0.431553
-0.432869
-0.434327
-0.435897
-0.437513
-0.439094
-0.440516
-0.441609
-0.442178
-0.441983
-0.440709
-0.437966
-0.433285
-0.426047
-0.415532
-0.401002
-0.382135
-0.360031
-0.338366
-0.323477
-0.321205
-0.33227
-0.351596
-0.372578
-0.390901
-0.405139
-0.415546
-0.422926
-0.428106
-0.431707
-0.434208
-0.435896
-0.437
-0.437647
-0.437941
-0.437953
-0.437749
-0.437354
-0.43681
-0.43615
-0.435396
-0.434598
-0.433774
-0.432976
-0.432246
-0.431614
-0.43111
-0.43074
-0.430545
-0.430503
-0.430626
-0.430924
-0.43138
-0.432
-0.432774
-0.433675
-0.434624
-0.435523
-0.436195
-0.436412
-0.43586
-0.43424
-0.431207
-0.426477
-0.419876
-0.411404
-0.401397
-0.390462
-0.379513
-0.36962
-0.361793
-0.356858
-0.355356
-0.357507
-0.363046
-0.371199
-0.380759
-0.390407
-0.399077
-0.406121
-0.411308
-0.414798
-0.416957
-0.418213
-0.418991
-0.41962
-0.420264
-0.420955
-0.421602
-0.422029
-0.422087
-0.42165
-0.420651
-0.419094
-0.417097
-0.414805
-0.412402
-0.41009
-0.408044
-0.406358
-0.40503
-0.403975
-0.403055
-0.402123
-0.401038
-0.399714
-0.398098
-0.396185
-0.394021
-0.391685
-0.389327
-0.38715
-0.385392
-0.384398
-0.384472
-0.385813
-0.388386
-0.391977
-0.396213
-0.400671
-0.404956
-0.408782
-0.412
-0.414576
-0.416481
-0.417764
-0.418509
-0.41878
-0.418641
-0.418131
-0.417333
-0.416296
-0.415091
-0.413784
-0.412455
-0.411174
-0.410011
-0.409033
-0.408257
-0.40768
-0.407306
-0.407074
-0.406928
-0.40678
-0.406539
-0.406114
-0.405395
-0.404306
-0.402789
-0.400892
-0.398739
-0.396623
-0.394952
-0.394204
-0.394709
-0.396581
-0.399591
-0.403271
-0.407106
-0.410696
-0.413786
-0.416302
-0.418285
-0.419805
-0.420968
-0.421898
-0.422755
