-6.36314
-6.35821
-6.34963
-6.33657
-6.31791
-6.29244
-6.2609
-6.21894
-6.16874
-6.10817
-6.03806
-5.95872
-5.87217
-5.78065
-5.69204
-5.6101
-5.5398
-5.48452
-5.44731
-5.42797
-5.42331
-5.43259
-5.44949
-5.47313
-5.49918
-5.52628
-5.55119
-5.57537
-5.59431
-5.6109
-5.62379
-5.63241
-5.63784
-5.6409
-5.64172
-5.6383
-5.63086
-5.62124
-5.60959
-5.59621
-5.58313
-5.57168
-5.56177
-5.55618
-5.55423
-5.55552
-5.56287
-5.57148
-5.58186
-5.59263
-5.6025
-5.61035
-5.61557
-5.61707
-5.61602
-5.61379
-5.61034
-5.60536
-5.60131
-5.59848
-5.59752
-5.59793
-5.60026
-5.60358
-5.60721
-5.61106
-5.61448
-5.61726
-5.61953
-5.61998
-5.61854
-5.61566
-5.61143
-5.60517
-5.59708
-5.58902
-5.58084
-5.57329
-5.56837
-5.56452
-5.56258
-5.56103
-5.55978
-5.5588
-5.55758
-5.55633
-5.55295
-5.54887
-5.54489
-5.53935
-5.5339
-5.52956
-5.52749
-5.52781
-5.53114
-5.53581
-5.54112
-5.54733
-5.55431
-5.56019
-5.56417
-5.56733
-5.56789
-5.5667
-5.56269
-5.55694
-5.54917
-5.54192
-5.53487
-5.5299
-5.52527
-5.52362
-5.52407
-5.52551
-5.52682
-5.53082
-5.53541
-5.54134
-5.54655
-5.55182
-5.55624
-5.55977
-5.56121
-5.56082
-5.55918
-5.55648
-5.55593
-5.55743
-5.56322
-5.57244
-5.58483
-5.59833
-5.61012
-5.62244
-5.62977
-5.63513
-5.63756
-5.63751
-5.6366
-5.63541
-5.63437
-5.63401
-5.63352
-5.63222
-5.63058
-5.62778
-5.62362
-5.61756
-5.6102
-5.60288
-5.59599
-5.59129
-5.58681
-5.58358
-5.58236
-5.58138
-5.5801
-5.57862
-5.57725
-5.57597
-5.57587
-5.57719
-5.5787
-5.58286
-5.58854
-5.59556
-5.60363
-5.61102
-5.61579
-5.6184
-5.61845
-5.6145
-5.60715
-5.59809
-5.58712
-5.57805
-5.57045
-5.56537
-5.56078
-5.5571
-5.55325
-5.55046
-5.54771
-5.54615
-5.54791
-5.55218
-5.55916
-5.56808
-5.57673
-5.58439
-5.59019
-5.59255
-5.59398
-5.59243
-5.58895
-5.58488
-5.57985
-5.57458
-5.57135
-5.56576
-5.56091
-5.55584
-5.55283
-5.5513
-5.55233
-5.55705
-5.56474
-5.57498
-5.58728
-5.60192
-5.61502
-5.62578
-5.63361
-5.63869
-5.63978
-5.63756
-5.63285
-5.62488
-5.61479
-5.60439
-5.59378
-5.58259
-5.57345
-5.56714
-5.56255
-5.55898
-5.55745
-5.55715
-5.55734
-5.55737
-5.55842
-5.55909
-5.5603
-5.56171
-5.56511
-5.56783
-5.57103
-5.57362
-5.57519
-5.5753
-5.57446
-5.57264
-5.56987
-5.5668
-5.56474
-5.56389
-5.56293
-5.56368
-5.56587
-5.5684
-5.57123
-5.57423
-5.57585
-5.57682
-5.57583
-5.57422
-5.57229
-5.56962
-5.56694
-5.56439
-5.56173
-5.55908
-5.5569
-5.55448
-5.55067
-5.5478
-5.54546
-5.5432
-5.5412
-5.53893
-5.5379
-5.53836
-5.53922
-5.5421
-5.54572
-5.54876
-5.55406
-5.5605
-5.56708
-5.57322
-5.57733
-5.58089
-5.58307
-5.5846
-5.58623
-5.5868
-5.58684
-5.5864
-5.58665
-5.58861
-5.59223
-5.59676
-5.60218
-5.60831
-5.61318
-5.61652
-5.61766
-5.61734
-5.61356
-5.60725
-5.59744
-5.5843
-5.56895
-5.55203
-5.53613
-5.5227
-5.51417
-5.51091
-5.51378
-5.52132
-5.52974
-5.53996
-5.54734
-5.55134
-5.55222
-5.55028
-5.54332
-5.53457
-5.52468
-5.51509
-5.50692
-5.50038
-5.49663
-5.49657
-5.49903
-5.50216
-5.50676
-5.51249
-5.5186
-5.5235
-5.52895
-5.53356
-5.53661
-5.53823
-5.5397
-5.54091
-5.54072
-5.54154
-5.54045
-5.53747
-5.53234
-5.5251
-5.51671
-5.50728
-5.49785
-5.48877
-5.48309
-5.48031
-5.48097
-5.48527
-5.49241
-5.50054
-5.50878
-5.51821
-5.52467
-5.52818
-5.52933
-5.52983
-5.52884
-5.52689
-5.52426
-5.52162
-5.52151
-5.52332
-5.52699
-5.53159
-5.53936
-5.54845
-5.55899
-5.57066
-5.58311
-5.59563
-5.60749
-5.61761
-5.62612
-5.63147
-5.63325
-5.63368
-5.63123
-5.62647
-5.62004
-5.61326
-5.60531
-5.59787
-5.59062
-5.58474
-5.57883
-5.57372
-5.56748
-5.56112
-5.55406
-5.54812
-5.54273
-5.53829
-5.53273
-5.52825
-5.52304
-5.51852
-5.5126
-5.50723
-5.50377
-5.50009
-5.49905
-5.50019
-5.50401
-5.50996
-5.51681
-5.52529
-5.53374
-5.54421
-5.55547
-5.56719
-5.58007
-5.59398
-5.60754
-5.6223
-5.63514
-5.64675
-5.65481
-5.65983
-5.66178
-5.66156
-5.65815
-5.65324
-5.64774
-5.64016
-5.6301
-5.61808
-5.60421
-5.58804
-5.57018
-5.54997
-5.52993
-5.51192
-5.49792
-5.48804
-5.48521
-5.4882
-5.49621
-5.50805
-5.5214
-5.53553
-5.54888
-5.55935
-5.56762
-5.57428
-5.57682
-5.5789
-5.57872
-5.57727
-5.57565
-5.57274
-5.57084
-5.57015
-5.56919
-5.56795
-5.5669
-5.56501
-5.56216
-5.55874
-5.55343
-5.54788
-5.54076
-5.53485
-5.52673
-5.51867
-5.51133
-5.5035
-5.49539
-5.48823
-5.48501
-5.48272
-5.48431
-5.48769
-5.49293
-5.499
-5.50726
-5.51526
-5.52326
-5.52962
-5.53858
-5.54692
-5.55483
-5.56216
-5.56842
-5.5735
-5.57683
-5.57823
-5.57789
-5.57477
-5.57059
-5.56391
-5.55522
-5.54483
-5.53216
-5.51854
-5.50382
-5.49018
-5.47783
-5.46697
-5.45925
-5.45343
-5.45141
-5.45139
-5.45483
-5.46083
-5.46937
-5.47934
-5.4896
-5.4998
-5.51007
-5.51825
-5.52618
-5.532
-5.53548
-5.53605
-5.53551
-5.53339
-5.52923
-5.52406
-5.51711
-5.50935
-5.5001
-5.49243
-5.48572
-5.48143
-5.47865
-5.4791
-5.48085
-5.48457
-5.48916
-5.49525
-5.50117
-5.5066
-5.51162
-5.51463
-5.51568
-5.51445
-5.51096
-5.5061
-5.50085
-5.49551
-5.49003
-5.48683
-5.48468
-5.48589
-5.48781
-5.49154
-5.49723
-5.50321
-5.50787
-5.5122
-5.51763
-5.52268
-5.52907
-5.53441
-5.53951
-5.54474
-5.54938
-5.55228
-5.55337
-5.55347
-5.55132
-5.54896
-5.54627
-5.54263
-5.54012
-5.53687
-5.53376
-5.52905
-5.52588
-5.52153
-5.51568
-5.5089
-5.50214
-5.49477
-5.48637
-5.47781
-5.46903
-5.4601
-5.45267
-5.4462
-5.4392
-5.43387
-5.429
-5.42381
-5.41933
-5.41737
-5.41546
-5.41585
-5.41638
-5.41661
-5.41895
-5.42005
-5.42202
-5.42507
-5.42928
-5.43295
-5.43761
-5.44208
-5.44566
-5.45015
-5.45513
-5.46059
-5.46783
-5.47625
-5.48666
-5.4986
-5.51007
-5.52102
-5.52908
-5.5346
-5.53778
-5.53857
-5.53627
-5.53077
-5.52328
-5.51357
-5.50347
-5.49272
-5.48247
-5.4722
-5.46431
-5.45799
-5.454
-5.45208
-5.45221
-5.45343
-5.45489
-5.45823
-5.46215
-5.46659
-5.47096
-5.47529
-5.48074
-5.48565
-5.49176
-5.49747
-5.50366
-5.50889
-5.51315
-5.51523
-5.51515
-5.5129
-5.50893
-5.50265
-5.49637
-5.48898
-5.48141
-5.47524
-5.46955
-5.46533
-5.46339
-5.46183
-5.46032
-5.45786
-5.45558
-5.45273
-5.44912
-5.44383
-5.43949
-5.43481
-5.43027
-5.4268
-5.42465
-5.42389
-5.42467
-5.42644
-5.4297
-5.43383
-5.43881
-5.44482
-5.45202
-5.46029
-5.46801
-5.47592
-5.48346
-5.48946
-5.49494
-5.50112
-5.50519
-5.50937
-5.5148
-5.52123
-5.52819
-5.5355
-5.54277
-5.54967
-5.55449
-5.55744
-5.55805
-5.55711
-5.55417
-5.55223
-5.55017
-5.54927
-5.54913
-5.55178
-5.55526
-5.56104
-5.56778
-5.57515
-5.58302
-5.58824
-5.59397
-5.59886
-5.60241
-5.60437
-5.60404
-5.6011
-5.59407
-5.58538
-5.57498
-5.56301
-5.55136
-5.54094
-5.53294
-5.5276
-5.52505
-5.52423
-5.52557
-5.52826
-5.53101
-5.53508
-5.53788
-5.54112
-5.54441
-5.54558
-5.54639
-5.54564
-5.54418
-5.5434
-5.54429
-5.54506
-5.54824
-5.55107
-5.5547
-5.55944
-5.56315
-5.56643
-5.56883
-5.57204
-5.57523
-5.57956
-5.58351
-5.58967
-5.59534
-5.60093
-5.60624
-5.61044
-5.61248
-5.61287
-5.61114
-5.60676
-5.59859
-5.58898
-5.57779
-5.56548
-5.5532
-5.54334
-5.53596
-5.53192
-5.53013
-5.53008
-5.5307
-5.53228
-5.53378
-5.53509
-5.53728
-5.53887
-5.54121
-5.54468
-5.54866
-5.55341
-5.55892
-5.56522
-5.57138
-5.576
-5.57848
-5.5764
-5.57055
-5.56206
-5.5508
-5.53979
-5.52965
-5.52316
-5.51984
-5.52048
-5.52362
-5.52807
-5.53414
-5.54089
-5.55012
-5.55856
-5.56993
-5.58003
-5.58843
-5.59485
-5.59889
-5.60021
-5.59822
-5.59378
-5.58811
-5.58073
-5.57221
-5.56309
-5.55179
-5.5403
-5.52822
-5.51531
-5.50396
-5.49586
-5.49203
-5.4938
-5.49969
-5.50968
-5.52285
-5.53751
-5.5512
-5.56428
-5.5754
-5.58275
-5.58733
-5.58876
-5.58732
-5.58415
-5.57855
-5.57321
-5.56747
-5.5615
-5.55585
-5.55067
-5.54584
-5.54215
-5.53918
-5.53677
-5.53648
-5.53828
-5.54186
-5.54651
-5.55193
-5.55726
-5.56347
-5.56801
-5.57376
-5.57961
-5.58593
-5.59144
-5.59674
-5.60042
-5.60261
-5.60362
-5.60179
-5.59871
-5.59363
-5.58512
-5.57533
-5.56289
-5.54839
-5.53319
-5.51605
-5.4995
-5.48382
-5.47264
-5.46499
-5.46216
-5.46747
-5.47626
-5.48902
-5.50342
-5.51814
-5.53129
-5.54201
-5.54931
-5.55365
-5.55689
-5.55976
-5.56159
-5.56296
-5.56331
-5.56335
-5.56232
-5.55824
-5.55271
-5.54568
-5.53758
-5.52743
-5.51801
-5.50834
-5.49837
-5.49144
-5.48731
-5.48676
-5.49094
-5.49957
-5.5105
-5.52256
-5.53372
-5.54234
-5.54816
-5.5502
-5.54886
-5.54557
-5.54055
-5.53598
-5.53254
-5.52936
-5.52809
-5.52754
-5.52935
-5.53357
-5.53988
-5.54718
-5.55611
-5.5643
-5.57351
-5.58084
-5.58623
-5.58854
-5.58984
-5.58801
-5.58528
-5.58183
-5.57836
-5.57517
-5.57287
-5.57263
-5.57315
-5.57225
-5.5715
-5.56873
-5.56654
-5.56509
-5.56795
-5.57246
-5.57949
-5.58723
-5.59511
-5.59933
-5.60115
-5.60124
-5.59821
-5.59341
-5.58656
-5.57964
-5.57152
-5.56331
-5.55495
-5.54551
-5.53621
-5.52659
-5.51664
-5.50606
-5.49543
-5.48536
-5.47577
-5.46767
-5.46172
-5.45885
-5.45842
-5.46172
-5.4692
-5.47924
-5.49158
-5.5055
-5.51756
-5.52954
-5.54069
-5.55
-5.55696
-5.56089
-5.56216
-5.56017
-5.55552
-5.54963
-5.5412
-5.53133
-5.52288
-5.51546
-5.50965
-5.50689
-5.5062
-5.50759
-5.51017
-5.51454
-5.52018
-5.5264
-5.53355
-5.54112
-5.54795
-5.55205
-5.55472
-5.55506
-5.55207
-5.54765
-5.54133
-5.53351
-5.5241
-5.51416
-5.50391
