0.0597913
0.0597101
0.0596347
0.0595815
0.0595654
0.0595948
0.0596673
0.059771
0.059889
0.0600048
0.0601059
0.0601855
0.0602416
0.0602756
0.0602912
0.0602931
0.0602862
0.060275
0.0602636
0.0602549
0.0602509
0.0602523
0.0602586
0.060269
0.060282
0.0602965
0.0603112
0.0603256
0.060339
0.060351
0.060361
0.0603679
0.0603704
0.060367
0.0603564
0.0603376
0.0603108
0.0602774
0.0602401
0.0602022
0.0601678
0.0601397
0.0601196
0.0601063
0.060096
0.0600823
0.0600579
0.0600156
0.0599509
0.0598625
0.0597527
0.0596267
0.0594912
0.0593529
0.0592192
0.0590998
0.059009
0.0589666
0.058993
0.059101
0.0592874
0.0595314
0.0598019
0.0600687
0.0603102
0.0605162
0.0606853
0.0608214
0.06093
0.0610156
0.0610812
0.061128
0.061156
0.0611646
0.0611534
0.0611222
0.0610716
0.0610032
0.0609192
0.0608227
0.0607164
0.0606023
0.06048
0.0603464
0.0601964
0.0600249
0.0598315
0.0596263
0.059434
0.0592921
0.0592386
0.0592951
0.0594545
0.0596845
0.0599432
0.0601949
0.0604179
0.0606041
0.0607543
0.0608744
0.0609717
0.0610531
0.0611246
0.0611905
0.0612532
0.0613133
0.0613695
0.0614197
0.0614607
0.0614897
0.0615036
0.0615004
0.0614785
0.0614372
0.0613766
0.0612983
0.0612055
0.0611033
0.0609995
0.0609033
0.0608243
0.0607704
0.060746
0.0607512
0.060783
0.0608362
0.0609055
0.0609855
0.06107
0.0611517
0.0612218
0.0612702
0.0612875
0.061266
0.0612023
0.0610992
0.060968
0.0608294
0.0607112
0.0606414
0.0606388
0.0607049
0.0608236
0.0609683
0.0611121
0.0612345
0.0613238
0.0613765
0.0613946
0.0613829
0.061348
0.0612968
0.0612361
0.0611718
0.0611093
0.0610521
0.0610023
0.0609602
0.0609245
0.0608925
0.0608607
0.0608254
0.0607823
0.0607269
0.0606536
0.0605557
0.0604255
0.0602557
0.0600441
0.0598
0.0595524
0.0593511
0.0592539
0.0593007
0.059489
0.0597747
0.0600958
0.0603991
0.0606526
0.0608447
0.0609767
0.0610561
0.0610918
0.0610925
0.0610657
0.0610175
0.0609532
0.060877
0.0607928
0.0607042
0.0606145
0.0605267
0.0604438
0.0603683
0.0603023
0.0602477
0.0602059
0.0601784
0.0601659
0.0601688
0.0601858
0.0602142
0.060249
0.0602838
0.0603115
0.0603254
0.0603211
0.0602976
0.0602574
0.0602061
0.0601507
0.0600971
0.0600492
0.0600081
0.0599735
0.0599452
0.0599246
0.059914
0.0599163
0.0599324
0.0599612
0.0599996
0.0600444
0.0600935
0.060147
0.060206
0.0602718
0.0603439
0.0604196
0.0604943
0.0605623
0.0606186
0.0606597
0.0606838
0.0606909
0.0606822
0.0606603
0.0606278
0.0605877
0.0605427
0.0604947
0.0604452
0.0603947
0.0603428
0.0602886
0.0602308
0.0601674
0.0600969
0.0600178
0.0599291
0.0598304
0.0597222
0.059606
0.0594843
0.0593611
0.059241
0.0591296
0.0590331
0.0589569
0.0589052
0.05888
0.0588806
0.0589032
0.0589421
0.0589897
0.0590386
0.0590821
0.0591151
0.0591346
0.0591389
0.0591268
0.0590963
0.0590437
0.0589629
0.0588465
0.0586885
0.0584882
0.0582549
0.0580114
0.0577926
0.0576375
0.0575758
0.0576159
0.0577428
0.0579261
0.058132
0.0583331
0.0585119
0.0586596
0.058774
0.0588567
0.0589114
0.0589423
0.0589537
0.0589499
0.0589344
0.0589107
0.0588816
0.0588493
0.0588158
0.0587823
0.0587497
0.0587189
0.0586901
0.058664
0.0586412
0.0586221
0.0586076
0.0585982
0.058594
0.0585949
0.0586
0.0586079
0.0586169
0.0586248
0.0586291
0.0586277
0.0586184
0.0585996
0.0585702
0.0585298
0.0584784
0.058417
0.0583475
0.0582721
0.0581936
0.0581149
0.0580382
0.057965
0.057896
0.0578321
0.0577754
0.0577308
0.0577063
0.0577119
0.0577561
0.0578422
0.0579659
0.0581156
0.0582763
0.0584331
0.0585745
0.0586935
0.0587869
0.0588545
0.0588976
0.0589179
0.0589173
0.0588973
0.0588586
0.0588018
0.0587271
0.0586346
0.0585248
0.058399
0.0582593
0.0581092
0.0579535
0.0577975
0.0576466
0.0575048
0.0573745
0.0572562
0.0571492
0.0570531
0.0569693
0.0569013
0.0568546
0.0568349
0.0568463
0.0568893
0.0569606
0.0570533
0.0571585
0.0572671
0.057371
0.057464
0.0575418
0.0576022
0.0576445
0.0576693
0.0576782
0.0576738
0.0576594
0.0576392
0.0576177
0.0576
0.0575906
0.0575933
0.0576104
0.0576422
0.0576872
0.0577426
0.0578044
0.0578686
0.0579316
0.0579903
0.0580423
0.058086
0.0581202
0.0581437
0.0581558
0.0581555
0.0581416
0.0581131
0.0580689
0.0580086
0.0579325
0.0578424
0.0577419
0.0576373
0.0575366
0.0574497
0.0573858
0.057352
0.0573506
0.0573786
0.0574281
0.0574879
0.0575461
0.0575916
0.0576157
0.0576115
0.0575748
0.0575036
0.0573988
0.0572662
0.0571175
0.0569704
0.0568459
0.0567621
0.0567275
0.0567374
0.0567772
0.0568287
0.0568778
0.0569182
0.0569509
0.0569817
0.0570167
0.0570599
0.0571114
0.0571687
0.0572274
0.0572836
0.0573349
0.0573805
0.0574211
0.0574581
0.0574933
0.0575277
0.0575623
0.0575971
0.0576319
0.0576662
0.0576992
0.0577304
0.0577589
0.0577844
0.0578064
0.0578247
0.0578392
0.0578498
0.0578566
0.0578597
0.057859
0.0578546
0.0578466
0.057835
0.0578197
0.0578009
0.0577787
0.0577531
0.0577244
0.057693
0.0576591
0.0576232
0.0575856
0.0575467
0.0575065
0.0574649
0.0574217
0.0573764
0.0573287
0.0572785
0.0572263
0.0571738
0.057124
0.0570813
0.0570508
0.0570381
0.0570474
0.0570808
0.0571368
0.0572108
0.057295
0.05738
0.0574557
0.0575122
0.0575406
0.0575334
0.0574848
0.0573916
0.0572543
0.057079
0.0568788
0.0566752
0.0564954
0.0563668
0.0563083
0.0563237
0.0564006
0.0565162
0.0566456
0.056769
0.0568745
0.0569573
0.0570182
0.0570608
0.0570905
0.0571133
0.0571344
0.0571576
0.0571847
0.0572156
0.0572487
0.0572817
0.0573125
0.0573395
0.0573612
0.0573769
0.0573854
0.0573861
0.0573784
0.0573623
0.0573382
0.0573076
0.0572723
0.0572342
0.0571952
0.0571564
0.0571184
0.0570809
0.0570439
0.0570067
0.0569686
0.0569268
0.0568758
0.0568058
0.0567041
0.0565597
0.0563723
0.0561642
0.0559858
0.0559038
0.055968
0.0561799
0.0564903
0.0568303
0.0571431
0.0573994
0.0575925
0.057729
0.0578202
0.057877
0.0579085
0.0579213
0.0579201
0.0579081
0.0578877
0.0578606
0.0578286
0.0577932
0.0577563
0.0577194
0.0576842
0.0576515
0.0576218
0.0575944
0.0575681
0.0575411
0.0575118
0.0574794
0.0574439
0.057407
0.0573717
0.0573417
0.0573207
0.0573113
0.0573151
0.0573317
0.0573596
0.0573965
0.0574403
0.0574894
0.0575427
0.0576002
0.0576619
0.0577275
0.0577965
0.0578681
0.0579409
0.0580135
0.0580847
0.0581535
0.0582193
0.0582819
0.0583415
0.0583983
0.0584528
0.0585056
0.058557
0.0586074
0.0586564
0.0587035
0.058748
0.0587885
0.0588241
0.058854
0.0588777
0.0588955
0.0589088
0.0589193
0.0589296
0.0589429
0.0589618
0.0589883
0.0590229
0.0590638
0.0591074
0.0591482
0.0591795
0.0591947
0.0591881
0.0591558
0.0590966
0.0590126
0.0589098
0.0587986
0.0586927
0.0586087
0.0585624
0.058565
0.0586196
0.0587195
0.05885
0.0589935
0.0591342
0.0592616
0.0593713
0.0594644
0.0595449
0.0596179
0.0596873
0.0597554
0.0598221
0.0598853
0.0599421
0.0599891
0.0600238
0.0600443
0.0600499
0.0600402
0.0600149
0.0599732
0.0599133
0.0598341
0.0597356
0.0596217
0.059501
0.0593878
0.0593004
0.0592574
0.0592734
0.0593537
0.0594925
0.0596736
0.0598752
0.0600753
0.0602559
0.0604052
0.0605174
0.0605917
0.0606296
0.0606342
0.0606091
0.0605573
0.0604817
0.0603854
0.0602719
0.0601459
0.0600142
0.0598858
0.0597717
0.0596839
0.0596333
0.0596277
0.0596693
0.0597548
0.0598752
0.0600184
0.0601707
0.0603194
0.0604536
0.0605656
0.0606506
0.0607066
0.0607346
0.0607375
0.0607202
0.0606891
0.0606514
0.0606147
0.0605859
0.0605706
0.0605723
0.0605916
0.060627
0.0606744
0.0607287
0.0607841
0.0608355
0.0608787
0.0609108
0.06093
0.0609343
0.0609213
0.0608874
0.0608273
0.0607354
0.0606072
0.0604418
0.0602444
0.0600276
0.0598102
0.0596139
0.0594575
0.0593527
0.0593021
0.0593014
0.0593423
0.0594153
0.0595116
0.0596231
0.0597431
0.0598657
0.0599862
0.060101
0.060207
0.0603011
0.0603789
0.0604341
0.0604573
0.0604359
0.0603547
0.0601998
0.0599671
0.0596752
0.0593777
0.059158
0.0590962
0.0592203
0.0594878
0.0598155
0.0601267
0.060377
0.0605525
0.060657
0.0607004
0.0606926
0.0606407
0.0605494
0.0604214
0.0602591
0.0600656
0.0598456
0.0596064
0.0593575
0.0591106
0.0588783
0.0586734
0.0585078
0.0583924
0.0583345
0.0583367
0.0583943
0.0584959
0.0586254
0.0587661
0.058904
0.0590299
0.0591385
0.0592285
0.0593005
0.0593567
0.0594002
0.0594348
0.0594646
0.059494
0.0595263
0.0595636
0.0596062
0.0596523
0.059698
0.0597385
0.0597683
0.0597815
0.0597727
0.0597372
0.0596708
0.05957
0.0594331
0.0592599
0.0590546
0.0588273
0.0585986
0.0584012
0.0582758
0.0582586
0.0583634
0.0585725
0.0588438
0.0591292
0.0593919
0.0596119
0.059784
0.0599124
0.0600057
0.0600732
0.0601236
0.0601642
0.0602008
0.0602376
0.0602773
0.0603216
0.0603709
0.0604245
0.0604807
0.0605366
0.0605886
0.0606316
0.0606597
0.0606651
0.0606387
0.0605688
0.0604405
0.0602352
0.05993
0.0595012
0.0589361
0.0582613
0.0575817
0.0570887
0.0569741
0.0572816
0.0578676
0.0585231
0.0591039
0.0595576
0.0598888
0.0601227
0.0602855
0.0603977
0.0604743
0.0605254
0.060558
0.0605765
0.0605843
0.0605836
0.0605761
0.060563
0.0605454
0.0605243
0.0605006
0.0604754
0.0604498
0.0604251
0.0604023
0.0603827
0.0603672
0.0603564
0.0603507
0.0603503
0.0603551
0.0603652
0.0603806
0.0604012
0.0604269
0.0604568
0.0604891
0.0605206
0.0605459
0.060558
0.0605481
0.0605059
0.0604211
0.0602842
0.0600893
0.0598362
0.0595329
0.0591979
0.0588587
0.0585478
0.0582972
0.0581333
0.0580741
0.0581275
0.0582874
0.0585312
0.0588223
0.0591197
0.0593889
0.0596081
0.05977
0.0598779
0.0599427
0.0599781
0.0599976
0.0600118
0.0600267
0.0600435
0.0600595
0.06007
0.0600698
0.0600546
0.0600224
0.0599731
0.0599095
0.0598362
0.0597591
0.0596847
0.0596182
0.0595628
0.0595187
0.0594835
0.0594532
0.0594228
0.0593881
0.059346
0.0592949
0.0592346
0.0591663
0.0590923
0.0590166
0.0589451
0.0588862
0.0588497
0.0588454
0.0588796
0.0589528
0.0590588
0.0591863
0.0593218
0.0594532
0.0595715
0.0596716
0.0597512
0.0598108
0.0598515
0.0598755
0.0598849
0.0598815
0.0598674
0.0598442
0.059814
0.0597786
0.0597402
0.0597012
0.0596638
0.0596301
0.0596019
0.0595803
0.0595655
0.0595571
0.0595536
0.0595529
0.0595526
0.0595497
0.0595411
0.0595239
0.0594953
0.0594538
0.0593997
0.0593369
0.0592734
0.059222
0.0591973
0.0592109
0.0592667
0.0593587
0.059473
0.0595934
0.0597066
0.0598048
0.0598852
0.0599485
0.0599969
0.0600337
0.0600629
0.0600893
