1.6487
1.64411
1.63592
1.62361
1.60652
1.58379
1.55435
1.51701
1.47064
1.41428
1.34747
1.27071
1.18587
1.09638
1.00714
0.92384
0.851855
0.795198
0.755923
0.734007
0.727766
0.734421
0.750696
0.773268
0.799137
0.825814
0.851374
0.874487
0.894375
0.910721
0.923508
0.932914
0.939111
0.942183
0.942108
0.938849
0.932474
0.923259
0.911787
0.898948
0.885823
0.873611
0.86357
0.856845
0.854294
0.856211
0.862147
0.870995
0.881315
0.891695
0.900962
0.908293
0.913168
0.915383
0.915029
0.912527
0.908568
0.90405
0.89991
0.896933
0.89564
0.89618
0.89836
0.901745
0.905792
0.909952
0.913743
0.916768
0.918707
0.919301
0.918328
0.915631
0.911125
0.904876
0.897208
0.888729
0.880332
0.872945
0.86723
0.863365
0.861004
0.859541
0.858431
0.857317
0.855975
0.854185
0.851652
0.848125
0.843626
0.838559
0.833653
0.829767
0.827644
0.827727
0.830085
0.834435
0.840242
0.846855
0.853569
0.85969
0.864581
0.86765
0.868452
0.866757
0.862667
0.856625
0.849374
0.841807
0.834812
0.829082
0.825027
0.822749
0.822137
0.822992
0.82509
0.828245
0.8323
0.837101
0.842428
0.847876
0.85283
0.856534
0.858328
0.85799
0.856006
0.853569
0.852355
0.853957
0.859344
0.868532
0.880566
0.893877
0.906715
0.917622
0.92571
0.930758
0.933117
0.933524
0.932828
0.931788
0.930876
0.930203
0.92957
0.928622
0.926931
0.92411
0.919939
0.914447
0.907923
0.900921
0.894118
0.888236
0.883758
0.88083
0.879202
0.878333
0.877659
0.876812
0.875751
0.874749
0.874266
0.874848
0.87694
0.880779
0.886301
0.893082
0.90039
0.907274
0.912703
0.915739
0.915678
0.91221
0.905597
0.896692
0.886809
0.877324
0.869257
0.862949
0.858094
0.85406
0.850345
0.846899
0.844194
0.843034
0.844222
0.848216
0.854817
0.863177
0.872004
0.879966
0.886001
0.889523
0.890451
0.889102
0.886055
0.881915
0.877219
0.872272
0.867226
0.862229
0.857486
0.853384
0.850511
0.849518
0.851022
0.855442
0.862844
0.872863
0.884728
0.897387
0.909679
0.920487
0.928904
0.934306
0.93634
0.934917
0.930216
0.922653
0.912884
0.901808
0.890421
0.879716
0.87054
0.863406
0.858452
0.855462
0.853966
0.853441
0.853448
0.853756
0.854322
0.855247
0.856703
0.858804
0.861539
0.864693
0.867904
0.870714
0.872687
0.873524
0.87311
0.871543
0.869135
0.866377
0.863813
0.861957
0.861185
0.861658
0.863288
0.86576
0.868587
0.871186
0.873051
0.873836
0.873418
0.871908
0.869588
0.866794
0.863819
0.860816
0.857846
0.854896
0.851962
0.849077
0.846308
0.843719
0.841354
0.839221
0.837347
0.835791
0.834707
0.834323
0.834918
0.836758
0.839946
0.844388
0.84977
0.855585
0.861295
0.866454
0.870802
0.87429
0.876995
0.879045
0.880569
0.881634
0.882305
0.882779
0.883432
0.884837
0.887545
0.89178
0.897259
0.903241
0.908808
0.913077
0.915346
0.915149
0.912114
0.905978
0.896634
0.884232
0.869373
0.853251
0.837636
0.824593
0.815998
0.812922
0.815297
0.821908
0.830819
0.839925
0.847395
0.85189
0.852703
0.849757
0.843536
0.834963
0.825262
0.815738
0.807536
0.801505
0.798085
0.797324
0.798954
0.802527
0.807475
0.813165
0.81899
0.824406
0.82904
0.8327
0.835382
0.837229
0.838449
0.839238
0.839697
0.839669
0.838713
0.836214
0.831622
0.82475
0.815912
0.805934
0.795977
0.787314
0.781043
0.77792
0.778236
0.781793
0.787961
0.795828
0.804356
0.812512
0.819442
0.824517
0.827407
0.828107
0.826964
0.824644
0.821991
0.819865
0.818989
0.819855
0.822719
0.827706
0.834814
0.843872
0.854577
0.866458
0.878892
0.891169
0.902555
0.912404
0.920224
0.925679
0.928613
0.928994
0.926927
0.922674
0.916682
0.909531
0.901893
0.894416
0.887542
0.881432
0.875935
0.870673
0.865229
0.859359
0.853092
0.84669
0.8405
0.834801
0.829643
0.824845
0.820099
0.815151
0.809994
0.804896
0.800432
0.797325
0.796214
0.797426
0.800885
0.806216
0.812953
0.820739
0.829405
0.839013
0.849709
0.861605
0.874674
0.888667
0.903128
0.917346
0.930489
0.941734
0.950383
0.956012
0.958564
0.958301
0.955699
0.951252
0.945294
0.93787
0.928756
0.917571
0.903954
0.887736
0.869167
0.849051
0.828774
0.810189
0.795267
0.78569
0.78238
0.785248
0.793271
0.804852
0.818261
0.831976
0.844855
0.856118
0.865229
0.871844
0.875853
0.877406
0.876936
0.875128
0.87277
0.870565
0.868906
0.867865
0.867189
0.866439
0.865159
0.863053
0.859995
0.856056
0.851413
0.846211
0.840502
0.83421
0.827223
0.819528
0.811315
0.803004
0.795248
0.788819
0.78446
0.782655
0.783528
0.786839
0.79207
0.798643
0.806077
0.814042
0.822318
0.830784
0.839298
0.847666
0.855627
0.862891
0.869127
0.87405
0.877396
0.878978
0.87868
0.876373
0.871953
0.865347
0.856561
0.845756
0.83324
0.819549
0.805423
0.791702
0.77919
0.768564
0.760293
0.754654
0.751755
0.751611
0.754182
0.759327
0.766755
0.77598
0.78632
0.796988
0.807192
0.816267
0.823769
0.829474
0.833293
0.83525
0.83535
0.833571
0.829903
0.824448
0.817474
0.809474
0.801124
0.793218
0.786509
0.781568
0.778716
0.778043
0.779453
0.782694
0.787455
0.793319
0.799684
0.805789
0.810808
0.814026
0.815005
0.81369
0.810379
0.80562
0.80011
0.794583
0.789751
0.786239
0.784497
0.784752
0.786946
0.790699
0.79542
0.800489
0.805472
0.810266
0.815072
0.820222
0.825949
0.832164
0.838495
0.844398
0.849319
0.852825
0.85469
0.854939
0.853814
0.85168
0.848893
0.845728
0.842338
0.838797
0.8351
0.831171
0.826848
0.821956
0.816337
0.809935
0.802795
0.79502
0.78681
0.778403
0.770056
0.761993
0.754369
0.747238
0.740636
0.734641
0.729383
0.72501
0.721627
0.719269
0.717876
0.717291
0.717311
0.7178
0.718736
0.720226
0.722419
0.725392
0.729087
0.73332
0.737812
0.742303
0.74665
0.750968
0.755597
0.761087
0.768007
0.776702
0.787106
0.798681
0.810485
0.821425
0.830479
0.836895
0.840245
0.840435
0.837659
0.832248
0.824646
0.815377
0.805042
0.794297
0.783832
0.774339
0.766412
0.760489
0.756736
0.755065
0.755191
0.756738
0.759325
0.762614
0.766347
0.770316
0.774386
0.778546
0.782908
0.787629
0.79279
0.79832
0.80392
0.80908
0.813179
0.815607
0.81591
0.813887
0.809663
0.80368
0.796567
0.789029
0.781713
0.775142
0.769634
0.765299
0.762054
0.75967
0.757825
0.75613
0.754198
0.751715
0.748481
0.744474
0.739874
0.735044
0.730449
0.726578
0.72385
0.72249
0.722534
0.723874
0.72642
0.730125
0.734994
0.741036
0.748142
0.756048
0.764362
0.772604
0.780359
0.787347
0.79351
0.798992
0.80413
0.809339
0.815006
0.821368
0.828416
0.83586
0.843186
0.84974
0.854887
0.858179
0.859448
0.858822
0.856751
0.853934
0.851217
0.849426
0.849247
0.851085
0.854977
0.860611
0.86742
0.874768
0.882067
0.888864
0.894846
0.89971
0.903121
0.904688
0.903997
0.900727
0.894719
0.886121
0.875432
0.863523
0.851517
0.840625
0.831903
0.825973
0.822859
0.822134
0.823181
0.825464
0.828597
0.832326
0.836327
0.840082
0.843025
0.844769
0.845246
0.844728
0.843735
0.842906
0.842787
0.843744
0.845899
0.849101
0.852987
0.857116
0.861154
0.864913
0.868395
0.871751
0.875225
0.87905
0.883399
0.888303
0.893643
0.899087
0.904168
0.908332
0.911005
0.911628
0.909719
0.905018
0.897566
0.887704
0.876179
0.864025
0.852385
0.842317
0.834538
0.829337
0.826569
0.825752
0.826267
0.827502
0.828994
0.830467
0.831899
0.833459
0.835441
0.838208
0.842062
0.847148
0.853325
0.860061
0.866467
0.871443
0.873921
0.873108
0.868667
0.860917
0.850871
0.840126
0.830535
0.823704
0.820469
0.82066
0.823445
0.827913
0.833566
0.840349
0.848392
0.857636
0.867617
0.877479
0.886198
0.892863
0.896883
0.898035
0.896451
0.892521
0.886717
0.879462
0.87105
0.861579
0.851
0.83931
0.82682
0.814308
0.803052
0.794586
0.790284
0.790942
0.796527
0.806308
0.819092
0.833517
0.848162
0.861725
0.87311
0.881534
0.886607
0.888355
0.887174
0.883739
0.878841
0.873234
0.867489
0.861942
0.856715
0.851803
0.847237
0.843174
0.839954
0.837999
0.83768
0.839153
0.842283
0.846683
0.85189
0.857504
0.863252
0.869007
0.874755
0.880465
0.88605
0.891302
0.895925
0.899574
0.901916
0.902645
0.901477
0.898165
0.892563
0.884596
0.874276
0.861743
0.847263
0.831273
0.814471
0.797838
0.782683
0.770517
0.762811
0.760608
0.76416
0.772807
0.785139
0.799312
0.813508
0.82626
0.836644
0.844356
0.849659
0.853186
0.855675
0.85768
0.859393
0.860575
0.860748
0.859433
0.8563
0.851257
0.844395
0.835977
0.826376
0.816091
0.805777
0.796274
0.788642
0.784005
0.783326
0.787061
0.79488
0.805608
0.817505
0.828685
0.837595
0.843301
0.845528
0.844623
0.841361
0.836727
0.831695
0.827117
0.823642
0.821745
0.821745
0.823805
0.827964
0.834095
0.841858
0.850718
0.859971
0.868813
0.876449
0.882206
0.885663
0.886742
0.885699
0.883087
0.879675
0.876308
0.873633
0.871983
0.871221
0.870832
0.87015
0.86872
0.866602
0.864494
0.863616
0.865129
0.869522
0.876233
0.883826
0.890654
0.895426
0.89752
0.896955
0.89412
0.889481
0.883496
0.876512
0.868765
0.860445
0.851677
0.842568
0.833148
0.823411
0.813341
0.802944
0.792326
0.781775
0.77179
0.763069
0.756409
0.752617
0.752268
0.755652
0.762638
0.772714
0.785031
0.798586
0.812343
0.825349
0.836833
0.846229
0.853147
0.857358
0.858761
0.857347
0.853249
0.846815
0.838662
0.829714
0.821037
0.813597
0.808037
0.804608
0.803263
0.80386
0.806266
0.810332
0.815848
0.822436
0.829566
0.836577
0.842778
0.847507
0.850247
0.850679
0.848677
0.84433
0.837898
0.82977
0.820452
0.810537
0.800694
