-6.64806
-6.64108
-6.62454
-6.60502
-6.59333
-6.58385
-6.57775
-6.57483
-6.57255
-6.57075
-6.57171
-6.57439
-6.5758
-6.5766
-6.57794
-6.57884
-6.57939
-6.57717
-6.57492
-6.57478
-6.57593
-6.57427
-6.57382
-6.57333
-6.57478
-6.57557
-6.57597
-6.5798
-6.5795
-6.58242
-6.58556
-6.58626
-6.58645
-6.58678
-6.58761
-6.58737
-6.58708
-6.58936
-6.58808
-6.58581
-6.58579
-6.58606
-6.58598
-6.58359
-6.58153
-6.5824
-6.58073
-6.58144
-6.58034
-6.58165
-6.58183
-6.58087
-6.58133
-6.57993
-6.57987
-6.58074
-6.58251
-6.58256
-6.58312
-6.58452
-6.58352
-6.58241
-6.58186
-6.58225
-6.58327
-6.58171
-6.58244
-6.58354
-6.58307
-6.58397
-6.58398
-6.5831
-6.58391
-6.58703
-6.58789
-6.5881
-6.5873
-6.58807
-6.58879
-6.58717
-6.58578
-6.58594
-6.58636
-6.58708
-6.58683
-6.58597
-6.58711
-6.58668
-6.58598
-6.58436
-6.58533
-6.58566
-6.58209
-6.58268
-6.58389
-6.58182
-6.58137
-6.57834
-6.57861
-6.57898
-6.57818
-6.57717
-6.57789
-6.578
-6.57778
-6.57944
-6.58035
-6.58021
-6.58261
-6.58336
-6.58379
-6.58649
-6.5898
-6.58916
-6.5897
-6.59108
-6.59169
-6.59093
-6.58786
-6.58705
-6.58596
-6.58396
-6.58238
-6.58156
-6.57987
-6.57925
-6.57904
-6.58053
-6.58111
-6.57914
-6.58105
-6.58195
-6.58343
-6.58355
-6.58294
-6.58388
-6.58348
-6.58145
-6.58007
-6.58001
-6.5813
-6.58426
-6.58567
-6.58226
-6.58244
-6.58131
-6.58045
-6.58049
-6.58011
-6.58253
-6.58326
-6.58459
-6.5827
-6.58247
-6.58361
-6.58194
-6.57874
-6.57919
-6.57648
-6.57643
-6.57711
-6.57783
-6.57729
-6.58193
-6.58392
-6.5832
-6.58654
-6.58485
-6.58396
-6.58681
-6.58664
-6.5877
-6.58713
-6.58563
-6.58421
-6.58386
-6.58493
-6.58677
-6.5858
-6.58557
-6.58606
-6.58531
-6.58426
-6.58356
-6.58447
-6.58375
-6.58398
-6.58318
-6.58232
-6.58266
-6.58259
-6.58179
-6.58291
-6.58307
-6.58138
-6.58369
-6.58323
-6.58356
-6.58368
-6.58484
-6.5857
-6.58878
-6.5911
-6.59262
-6.59264
-6.5928
-6.59052
-6.59233
-6.5918
-6.5909
-6.5887
-6.58748
-6.58564
-6.5848
-6.58273
-6.58299
-6.58401
-6.58256
-6.58158
-6.58007
-6.57964
-6.5809
-6.5793
-6.57904
-6.57949
-6.58062
-6.57952
-6.58067
-6.58211
-6.5838
-6.58541
-6.58498
-6.58512
-6.58518
-6.5858
-6.58537
-6.58548
-6.58582
-6.58511
-6.58434
-6.58484
-6.58666
-6.58562
-6.5853
-6.58446
-6.58472
-6.58217
-6.58133
-6.58057
-6.57889
-6.58112
-6.58074
-6.58034
-6.58019
-6.58192
-6.58162
-6.58126
-6.57986
-6.58005
-6.58058
-6.58308
-6.58437
-6.58153
-6.58101
-6.58342
-6.58257
-6.58458
-6.58521
-6.58544
-6.58497
-6.58191
-6.58311
-6.58211
-6.5825
-6.58231
-6.58183
-6.58233
-6.58342
-6.5838
-6.58443
-6.58301
-6.58442
-6.58539
-6.58335
-6.58382
-6.58424
-6.58111
-6.57939
-6.57789
-6.57669
-6.57779
-6.57916
-6.58034
-6.58182
-6.58348
-6.5843
-6.58461
-6.58377
-6.586
-6.5855
-6.58616
-6.58674
-6.585
-6.58682
-6.58414
-6.58314
-6.58481
-6.58238
-6.58134
-6.58006
-6.57855
-6.58066
-6.58057
-6.58021
-6.58118
-6.5799
-6.58053
-6.58111
-6.58288
-6.5829
-6.58313
-6.58292
-6.57974
-6.58074
-6.58143
-6.58086
-6.581
-6.58087
-6.58082
-6.58017
-6.57993
-6.58104
-6.58415
-6.58468
-6.58584
-6.58434
-6.58311
-6.5831
-6.58338
-6.58202
-6.57939
-6.58101
-6.57944
-6.57952
-6.57961
-6.57905
-6.58007
-6.58201
-6.58193
-6.58242
-6.58026
-6.58325
-6.58428
-6.58534
-6.58419
-6.58309
-6.58434
-6.58437
-6.58221
-6.57948
-6.57937
-6.57831
-6.57948
-6.57865
-6.58132
-6.57971
-6.57807
-6.57964
-6.57893
-6.57888
-6.57982
-6.57949
-6.58083
-6.58093
-6.58076
-6.58128
-6.58051
-6.58492
-6.58572
-6.58613
-6.58617
-6.58679
-6.58607
-6.58594
-6.58511
-6.58521
-6.58267
-6.58463
-6.58366
-6.58303
-6.58147
-6.58194
-6.58184
-6.58087
-6.58256
-6.58142
-6.58194
-6.58217
-6.58273
-6.58296
-6.58444
-6.58294
-6.58235
-6.58234
-6.58161
-6.57923
-6.58004
-6.57729
-6.57614
-6.5763
-6.57715
-6.57709
-6.57712
-6.57662
-6.57591
-6.57661
-6.57512
-6.57657
-6.57702
-6.5777
-6.57859
-6.58289
-6.5809
-6.58233
-6.58074
-6.58232
-6.58159
-6.58149
-6.58173
-6.58038
-6.57973
-6.57916
-6.58029
-6.58086
-6.58379
-6.58098
-6.58051
-6.58302
-6.58362
-6.58098
-6.58349
-6.58401
-6.58513
-6.58231
-6.58235
-6.58136
-6.58224
-6.58014
-6.58219
-6.58225
-6.581
-6.58041
-6.5805
-6.58034
-6.57928
-6.57831
-6.57842
-6.57925
-6.57984
-6.58079
-6.58046
-6.58269
-6.58324
-6.58502
-6.58477
-6.58414
-6.58348
-6.58313
-6.58246
-6.58438
-6.58435
-6.58368
-6.58042
-6.58172
-6.58207
-6.58245
-6.58185
-6.58284
-6.58184
-6.58339
-6.58264
-6.58186
-6.58365
-6.58447
-6.58495
-6.58574
-6.58587
-6.58535
-6.58776
-6.58667
-6.58694
-6.58763
-6.58744
-6.58765
-6.58758
-6.58493
-6.58291
-6.58247
-6.58259
-6.58329
-6.58423
-6.58704
-6.58592
-6.58512
-6.58369
-6.58296
-6.58228
-6.58392
-6.58623
-6.58401
-6.58597
-6.58403
-6.58466
-6.58464
-6.5827
-6.58238
-6.58076
-6.58204
-6.58201
-6.58293
-6.57998
-6.58059
-6.58122
-6.5825
-6.58183
-6.58504
-6.58402
-6.58235
-6.58102
-6.58071
-6.57915
-6.57926
-6.57974
-6.58219
-6.5811
-6.58132
-6.58055
-6.58138
-6.58249
-6.58288
-6.5819
-6.58278
-6.58098
-6.583
-6.58109
-6.58238
-6.58205
-6.58144
-6.57994
-6.58149
-6.57928
-6.57913
-6.57876
-6.57907
-6.57901
-6.58018
-6.5832
-6.58353
-6.58443
-6.58497
-6.58095
-6.58048
-6.57906
-6.5783
-6.57821
-6.57912
-6.57938
-6.57966
-6.58092
-6.57961
-6.5793
-6.57967
-6.58139
-6.58446
-6.58306
-6.58398
-6.58431
-6.58533
-6.58569
-6.58567
-6.58714
-6.58648
-6.58725
-6.5869
-6.58385
-6.58598
-6.58462
-6.58336
-6.58545
-6.58472
-6.58437
-6.58338
-6.58303
-6.5833
-6.58356
-6.58026
-6.58057
-6.58223
-6.58137
-6.58024
-6.58171
-6.58251
-6.58261
-6.5823
-6.58224
-6.58016
-6.57967
-6.58047
-6.58002
-6.57901
-6.57878
-6.57805
-6.57973
-6.57894
-6.57852
-6.58066
-6.58138
-6.58193
-6.58195
-6.58051
-6.58087
-6.58178
-6.58361
-6.58118
-6.581
-6.58083
-6.5807
-6.58068
-6.57884
-6.57684
-6.5763
-6.57751
-6.5785
-6.58016
-6.58149
-6.58081
-6.58039
-6.58153
-6.58296
-6.58436
-6.58475
-6.58412
-6.58472
-6.58621
-6.58635
-6.5871
-6.58333
-6.58252
-6.58244
-6.58243
-6.58379
-6.58523
-6.58508
-6.58463
-6.58612
-6.58531
-6.58444
-6.58383
-6.58379
-6.58301
-6.58249
-6.58222
-6.58126
-6.58158
-6.58352
-6.58483
-6.58424
-6.5834
-6.58168
-6.58009
-6.58089
-6.58217
-6.58294
-6.58348
-6.58376
-6.58566
-6.58586
-6.58465
-6.58393
-6.58303
-6.58164
-6.58333
-6.58264
-6.58153
-6.58105
-6.57962
-6.58182
-6.58442
-6.58518
-6.58311
-6.58015
-6.57951
-6.57728
-6.57604
-6.57576
-6.57548
-6.57778
-6.57752
-6.57797
-6.58011
-6.58068
-6.58127
-6.58086
-6.5833
-6.58372
-6.58503
-6.58368
-6.58065
-6.57952
-6.57935
-6.57918
-6.58
-6.57794
-6.57691
-6.57722
-6.57922
-6.57934
-6.57984
-6.58134
-6.58123
-6.58175
-6.58676
-6.58652
-6.58782
-6.58483
-6.58434
-6.58248
-6.58188
-6.58223
-6.58291
-6.58267
-6.58154
-6.58081
-6.58081
-6.57894
-6.58036
-6.57989
-6.58011
-6.58101
-6.57933
-6.57989
-6.58072
-6.58018
-6.57924
-6.58116
-6.58043
-6.58066
-6.5796
-6.58081
-6.5814
-6.58328
-6.58258
-6.58089
-6.57982
-6.57903
-6.57855
-6.57837
-6.57883
-6.57833
-6.58015
-6.58075
-6.58308
-6.58423
-6.58227
-6.58397
-6.58347
-6.58395
-6.58438
-6.58536
-6.58425
-6.58429
-6.5861
-6.58647
-6.58802
-6.58494
-6.58568
-6.5864
-6.58359
-6.58409
-6.58471
-6.5842
-6.58323
-6.58278
-6.58122
-6.58109
-6.58005
-6.58161
-6.58083
-6.58059
-6.58214
-6.58289
-6.5848
-6.58532
-6.58611
-6.58751
-6.58795
-6.58839
-6.5866
-6.58417
-6.58531
-6.58582
-6.58635
-6.58656
-6.58613
-6.58409
-6.58402
-6.58429
-6.58267
-6.5824
-6.58414
-6.58497
-6.58519
-6.5848
-6.58797
-6.58788
-6.5871
-6.5882
-6.58889
-6.58917
-6.58545
-6.58715
-6.58715
-6.5845
-6.58345
-6.58209
-6.58112
-6.5809
-6.58145
-6.58117
-6.5807
-6.5797
-6.58007
-6.58048
-6.58023
-6.57931
-6.5806
-6.5825
-6.58337
-6.58452
-6.58431
-6.58467
-6.58461
-6.58477
-6.58288
-6.58318
-6.58182
-6.58045
-6.58202
-6.58107
-6.58215
-6.58367
-6.5853
-6.58735
-6.58722
-6.58584
-6.58641
-6.58536
-6.58491
-6.58345
-6.5842
-6.58294
-6.58292
-6.58059
-6.58112
-6.58225
-6.58399
-6.58474
-6.58225
-6.58171
-6.58087
-6.5791
-6.57935
-6.57774
-6.57849
-6.57709
-6.57806
-6.57782
-6.57858
-6.58095
-6.58356
-6.58347
-6.58551
-6.5858
-6.58565
-6.58703
-6.58802
-6.58476
-6.58471
-6.58175
-6.58464
-6.58468
-6.58351
-6.58374
-6.58249
-6.58169
-6.58099
-6.58134
-6.58137
-6.58529
-6.58496
-6.58395
-6.5858
-6.58664
-6.58678
-6.58717
-6.58781
-6.58739
-6.58658
-6.58667
-6.58865
-6.59123
-6.5902
-6.58849
-6.58838
-6.58862
-6.58795
-6.58577
-6.58535
-6.58543
-6.58442
-6.58323
-6.58573
-6.58564
-6.58515
-6.58546
-6.58489
-6.58314
-6.58511
-6.58474
-6.58341
-6.58187
-6.58179
-6.58028
-6.58054
-6.58154
-6.58128
-6.58099
-6.58094
-6.57883
-6.58243
-6.58266
-6.58149
-6.57959
-6.57955
-6.58047
-6.58206
-6.58337
-6.58347
-6.58463
-6.58168
-6.58302
-6.58216
-6.58197
-6.58278
-6.58357
-6.58373
-6.58358
-6.58443
-6.58626
-6.58583
-6.58764
-6.5891
-6.58889
-6.58864
-6.58673
-6.58508
-6.58402
-6.58353
-6.58425
-6.58266
-6.58167
-6.58069
-6.58171
-6.58215
-6.58171
-6.58297
-6.58268
-6.58308
-6.58191
-6.5811
-6.57934
-6.58182
-6.58269
-6.58226
-6.58408
-6.58394
-6.58539
-6.5881
-6.58722
-6.5866
-6.58753
-6.58805
-6.5875
-6.58753
-6.58687
-6.58491
-6.58331
-6.58405
-6.58292
-6.58449
-5.98578
-5.98557
-5.9825
-5.98023
-5.97718
-5.97752
-5.9779
-5.97655
-5.97522
-5.9757
-5.97723
-5.98007
-5.97998
-5.97923
-5.97951
-5.98029
-5.98041
-5.97808
-5.97918
-5.98145
-5.98189
-5.98076
-5.98025
-5.98034
-5.97977
-5.97918
-5.97763
-5.97737
-5.97904
-5.97941
-5.98044
-5.98087
-5.981
-5.98113
-5.9838
-5.98217
-5.98009
-5.97982
-5.98037
-5.98052
-5.97933
-5.97814
-5.97603
-5.97498
-5.97499
-5.97644
-5.97579
-5.97631
-5.9777
-5.97834
-5.97919
-5.9805
-5.9812
-5.9815
-5.98028
-5.9823
-5.98499
-5.98417
-5.98287
-5.98374
-5.98486
-5.98396
-5.98234
-5.98424
-5.98517
-5.98491
-5.98414
-5.98356
-5.9832
-5.98239
-5.98046
-5.98094
-5.98215
-5.98271
-5.98288
-5.98095
-5.98171
-5.98293
-5.98431
-5.98431
-5.98266
-5.98296
-5.98229
-5.98129
-5.98097
-5.97844
-5.97795
-5.9789
-5.98032
-5.97928
-5.98126
-5.98041
-5.98057
-5.98106
-5.98281
-5.98417
-5.9825
-5.98294
-5.98289
-5.98494
-5.98459
-5.98254
-5.97982
-5.97941
-5.98006
-5.9802
-5.97757
-5.97928
-5.97977
-5.97933
-5.98177
-5.9806
-5.98228
-5.98032
-5.98056
-5.98039
-5.97788
-5.97857
-5.98023
-5.98034
-5.98121
-5.98128
-5.98052
-5.97957
-5.97931
-5.98064
-5.98284
-5.98295
-5.98227
-5.98212
-5.98255
-5.98168
-5.9802
-5.98009
-5.97879
-5.9753
-5.97737
-5.9778
-5.97689
-5.97592
-5.97623
-5.97496
-5.97509
-5.97759
-5.98015
-5.98206
-5.98296
-5.98513
-5.98502
-5.98423
-5.98663
-5.98536
-5.98655
-5.98728
-5.98818
-5.98346
-5.98253
-5.98121
-5.98089
-5.97941
-5.97944
-5.97943
-5.97907
-5.97958
-5.97988
-5.98184
-5.98175
-5.98312
-5.98493
-5.9833
-5.98248
-5.98509
-5.9834
-5.98294
-5.98571
-5.98432
-5.9847
-5.98204
-5.98188
-5.97994
-5.98066
-5.98134
-5.98065
-5.98214
-5.98064
-5.98169
-5.98077
-5.98111
-5.98211
-5.98089
-5.97972
-5.98246
-5.98358
-5.98464
-5.98334
-5.98224
-5.98266
-5.98398
-5.98268
-5.98402
-5.98513
-5.98442
-5.98711
-5.9883
-5.98371
-5.9846
-5.98669
-5.989
-5.98824
-5.98801
-5.98602
-5.98427
-5.98148
-5.97967
-5.98051
-5.97979
-5.97822
-5.97745
-5.97593
-5.97596
-5.9753
-5.97678
-5.97898
-5.97785
-5.97879
-5.9824
-5.98289
-5.98096
-5.98119
-5.98231
-5.98465
-5.98238
-5.98102
-5.98061
-5.97797
-5.97834
-5.9785
-5.98105
-5.98107
-5.98275
-5.98378
-5.98158
-5.98132
-5.98204
-5.9831
-5.98349
-5.98417
-5.98221
-5.98152
-5.97824
-5.97953
-5.9815
-5.9796
-5.97997
-5.98191
-5.97959
-5.97947
-5.97897
-5.97844
-5.97794
-5.9772
-5.9779
-5.97843
-5.97808
-5.97743
-5.9774
-5.9773
-5.98035
-5.98174
-5.98277
-5.98541
-5.98379
-5.98503
-5.98329
-5.98244
-5.9806
-5.98107
-5.97807
-5.97907
-5.97886
-5.97802
-5.98002
-5.98123
-5.98166
-5.98259
-5.98279
-5.98167
-5.98123
-5.97797
-5.97677
-5.97602
-5.97832
-5.97947
-5.97756
-5.97779
-5.97883
-5.97934
-5.98056
-5.98174
-5.98507
-5.98526
-5.98512
-5.98487
-5.98415
-5.98433
-5.98134
-5.98024
-5.97678
-5.9786
-5.97904
-5.97777
-5.97659
-5.97527
-5.97619
-5.97729
-5.97947
-5.97883
-5.97861
-5.97917
-5.98086
-5.97983
-5.98003
-5.97795
-5.97659
-5.97698
-5.9779
-5.97681
-5.97501
-5.9757
-5.97715
-5.97797
-5.97837
-5.98018
-5.98137
-5.98287
-5.98305
-5.98358
-5.98292
-5.98442
-5.98203
-5.98043
-5.97972
-5.97997
-5.97893
-5.97692
-5.98
-5.97966
-5.98229
-5.98167
-5.98163
-5.98083
-5.98087
-5.97947
-5.97987
-5.98175
-5.98447
-5.98189
-5.98246
-5.98136
-5.97963
-5.97864
-5.9794
-5.97902
-5.97681
-5.97369
-5.97254
-5.97371
-5.97525
-5.97332
-5.9734
-5.97608
-5.97704
-5.97845
-5.97673
-5.97776
-5.97938
-5.97815
-5.97994
-5.98153
-5.98093
-5.97842
-5.97848
-5.97689
-5.97851
-5.97884
-5.9776
-5.97739
-5.97689
-5.97703
-5.97744
-5.97905
-5.97929
-5.98108
-5.98057
-5.98329
-5.98311
-5.98232
-5.98351
-5.98249
-5.98212
-5.98043
-5.9806
-5.98132
-5.98136
-5.98114
-5.97947
-5.97774
-5.97886
-5.97856
-5.97894
-5.98113
-5.98212
-5.98025
-5.97655
-5.97722
-5.9778
-5.97767
-5.97654
-5.9738
-5.97404
-5.97501
-5.9758
-5.9764
-5.97616
-5.97666
-5.97851
-5.97845
-5.97609
-5.97886
-5.97705
-5.97691
-5.9766
-5.97871
-5.9783
-5.9788
-5.97781
-5.97885
-5.97934
-5.98098
-5.97963
-5.97853
-5.98031
-5.98176
-5.97934
-5.98021
-5.98082
-5.98055
-5.98107
-5.98367
-5.98352
-5.98219
-5.9822
-5.98385
-5.98226
-5.981
-5.9817
-5.98111
-5.98276
-5.98274
-5.98196
-5.98169
-5.98191
-5.98137
-5.98205
-5.98203
-5.98232
-5.98163
-5.98095
-5.98353
-5.98453
-5.98174
-5.98358
-5.98263
-5.98308
-5.98134
-5.98188
-5.98145
-5.9826
-5.98307
-5.98447
-5.98453
-5.98227
-5.98319
-5.98179
-5.98133
-5.98149
-5.98066
-5.97983
-5.97932
-5.9782
-5.97782
-5.97598
-5.97693
-5.9794
-5.98104
-5.98072
-5.98086
-5.98135
-5.98057
-5.9809
-5.98248
-5.98155
-5.98045
-5.97917
-5.98319
-5.98303
-5.9841
-5.98536
-5.98612
-5.98446
-5.98271
-5.98063
-5.97991
-5.9813
-5.98223
-5.98463
-5.98518
-5.9825
-5.9827
-5.98158
-5.98174
-5.98191
-5.98176
-5.98096
-5.9811
-5.98281
-5.98346
-5.98434
-5.9809
-5.98063
-5.98096
-5.97969
-5.98013
-5.97973
-5.98044
-5.98032
-5.98028
-5.98092
-5.98026
-5.98021
-5.98079
-5.97971
-5.98213
-5.98153
-5.98208
-5.98374
-5.98195
-5.98035
-5.98032
-5.98104
-5.98099
-5.97894
-5.98102
-5.97977
-5.97897
-5.97921
-5.97943
-5.97888
-5.97847
-5.97685
-5.9763
-5.97622
-5.97769
-5.97823
-5.97925
-5.97886
-5.97865
-5.97857
-5.97788
-5.97877
-5.97801
-5.9808
-5.98171
-5.98143
-5.98089
-5.98325
-5.98484
-5.98555
-5.986
-5.98526
-5.98379
-5.98299
-5.98136
-5.98279
-5.98468
-5.98273
-5.98303
-5.98097
-5.97979
-5.97919
-5.97959
-5.98071
-5.98101
-5.98084
-5.9779
-5.97893
-5.97897
-5.97957
-5.981
-5.98033
-5.98117
-5.98064
-5.98042
-5.97895
-5.97754
-5.97753
-5.97821
-5.98021
-5.98122
-5.98216
-5.98241
-5.98328
-5.98222
-5.98185
-5.98252
-5.98294
-5.98345
-5.98081
-5.98248
-5.98292
-5.98239
-5.98308
-5.98296
-5.98294
-5.98005
-5.97983
-5.98043
-5.97969
-5.97805
-5.97952
-5.97963
-5.98035
-5.97874
-5.97861
-5.97859
-5.98022
-5.98343
-5.98299
-5.98241
-5.98135
-5.97881
-5.97836
-5.97775
-5.97731
-5.97742
-5.97875
-5.97876
-5.98045
-5.98389
-5.98397
-5.98269
-5.98165
-5.98012
-5.97993
-5.98127
-5.97885
-5.97748
-5.97883
-5.9762
-5.97555
-5.97472
-5.97571
-5.97563
-5.97801
-5.97853
-5.97906
-5.97884
-5.98042
-5.98057
-5.98094
-5.98094
-5.97995
-5.97991
-5.97949
-5.98027
-5.98057
-5.9817
-5.98081
-5.97771
-5.9777
-5.97702
-5.97697
-5.98166
-5.98189
-5.98169
-5.98002
-5.98077
-5.97943
-5.97996
-5.97886
-5.97938
-5.97831
-5.97695
-5.97558
-5.9755
-5.97734
-5.98016
-5.98105
-5.98069
-5.98165
-5.98099
-5.97901
-5.97923
-5.97742
-5.97848
-5.97923
-5.97878
-5.97723
-5.9788
-5.97829
-5.97913
-5.98089
-5.98089
-5.983
-5.98464
-5.98548
-5.98427
-5.98165
-5.98188
-5.98273
-5.98298
-5.98106
-5.97996
-5.9807
-5.98035
-5.97857
-5.97913
-5.97901
-5.98002
-5.98052
-5.98053
-5.98302
-5.98408
-5.98469
-5.9832
-5.98165
-5.9821
-5.97981
-5.97874
-5.97954
-5.97925
-5.9781
-5.97922
-5.97992
-5.98013
-5.97883
-5.98091
-5.98093
-5.98127
-5.98203
-5.98167
-5.9815
-5.9821
-5.98563
-5.98521
-5.98597
-5.98598
-5.98496
-5.98299
-5.9824
-5.9829
-5.9809
-5.97923
-5.97778
-5.97996
-5.97825
-5.97887
-5.97672
-5.97748
-5.9787
-5.97886
-5.97903
-5.98052
-5.98039
-5.98147
-5.98134
-5.98278
-5.98212
-5.98026
-5.97979
-5.97879
-5.98052
-5.98244
-5.98232
-5.98185
-5.98207
-5.98081
-5.98138
-5.98351
-5.98262
-5.98286
-5.98246
-5.98322
-5.98411
-5.98445
-5.98238
-5.98249
-5.98124
-5.9809
-5.98078
-5.97927
-5.97772
-5.97915
-5.9785
-5.97812
-5.97833
-5.97871
-5.97782
-5.97718
-5.97868
-5.97848
-5.97927
-5.98047
-5.98083
-5.98061
-5.98033
-5.97954
-5.97982
-5.98018
-5.98069
-5.98017
-5.98034
-5.9777
-5.97909
-5.9787
-5.97909
-5.97956
-5.98041
-5.97932
-5.98111
-5.98123
-5.98293
-5.98365
-5.98665
-5.98511
-5.98452
-5.98416
-5.98465
-5.98372
-5.983
-5.98417
-5.98308
-5.98172
-5.98016
-5.97877
-5.97761
-5.97636
-5.97659
-5.97401
-5.97567
-5.9763
-5.97717
-5.97859
-5.97895
-5.97919
-5.97898
-5.97861
-5.97739
-5.97696
-5.97829
-5.97885
-5.97966
-5.98083
-5.97953
-5.9797
-5.9801
-5.98074
-5.9803
-5.98071
-5.98287
-5.98381
-5.98478
-5.98538
-5.9862
-5.98782
-5.98696
-5.98586
-5.98617
-5.98405
-5.98444
-5.98387
-5.98211
-5.97957
-5.9812
-5.98054
-5.97888
-5.98038
-5.98098
-5.9831
-5.98133
-5.98137
-5.97936
-5.9825
-5.98092
-5.98126
-5.98267
-5.98137
-5.98194
-5.98085
-5.97841
-5.97845
-5.97769
-5.97865
-5.97868
-5.98068
-5.98106
-5.98202
-5.98148
-5.98055
-5.98075
-5.97921
-5.98
-5.97821
-5.97828
-5.97781
-5.97914
-5.97807
-5.97929
-5.98257
-5.98249
-5.98307
-5.98229
-5.98181
-5.98041
-5.98014
-5.97754
-5.97562
-5.97346
-5.97145
-5.9715
-5.97298
-5.97523
-5.97793
-5.97754
-5.9776
-5.98006
-5.98068
-5.9813
-5.97959
-5.97869
-5.97856
-5.97723
-5.97569
-5.97467
-5.97585
-5.9777
-5.978
-5.98037
-5.98095
-5.9791
-5.97933
-5.97898
-5.98056
-5.97853
-5.9774
-5.97977
-5.98111
-5.97979
-5.97904
-5.97981
-5.97726
-5.97756
-5.9775
-5.97846
-5.97855
-5.97815
-5.97924
-5.97957
-5.97971
-5.97926
-5.98037
-5.98199
-5.9828
-5.98214
-5.98264
-5.98011
-5.98041
-5.97682
-5.97849
-5.97937
-5.97988
-5.98224
-5.9824
-5.98666
-5.98546
-5.98363
-5.98352
-5.98324
-5.98321
-5.98252
-5.98187
-5.97842
-5.97672
-5.97649
-5.97387
-5.97405
-5.97446
-5.97279
-5.97578
-5.97686
-5.55793
-5.55806
-5.55697
-5.55768
-5.5577
-5.55611
-5.55741
-5.55694
-5.55746
-5.55886
-5.56074
-5.56086
-5.56471
-5.56549
-5.5635
-5.56193
-5.56174
-5.56007
-5.55959
-5.55943
-5.55967
-5.55808
-5.55858
-5.55576
-5.5559
-5.55554
-5.5556
-5.55544
-5.55788
-5.55751
-5.55729
-5.5587
-5.55707
-5.55777
-5.55642
-5.55574
-5.55707
-5.55805
-5.56011
-5.56078
-5.55987
-5.55989
-5.56054
-5.56127
-5.55928
-5.55794
-5.55707
-5.55743
-5.55646
-5.55614
-5.55701
-5.55535
-5.55687
-5.55699
-5.55766
-5.55754
-5.55681
-5.55409
-5.55556
-5.5559
-5.55597
-5.55694
-5.5551
-5.5573
-5.55859
-5.55584
-5.55659
-5.55903
-5.5605
-5.56071
-5.55946
-5.55876
-5.55667
-5.55647
-5.55693
-5.55685
-5.55245
-5.55219
-5.55316
-5.55243
-5.55159
-5.55251
-5.55543
-5.55569
-5.55669
-5.55833
-5.55895
-5.56019
-5.55927
-5.55986
-5.55914
-5.56003
-5.55705
-5.55479
-5.55495
-5.55664
-5.55676
-5.5582
-5.55791
-5.55828
-5.55911
-5.55969
-5.56037
-5.56083
-5.55981
-5.55959
-5.55697
-5.55655
-5.55648
-5.55689
-5.55594
-5.5537
-5.55601
-5.55472
-5.55452
-5.55458
-5.55348
-5.55411
-5.55527
-5.55417
-5.55291
-5.55246
-5.55598
-5.55485
-5.55539
-5.55557
-5.55546
-5.55647
-5.55587
-5.55831
-5.56094
-5.56146
-5.56045
-5.5604
-5.5606
-5.56005
-5.55743
-5.557
-5.55784
-5.55873
-5.55781
-5.55679
-5.5583
-5.55846
-5.55755
-5.5574
-5.55952
-5.56212
-5.56186
-5.56386
-5.56462
-5.56359
-5.56355
-5.56232
-5.56253
-5.56119
-5.56242
-5.56389
-5.56268
-5.56206
-5.56238
-5.5611
-5.56055
-5.56013
-5.55955
-5.56007
-5.561
-5.55999
-5.5593
-5.56051
-5.56264
-5.56114
-5.5605
-5.55781
-5.55828
-5.5568
-5.55698
-5.55659
-5.55463
-5.55595
-5.5537
-5.55305
-5.55303
-5.55396
-5.5562
-5.55619
-5.55457
-5.55319
-5.55495
-5.55399
-5.55464
-5.55378
-5.55216
-5.55402
-5.55156
-5.55089
-5.55292
-5.55299
-5.55317
-5.55464
-5.55514
-5.55671
-5.55559
-5.55511
-5.55535
-5.55699
-5.55584
-5.55544
-5.5561
-5.55746
-5.55854
-5.55964
-5.5591
-5.55789
-5.55597
-5.55627
-5.55619
-5.55836
-5.55827
-5.55822
-5.55922
-5.55901
-5.56012
-5.56151
-5.56086
-5.5604
-5.55916
-5.55689
-5.55623
-5.555
-5.55682
-5.55816
-5.5581
-5.56084
-5.56013
-5.56129
-5.5599
-5.56137
-5.56062
-5.55753
-5.55748
-5.55674
-5.5579
-5.55861
-5.5604
-5.56155
-5.56135
-5.56067
-5.56009
-5.5622
-5.56346
-5.56068
-5.56142
-5.55993
-5.56052
-5.56034
-5.55903
-5.56076
-5.55998
-5.55957
-5.56054
-5.5619
-5.56101
-5.56336
-5.56171
-5.5622
-5.56347
-5.56229
-5.56088
-5.55923
-5.55706
-5.55638
-5.55371
-5.55274
-5.55167
-5.55097
-5.55172
-5.55334
-5.55388
-5.55418
-5.55693
-5.55864
-5.56003
-5.5619
-5.56196
-5.56349
-5.56208
-5.55979
-5.56026
-5.5593
-5.56052
-5.56003
-5.56016
-5.56005
-5.56052
-5.55748
-5.5575
-5.5586
-5.5594
-5.5604
-5.56468
-5.56437
-5.56397
-5.56406
-5.56658
-5.56661
-5.56549
-5.56455
-5.56451
-5.56273
-5.56163
-5.56016
-5.56097
-5.5575
-5.55776
-5.55575
-5.55505
-5.55457
-5.55322
-5.55291
-5.55208
-5.55306
-5.55461
-5.55472
-5.55518
-5.55644
-5.55967
-5.55971
-5.56054
-5.561
-5.5612
-5.5609
-5.56108
-5.56199
-5.5639
-5.56509
-5.56681
-5.56581
-5.56602
-5.56424
-5.56084
-5.56064
-5.55875
-5.5593
-5.55746
-5.55817
-5.55765
-5.556
-5.55358
-5.55136
-5.55156
-5.55389
-5.55641
-5.55812
-5.55926
-5.55968
-5.56027
-5.56096
-5.56077
-5.5601
-5.56064
-5.56116
-5.56327
-5.56527
-5.56424
-5.56281
-5.56174
-5.56046
-5.56321
-5.56217
-5.56249
-5.56314
-5.56246
-5.56332
-5.56371
-5.56331
-5.55891
-5.55643
-5.55499
-5.55179
-5.5527
-5.55446
-5.55535
-5.55558
-5.55668
-5.55707
-5.5581
-5.55826
-5.55663
-5.55872
-5.55704
-5.55867
-5.55972
-5.55981
-5.55985
-5.56108
-5.56151
-5.56147
-5.56418
-5.56606
-5.56483
-5.56342
-5.56285
-5.56313
-5.56172
-5.56058
-5.5623
-5.56176
-5.55995
-5.55923
-5.55837
-5.55522
-5.55535
-5.55585
-5.556
-5.5573
-5.55926
-5.55983
-5.56185
-5.56301
-5.56332
-5.5625
-5.56255
-5.56415
-5.56214
-5.56099
-5.56035
-5.5599
-5.56036
-5.56084
-5.56106
-5.56329
-5.56195
-5.56058
-5.56023
-5.56035
-5.55747
-5.55875
-5.55923
-5.55846
-5.55828
-5.55989
-5.55778
-5.55582
-5.55313
-5.55373
-5.55189
-5.5512
-5.55382
-5.55571
-5.5551
-5.55679
-5.55918
-5.55982
-5.56081
-5.56008
-5.5606
-5.5601
-5.56043
-5.55823
-5.55759
-5.55944
-5.56087
-5.55961
-5.55925
-5.56142
-5.56063
-5.56049
-5.56037
-5.5593
-5.55984
-5.55812
-5.558
-5.55659
-5.55553
-5.55617
-5.55537
-5.55671
-5.5563
-5.55694
-5.55654
-5.55629
-5.5584
-5.55835
-5.55751
-5.55922
-5.55966
-5.55985
-5.56012
-5.56076
-5.56075
-5.56132
-5.56048
-5.56046
-5.56026
-5.55834
-5.5574
-5.5592
-5.5577
-5.55974
-5.56076
-5.56035
-5.55935
-5.56056
-5.559
-5.55687
-5.55739
-5.55897
-5.55875
-5.55946
-5.55767
-5.55936
-5.55875
-5.56
-5.56007
-5.56335
-5.56329
-5.56345
-5.56289
-5.56301
-5.56324
-5.5617
-5.56159
-5.5605
-5.56079
-5.56034
-5.56014
-5.55936
-5.55922
-5.55666
-5.55471
-5.55303
-5.55444
-5.55234
-5.5518
-5.55282
-5.5551
-5.55681
-5.55901
-5.56109
-5.56039
-5.56068
-5.56216
-5.56248
-5.56192
-5.56177
-5.56075
-5.55628
-5.55878
-5.558
-5.55738
-5.55872
-5.55814
-5.55744
-5.55637
-5.55576
-5.55658
-5.55702
-5.55916
-5.55757
-5.55644
-5.55864
-5.56091
-5.56256
-5.56131
-5.56035
-5.56188
-5.56131
-5.56126
-5.55792
-5.55885
-5.55957
-5.55941
-5.55957
-5.55928
-5.55908
-5.55665
-5.55525
-5.55756
-5.55402
-5.55489
-5.55455
-5.55445
-5.55394
-5.55508
-5.55597
-5.55634
-5.55604
-5.55761
-5.55817
-5.55879
-5.56058
-5.55946
-5.55845
-5.56147
-5.56136
-5.55902
-5.55894
-5.55882
-5.5597
-5.55745
-5.556
-5.55434
-5.55593
-5.55647
-5.55822
-5.55998
-5.55791
-5.56002
-5.5603
-5.55801
-5.55867
-5.55918
-5.55804
-5.55635
-5.55389
-5.55425
-5.55292
-5.55343
-5.55641
-5.55635
-5.55587
-5.55747
-5.55843
-5.55954
-5.55914
-5.56154
-5.5633
-5.56572
-5.56662
-5.56637
-5.56651
-5.56525
-5.56247
-5.56036
-5.55882
-5.55707
-5.55691
-5.55669
-5.55777
-5.56003
-5.56122
-5.56072
-5.55775
-5.55841
-5.55679
-5.55688
-5.55737
-5.56098
-5.56157
-5.5641
-5.56398
-5.5597
-5.55818
-5.55829
-5.55946
-5.5591
-5.55815
-5.55815
-5.55837
-5.55944
-5.55781
-5.55836
-5.55502
-5.55337
-5.5535
-5.55291
-5.55231
-5.55231
-5.55242
-5.55502
-5.55535
-5.55624
-5.55487
-5.55399
-5.55246
-5.55523
-5.55611
-5.55385
-5.55496
-5.55689
-5.55768
-5.55693
-5.55781
-5.55706
-5.55794
-5.56047
-5.56177
-5.56346
-5.5606
-5.55797
-5.55902
-5.55853
-5.55943
-5.55762
-5.55611
-5.55758
-5.55692
-5.55706
-5.5567
-5.55806
-5.55818
-5.5586
-5.55861
-5.55819
-5.55643
-5.5547
-5.55536
-5.55425
-5.55494
-5.55509
-5.55785
-5.55666
-5.55797
-5.55756
-5.55901
-5.56037
-5.56061
-5.56295
-5.56225
-5.5615
-5.56178
-5.55959
-5.56171
-5.56195
-5.56091
-5.56084
-5.55783
-5.55646
-5.5548
-5.55512
-5.55616
-5.55891
-5.55916
-5.55978
-5.55908
-5.5586
-5.55767
-5.55924
-5.55946
-5.56001
-5.56029
-5.55961
-5.56149
-5.56199
-5.55981
-5.5598
-5.55942
-5.55837
-5.55838
-5.55889
-5.55773
-5.55752
-5.55984
-5.55972
-5.56153
-5.56056
-5.56316
-5.5615
-5.56242
-5.55988
-5.55957
-5.5581
-5.55882
-5.56046
-5.56234
-5.56108
-5.56206
-5.55966
-5.56058
-5.55865
-5.55842
-5.559
-5.55561
-5.55356
-5.55266
-5.55205
-5.55245
-5.55163
-5.55145
-5.5531
-5.55517
-5.55817
-5.5594
-5.56139
-5.56084
-5.56289
-5.56298
-5.56408
-5.56368
-5.55934
-5.55858
-5.5576
-5.5571
-5.55644
-5.55725
-5.55692
-5.55379
-5.55397
-5.55443
-5.55707
-5.55603
-5.55815
-5.55771
-5.55838
-5.56021
-5.56122
-5.56037
-5.56117
-5.56168
-5.56412
-5.56257
-5.56207
-5.56152
-5.56057
-5.558
-5.55753
-5.5545
-5.55329
-5.55145
-5.55004
-5.55067
-5.55195
-5.55248
-5.55337
-5.55481
-5.55508
-5.55675
-5.55562
-5.55691
-5.55681
-5.55799
-5.55601
-5.55544
-5.55626
-5.55776
-5.55696
-5.55703
-5.55828
-5.55811
-5.5588
-5.55845
-5.55709
-5.5567
-5.55631
-5.55402
-5.5518
-5.55099
-5.55165
-5.55344
-5.5534
-5.55468
-5.55523
-5.5563
-5.55565
-5.55498
-5.55345
-5.55503
-5.55516
-5.55636
-5.55593
-5.55634
-5.55624
-5.5559
-5.55463
-5.55568
-5.5562
-5.55695
-5.55613
-5.55776
-5.55677
-5.55768
-5.55916
-5.55727
-5.55708
-5.5569
-5.55537
-5.55541
-5.55577
-5.55522
-5.55537
-5.55614
-5.55805
-5.56067
-5.56071
-5.56109
-5.56025
-5.55897
-5.557
-5.55543
-5.55499
-5.55411
-5.55347
-5.5528
-5.55537
-5.55636
-5.55867
-5.55962
-5.56254
-5.56238
-5.56318
-5.56323
-5.56286
-5.56209
-5.55876
-5.55754
-5.55732
-5.55661
-5.55749
-5.5571
-5.55773
-5.56125
-5.56069
-5.5594
-5.55782
-5.55879
-5.56013
-5.55904
-5.55986
-5.55882
-5.55886
-5.55807
-5.56067
-5.56046
-5.56028
-5.55881
-5.55767
-5.55719
-5.55609
-5.55535
-5.55593
-5.5562
-5.55612
-5.55562
-5.55337
-5.55289
-5.55354
-5.55372
-5.55707
-5.55497
-5.555
-5.55373
-5.55377
-5.55658
-5.55645
-5.5571
-5.55917
-5.56048
-5.56045
-5.56076
-5.56171
-5.56194
-5.56166
-5.56081
-5.56163
-5.56005
-5.55788
-5.55596
-5.55501
-5.55306
-5.5536
-5.55402
-5.55753
-5.55595
-5.55662
-5.5582
-5.56007
-5.56227
-5.5606
-5.5592
-5.56119
-5.56128
-5.56011
-5.55905
-5.55856
-5.55878
-5.55715
-5.5585
-5.55759
-5.55505
-5.55705
-5.5575
-5.5574
-5.55771
-5.5594
-5.56019
-5.55944
-5.55902
-5.55789
-5.55789
-5.55768
-5.55634
-5.55659
-5.55768
-5.55788
-5.55888
-5.5599
-5.56096
-5.56339
-5.56412
-5.55304
-5.55071
-5.55013
-5.55009
-5.54802
-5.54753
-5.54832
-5.5469
-5.54596
-5.54364
-5.54454
-5.5454
-5.54616
-5.54575
-5.54694
-5.54771
-5.54931
-5.54758
-5.54934
-5.54977
-5.55086
-5.55066
-5.55047
-5.54705
-5.54592
-5.5477
-5.54753
-5.54701
-5.54741
-5.54775
-5.5496
-5.54969
-5.54962
-5.54786
-5.5465
-5.54598
-5.54633
-5.54582
-5.54629
-5.54572
-5.54542
-5.54288
-5.54335
-5.54492
-5.54275
-5.54327
-5.54441
-5.54506
-5.54543
-5.54446
-5.54185
-5.54226
-5.54228
-5.54306
-5.54308
-5.54209
-5.54361
-5.54339
-5.54362
-5.54429
-5.54344
-5.54368
-5.5443
-5.54522
-5.54729
-5.54656
-5.54624
-5.54802
-5.54747
-5.5467
-5.54544
-5.54696
-5.547
-5.54742
-5.54948
-5.54859
-5.55015
-5.55179
-5.55245
-5.55088
-5.54885
-5.54779
-5.5485
-5.54943
-5.54831
-5.54865
-5.55068
-5.5472
-5.54526
-5.54611
-5.54462
-5.5453
-5.54465
-5.54434
-5.54646
-5.54696
-5.54722
-5.54583
-5.54766
-5.54695
-5.54685
-5.54809
-5.54725
-5.54702
-5.54773
-5.54743
-5.54645
-5.54477
-5.54567
-5.54367
-5.54534
-5.54461
-5.5448
-5.54396
-5.5436
-5.54452
-5.54468
-5.54434
-5.54416
-5.54579
-5.54628
-5.54724
-5.54836
-5.54809
-5.54753
-5.54553
-5.54453
-5.54328
-5.54237
-5.54487
-5.54736
-5.5481
-5.54931
-5.55067
-5.55152
-5.55151
-5.55351
-5.55137
-5.55064
-5.54946
-5.55054
-5.54947
-5.54826
-5.54595
-5.54641
-5.54698
-5.54601
-5.5457
-5.54407
-5.54403
-5.54463
-5.54658
-5.54765
-5.5463
-5.54515
-5.54552
-5.54669
-5.54757
-5.54733
-5.54773
-5.54641
-5.54592
-5.54183
-5.54272
-5.54199
-5.54113
-5.54191
-5.54174
-5.53964
-5.54107
-5.53955
-5.54083
-5.5422
-5.54411
-5.54609
-5.54447
-5.54574
-5.54672
-5.54684
-5.54581
-5.54274
-5.54161
-5.54155
-5.54298
-5.54205
-5.54296
-5.54143
-5.54031
-5.54248
-5.54338
-5.5456
-5.5459
-5.54526
-5.54558
-5.54393
-5.54448
-5.54335
-5.54352
-5.54276
-5.54203
-5.5419
-5.54326
-5.54387
-5.54346
-5.54434
-5.5446
-5.54614
-5.54568
-5.54679
-5.54627
-5.54611
-5.54632
-5.54462
-5.54524
-5.54496
-5.54538
-5.5474
-5.54737
-5.54813
-5.54711
-5.54567
-5.54228
-5.54515
-5.54757
-5.54636
-5.54601
-5.54609
-5.54841
-5.55032
-5.55211
-5.55026
-5.54894
-5.54743
-5.54477
-5.54168
-5.53959
-5.54152
-5.54044
-5.5396
-5.54285
-5.54237
-5.54455
-5.54345
-5.54513
-5.54632
-5.54443
-5.5457
-5.54434
-5.5459
-5.54585
-5.54546
-5.54794
-5.54659
-5.54771
-5.54979
-5.55156
-5.55185
-5.55329
-5.5527
-5.55126
-5.55258
-5.55228
-5.55151
-5.5511
-5.55023
-5.54961
-5.54961
-5.55122
-5.5518
-5.54996
-5.5494
-5.54866
-5.5512
-5.55124
-5.55144
-5.54936
-5.54737
-5.54586
-5.54392
-5.54416
-5.54495
-5.54432
-5.54641
-5.54852
-5.54825
-5.54905
-5.54826
-5.54951
-5.54865
-5.54514
-5.54354
-5.54515
-5.54574
-5.54665
-5.54503
-5.5445
-5.54314
-5.54282
-5.54186
-5.54189
-5.54258
-5.54268
-5.54416
-5.54633
-5.54752
-5.54699
-5.54731
-5.54714
-5.54746
-5.54509
-5.54428
-5.5448
-5.54222
-5.54022
-5.53983
-5.54167
-5.54399
-5.54274
-5.54327
-5.54517
-5.54459
-5.54483
-5.54729
-5.54718
-5.54419
-5.54315
-5.54727
-5.54745
-5.54664
-5.54584
-5.54574
-5.54633
-5.54566
-5.54531
-5.54493
-5.54389
-5.54579
-5.54677
-5.5459
-5.54642
-5.5457
-5.545
-5.54495
-5.54614
-5.54495
-5.54617
-5.54684
-5.5447
-5.54405
-5.54277
-5.54031
-5.53967
-5.54054
-5.53903
-5.53996
-5.54262
-5.54209
-5.54414
-5.54446
-5.5446
-5.54551
-5.54624
-5.54523
-5.54554
-5.54434
-5.54497
-5.5429
-5.5436
-5.54599
-5.54607
-5.54569
-5.54672
-5.54334
-5.54274
-5.54372
-5.54509
-5.54566
-5.54483
-5.54453
-5.54503
-5.5462
-5.54697
-5.54694
-5.5461
-5.54512
-5.54528
-5.5443
-5.5438
-5.54576
-5.54406
-5.54398
-5.5424
-5.54326
-5.54307
-5.54442
-5.54757
-5.54728
-5.54643
-5.54595
-5.54677
-5.54458
-5.54379
-5.54338
-5.54402
-5.54257
-5.54214
-5.54192
-5.54203
-5.54246
-5.54376
-5.54708
-5.54584
-5.5448
-5.54616
-5.54563
-5.54639
-5.54714
-5.54766
-5.54842
-5.54895
-5.54779
-5.54502
-5.54548
-5.5458
-5.54582
-5.54442
-5.54447
-5.54436
-5.54512
-5.54519
-5.54491
-5.54823
-5.54805
-5.54671
-5.54623
-5.54626
-5.54383
-5.54558
-5.54812
-5.54717
-5.5486
-5.54768
-5.54298
-5.54242
-5.54539
-5.54407
-5.5451
-5.54636
-5.54869
-5.54941
-5.54984
-5.5475
-5.54708
-5.54936
-5.54985
-5.5498
-5.54845
-5.54826
-5.54621
-5.54587
-5.54117
-5.54102
-5.53915
-5.54028
-5.54061
-5.54395
-5.54688
-5.54624
-5.5496
-5.54937
-5.55042
-5.54795
-5.55111
-5.55062
-5.54885
-5.54782
-5.5453
-5.5429
-5.54377
-5.54331
-5.54539
-5.54552
-5.54281
-5.54154
-5.54267
-5.54197
-5.54324
-5.54387
-5.54676
-5.54547
-5.54485
-5.54555
-5.54495
-5.54558
-5.54606
-5.54667
-5.54771
-5.54952
-5.54959
-5.54768
-5.54616
-5.54674
-5.54754
-5.54765
-5.54775
-5.54971
-5.5489
-5.54835
-5.54949
-5.54933
-5.54949
-5.54877
-5.54695
-5.54705
-5.54752
-5.54581
-5.54419
-5.54523
-5.54598
-5.54476
-5.54478
-5.54248
-5.54404
-5.54308
-5.54389
-5.54363
-5.54495
-5.54565
-5.54573
-5.54572
-5.54795
-5.54959
-5.54985
-5.54773
-5.5472
-5.54451
-5.54559
-5.54339
-5.54252
-5.54236
-5.54358
-5.54425
-5.54467
-5.54681
-5.54643
-5.54646
-5.54556
-5.54598
-5.5464
-5.54553
-5.54664
-5.54622
-5.54555
-5.54847
-5.54973
-5.55083
-5.55005
-5.55159
-5.55033
-5.54834
-5.5471
-5.54673
-5.54697
-5.54586
-5.54653
-5.54725
-5.54757
-5.54838
-5.54739
-5.54658
-5.54568
-5.54445
-5.54198
-5.54059
-5.54031
-5.5408
-5.54177
-5.54221
-5.54437
-5.54235
-5.54248
-5.54306
-5.54467
-5.54605
-5.54466
-5.54484
-5.54506
-5.5457
-5.54612
-5.54468
-5.54327
-5.54509
-5.54168
-5.54114
-5.54057
-5.53935
-5.53854
-5.53888
-5.53757
-5.53921
-5.54121
-5.54505
-5.5463
-5.54665
-5.54816
-5.54787
-5.54939
-5.54927
-5.54799
-5.54799
-5.54781
-5.54785
-5.54621
-5.54703
-5.54765
-5.54539
-5.54405
-5.54423
-5.54366
-5.54495
-5.54363
-5.54203
-5.5425
-5.54348
-5.54241
-5.54217
-5.54267
-5.54447
-5.54556
-5.54851
-5.54977
-5.55037
-5.54969
-5.55132
-5.55037
-5.55164
-5.55411
-5.55289
-5.55282
-5.55135
-5.55109
-5.54854
-5.54859
-5.54996
-5.55103
-5.54918
-5.54919
-5.54749
-5.54568
-5.54446
-5.54289
-5.54236
-5.5449
-5.54314
-5.54137
-5.53996
-5.54082
-5.54022
-5.54283
-5.54552
-5.54591
-5.54465
-5.54701
-5.54631
-5.54465
-5.5444
-5.54469
-5.54649
-5.54717
-5.54826
-5.54867
-5.5489
-5.54823
-5.54894
-5.54814
-5.5479
-5.54702
-5.54754
-5.54755
-5.54703
-5.54531
-5.54656
-5.5482
-5.54959
-5.55105
-5.55255
-5.55144
-5.54997
-5.55008
-5.5499
-5.54884
-5.54853
-5.54988
-5.54985
-5.54964
-5.54885
-5.54721
-5.54866
-5.54917
-5.54984
-5.54654
-5.54698
-5.54683
-5.54723
-5.54644
-5.54411
-5.5455
-5.54456
-5.54432
-5.5423
-5.54113
-5.54149
-5.54048
-5.54165
-5.54237
-5.54581
-5.54445
-5.5463
-5.54675
-5.54703
-5.54648
-5.54798
-5.54958
-5.54867
-5.54753
-5.54747
-5.54887
-5.54864
-5.54788
-5.54609
-5.54525
-5.54659
-5.54741
-5.54724
-5.54927
-5.54897
-5.54865
-5.54832
-5.54666
-5.54459
-5.54436
-5.54372
-5.54145
-5.54219
-5.54086
-5.54048
-5.54302
-5.54297
-5.54504
-5.54712
-5.54837
-5.548
-5.5505
-5.54911
-5.55036
-5.55208
-5.55146
-5.55247
-5.55195
-5.55255
-5.55231
-5.55085
-5.54943
-5.54702
-5.54587
-5.54562
-5.54542
-5.54477
-5.54672
-5.54923
-5.5485
-5.55007
-5.54859
-5.5463
-5.54499
-5.54329
-5.54307
-5.54125
-5.53979
-5.53899
-5.54108
-5.54087
-5.53995
-5.54078
-5.54124
-5.54469
-5.5449
-5.54576
-5.54606
-5.54622
-5.54527
-5.54509
-5.54599
-5.54544
-5.54548
-5.5433
-5.54484
-5.54437
-5.54426
-5.54482
-5.54467
-5.54561
-5.54368
-5.54468
-5.54639
-5.54879
-5.54859
-5.54828
-5.54843
-5.54966
-5.55001
-5.55015
-5.54913
-5.54796
-5.54893
-5.54916
-5.55155
-5.55066
-5.55106
-5.54894
-5.54797
-5.54761
-5.54597
-5.54762
-5.54833
-5.55029
-5.55302
-5.55018
-5.5506
-5.55124
-5.54987
-5.54694
-5.54711
-5.5498
-5.54863
-5.54985
-5.54929
-5.54954
-5.54669
-5.54753
-5.54658
-5.54676
-5.54676
-5.5465
-5.54911
-5.5509
-5.55306
-5.5523
-5.5528
-5.55395
-5.5519
-5.54807
-5.5465
-5.54742
-5.54485
-5.5457
-5.54509
-5.54384
-5.54339
-5.54293
-5.54306
-5.5421
-5.54039
-5.5408
-5.54138
-5.54404
-5.54427
-5.54308
-5.54474
-5.54669
-5.54603
-5.54602
-5.54572
-5.54643
-5.54332
-5.54382
-5.54373
-5.54792
-5.54541
-5.54757
-5.54984
-5.55124
-5.55072
-5.55111
-5.55142
-5.55165
-5.55014
-5.55107
-5.55086
-5.55114
-5.55196
-5.55175
-5.55059
-5.55017
-5.54893
-5.5479
-5.54644
-5.54674
-5.54613
-5.54547
-5.54662
-5.54637
-5.54675
-5.54883
-5.55012
-5.54993
-5.55139
-5.55305
-5.55282
-5.55422
-5.55076
-5.5496
-5.54496
-5.54277
-5.54061
-5.53876
-5.54007
-5.53893
-5.53916
-5.53808
-5.54036
-5.54118
-5.54417
-5.54402
-5.54704
-5.54651
-5.54723
-5.54816
-5.54759
-5.54684
-5.54762
-5.54648
-5.54577
-5.54552
-5.54603
-5.54536
-5.54769
-5.54749
-5.54927
-5.54746
-5.55013
-5.54882
-5.54743
-5.54572
-5.54471
-5.54541
-5.54552
-5.54496
-5.5456
-5.54776
-5.54626
-5.54668
-5.54773
-5.54847
-5.54762
-5.54915
-5.55219
-5.55294
-5.55265
-5.55055
-5.54969
-5.55088
-5.55113
-5.55178
-5.55031
-5.55234
-5.55014
-5.5492
-5.54817
-5.54827
-5.54688
-5.54536
-5.54288
-5.54159
-5.54072
-5.54266
-5.5441
-5.54218
-5.54274
-5.54235
-5.54419
-5.54123
-5.542
-5.54048
-5.54127
-5.54056
-5.54288
-5.54337
-5.54291
-5.54403
-5.5438
-5.54607
-5.54728
-5.54711
-5.54652
-5.54682
-5.54705
-5.54592
-5.54504
-5.54541
-5.49081
-5.4875
-5.48686
-5.48664
-5.49126
-5.49279
-5.49534
-5.49688
-5.49708
-5.49684
-5.49613
-5.49652
-5.49637
-5.49795
-5.49644
-5.49574
-5.4933
-5.4914
-5.49008
-5.4894
-5.48786
-5.48844
-5.48991
-5.49132
-5.49198
-5.49241
-5.49279
-5.49392
-5.49507
-5.496
-5.49622
-5.49529
-5.49527
-5.49484
-5.49416
-5.49277
-5.49156
-5.49278
-5.49064
-5.49136
-5.48852
-5.48931
-5.48898
-5.48889
-5.49133
-5.49268
-5.49406
-5.49559
-5.49549
-5.4963
-5.49876
-5.50144
-5.50001
-5.49885
-5.49637
-5.49503
-5.4959
-5.4955
-5.49442
-5.49572
-5.4948
-5.49444
-5.49696
-5.49546
-5.49467
-5.49383
-5.49581
-5.49413
-5.49304
-5.49328
-5.49361
-5.49538
-5.49502
-5.49547
-5.499
-5.49943
-5.4993
-5.49912
-5.50031
-5.49978
-5.49808
-5.49716
-5.49555
-5.49601
-5.49362
-5.49188
-5.48807
-5.49009
-5.48984
-5.4895
-5.4879
-5.49088
-5.49288
-5.49487
-5.49551
-5.49559
-5.4973
-5.49599
-5.49535
-5.49415
-5.49472
-5.49453
-5.49564
-5.49588
-5.49721
-5.49793
-5.49881
-5.50026
-5.50046
-5.50223
-5.50137
-5.5005
-5.5013
-5.50025
-5.49768
-5.49527
-5.4934
-5.49251
-5.4917
-5.4898
-5.48718
-5.48683
-5.48522
-5.48365
-5.48243
-5.48314
-5.48474
-5.48652
-5.48936
-5.49116
-5.49499
-5.49709
-5.49835
-5.4981
-5.4984
-5.49683
-5.49522
-5.49768
-5.49656
-5.49839
-5.49851
-5.49996
-5.49933
-5.49722
-5.49497
-5.49298
-5.49293
-5.49389
-5.49328
-5.49242
-5.49063
-5.4918
-5.48971
-5.48857
-5.48965
-5.48846
-5.48895
-5.49024
-5.49277
-5.49269
-5.49325
-5.49367
-5.4928
-5.49399
-5.4948
-5.49326
-5.49067
-5.49004
-5.4918
-5.49025
-5.49195
-5.49568
-5.49403
-5.4942
-5.49174
-5.49222
-5.49081
-5.49033
-5.48963
-5.49307
-5.49302
-5.49303
-5.49312
-5.49439
-5.49435
-5.49373
-5.49319
-5.49174
-5.49255
-5.49557
-5.49782
-5.49893
-5.4992
-5.49928
-5.49729
-5.49787
-5.49694
-5.49463
-5.49185
-5.49045
-5.49103
-5.49075
-5.49103
-5.49196
-5.49283
-5.49247
-5.49522
-5.49543
-5.49598
-5.49753
-5.4956
-5.49478
-5.49678
-5.49618
-5.49531
-5.49256
-5.49215
-5.49276
-5.49212
-5.49184
-5.48838
-5.48858
-5.48928
-5.48926
-5.48818
-5.49175
-5.49266
-5.4927
-5.49276
-5.49319
-5.49345
-5.49176
-5.49155
-5.49135
-5.4899
-5.49003
-5.49119
-5.49254
-5.49231
-5.49434
-5.49478
-5.49276
-5.49258
-5.49272
-5.49228
-5.49165
-5.49118
-5.49059
-5.49116
-5.49156
-5.49005
-5.49138
-5.49119
-5.49266
-5.49155
-5.49084
-5.49035
-5.4906
-5.49243
-5.49046
-5.49146
-5.49106
-5.48997
-5.49286
-5.49584
-5.49476
-5.4933
-5.49188
-5.49089
-5.49169
-5.49265
-5.49274
-5.4938
-5.49512
-5.49475
-5.49456
-5.49255
-5.49093
-5.49005
-5.49067
-5.49263
-5.49414
-5.494
-5.49451
-5.49588
-5.49699
-5.49701
-5.49611
-5.49652
-5.4957
-5.49509
-5.49322
-5.4925
-5.48948
-5.48939
-5.49091
-5.4926
-5.49074
-5.49136
-5.49439
-5.49366
-5.49244
-5.49274
-5.49228
-5.49333
-5.49296
-5.49281
-5.49159
-5.49103
-5.48898
-5.48978
-5.48896
-5.48908
-5.49038
-5.4914
-5.49269
-5.49352
-5.4942
-5.49539
-5.49642
-5.49564
-5.49562
-5.49406
-5.49334
-5.49168
-5.49248
-5.4943
-5.49227
-5.49341
-5.49399
-5.49612
-5.49805
-5.49808
-5.5001
-5.49991
-5.49724
-5.49667
-5.49504
-5.49248
-5.49107
-5.48845
-5.48804
-5.48729
-5.48763
-5.48862
-5.49058
-5.49211
-5.49172
-5.49115
-5.4892
-5.48942
-5.49115
-5.49117
-5.49311
-5.49314
-5.49204
-5.49312
-5.49607
-5.49689
-5.49641
-5.49644
-5.49592
-5.49679
-5.4958
-5.49363
-5.49453
-5.49632
-5.49622
-5.49667
-5.49715
-5.49606
-5.49724
-5.4966
-5.49527
-5.49672
-5.49543
-5.49629
-5.49578
-5.49676
-5.49527
-5.49383
-5.49349
-5.49174
-5.4933
-5.49344
-5.49092
-5.4913
-5.49198
-5.49165
-5.49144
-5.49244
-5.49149
-5.49139
-5.48895
-5.48696
-5.48799
-5.48784
-5.488
-5.48774
-5.48929
-5.49059
-5.4914
-5.49077
-5.49211
-5.49332
-5.49353
-5.49244
-5.49267
-5.49332
-5.4941
-5.49374
-5.49122
-5.49492
-5.49505
-5.49439
-5.49316
-5.4943
-5.49242
-5.49355
-5.49362
-5.49038
-5.49284
-5.49214
-5.49141
-5.49252
-5.49063
-5.49225
-5.4906
-5.4912
-5.49109
-5.49088
-5.48992
-5.48863
-5.48971
-5.48843
-5.48809
-5.49165
-5.49229
-5.49281
-5.49464
-5.49433
-5.49621
-5.49631
-5.49629
-5.49626
-5.49635
-5.49671
-5.49617
-5.49318
-5.49138
-5.49207
-5.49199
-5.49271
-5.49187
-5.49366
-5.49287
-5.49403
-5.49425
-5.49444
-5.49452
-5.49439
-5.49336
-5.49343
-5.49339
-5.49084
-5.49207
-5.49135
-5.4913
-5.48993
-5.49071
-5.49132
-5.49363
-5.49529
-5.49523
-5.49592
-5.49601
-5.49448
-5.49653
-5.49731
-5.4959
-5.49501
-5.4948
-5.49509
-5.49435
-5.49353
-5.49577
-5.49511
-5.49348
-5.49118
-5.4915
-5.49515
-5.49536
-5.49631
-5.49788
-5.50064
-5.50162
-5.50088
-5.50169
-5.49951
-5.49495
-5.4925
-5.4922
-5.49025
-5.48906
-5.4875
-5.48538
-5.48531
-5.4882
-5.49095
-5.49399
-5.49684
-5.49812
-5.49941
-5.49977
-5.49928
-5.49961
-5.50019
-5.50141
-5.50199
-5.50101
-5.5017
-5.50051
-5.501
-5.4996
-5.49921
-5.50048
-5.50051
-5.49995
-5.49944
-5.50088
-5.49869
-5.49408
-5.48988
-5.49061
-5.48956
-5.48684
-5.4897
-5.49012
-5.49142
-5.49049
-5.49008
-5.49157
-5.49317
-5.49381
-5.49214
-5.49345
-5.49424
-5.49592
-5.497
-5.49567
-5.49432
-5.49338
-5.49455
-5.49434
-5.49532
-5.49581
-5.49505
-5.49456
-5.49331
-5.49589
-5.49462
-5.49512
-5.49353
-5.49195
-5.49341
-5.49548
-5.4969
-5.49722
-5.49665
-5.49463
-5.49405
-5.49258
-5.4931
-5.49308
-5.49286
-5.49344
-5.49282
-5.49221
-5.49151
-5.49133
-5.48941
-5.4894
-5.49137
-5.49181
-5.49228
-5.4908
-5.49149
-5.49241
-5.49387
-5.4969
-5.49764
-5.49519
-5.49315
-5.49351
-5.49335
-5.49295
-5.49384
-5.49426
-5.49676
-5.49518
-5.49185
-5.49047
-5.48854
-5.48713
-5.4882
-5.48947
-5.49025
-5.49109
-5.49413
-5.49413
-5.49398
-5.49308
-5.49474
-5.49677
-5.4979
-5.49811
-5.49795
-5.49792
-5.49597
-5.49337
-5.49211
-5.49269
-5.49302
-5.49296
-5.49231
-5.49145
-5.49259
-5.49238
-5.4926
-5.49276
-5.49174
-5.49369
-5.49343
-5.49361
-5.49438
-5.49551
-5.49547
-5.49521
-5.49592
-5.49527
-5.49617
-5.49384
-5.49353
-5.49269
-5.49222
-5.49397
-5.49495
-5.49676
-5.49787
-5.49579
-5.4961
-5.49491
-5.49502
-5.49533
-5.49385
-5.49062
-5.48896
-5.48835
-5.49018
-5.48996
-5.49154
-5.49126
-5.49124
-5.49264
-5.4935
-5.49419
-5.49449
-5.49288
-5.49297
-5.49157
-5.49418
-5.49528
-5.49484
-5.49153
-5.4931
-5.49431
-5.4948
-5.4952
-5.49586
-5.49493
-5.49546
-5.49686
-5.49704
-5.49672
-5.49866
-5.49931
-5.49943
-5.49977
-5.50044
-5.50025
-5.49929
-5.49859
-5.49681
-5.49616
-5.4946
-5.49469
-5.49507
-5.49671
-5.49602
-5.49751
-5.49596
-5.49488
-5.4946
-5.49578
-5.49521
-5.49557
-5.49528
-5.49376
-5.49068
-5.4899
-5.48915
-5.48945
-5.48894
-5.48707
-5.48747
-5.48858
-5.48874
-5.49014
-5.49005
-5.49342
-5.4955
-5.49671
-5.49633
-5.49766
-5.49794
-5.49607
-5.4942
-5.49279
-5.49386
-5.49229
-5.49002
-5.49122
-5.49069
-5.48837
-5.48876
-5.48988
-5.4914
-5.49202
-5.49333
-5.49395
-5.49347
-5.49408
-5.49347
-5.49491
-5.49525
-5.49783
-5.4972
-5.49796
-5.49972
-5.49791
-5.49701
-5.49566
-5.49554
-5.49411
-5.49368
-5.49135
-5.49201
-5.49214
-5.49208
-5.49349
-5.49476
-5.49525
-5.49561
-5.49611
-5.49734
-5.49725
-5.49766
-5.49813
-5.49857
-5.49831
-5.5003
-5.49978
-5.49717
-5.49488
-5.49172
-5.49102
-5.49128
-5.49025
-5.4912
-5.49054
-5.49044
-5.49109
-5.49166
-5.49167
-5.49397
-5.49367
-5.49438
-5.4926
-5.49427
-5.49365
-5.49243
-5.49389
-5.49254
-5.49192
-5.49267
-5.49316
-5.49276
-5.49183
-5.49139
-5.48921
-5.48986
-5.49006
-5.49073
-5.4914
-5.49485
-5.49573
-5.49717
-5.4972
-5.49524
-5.49572
-5.49464
-5.49575
-5.49615
-5.49766
-5.4985
-5.49763
-5.49702
-5.49514
-5.49497
-5.49523
-5.49655
-5.4966
-5.4963
-5.49498
-5.49325
-5.49405
-5.49514
-5.49433
-5.49402
-5.49368
-5.49233
-5.49464
-5.49428
-5.496
-5.495
-5.49559
-5.49615
-5.49627
-5.49551
-5.49674
-5.49678
-5.49545
-5.49451
-5.49698
-5.49673
-5.49593
-5.49615
-5.496
-5.49647
-5.49501
-5.4949
-5.49334
-5.49138
-5.49396
-5.49492
-5.49665
-5.49729
-5.49629
-5.4968
-5.49593
-5.49572
-5.49369
-5.49483
-5.49344
-5.49474
-5.49544
-5.49485
-5.49264
-5.49057
-5.48947
-5.48852
-5.49259
-5.49311
-5.49698
-5.49778
-5.49826
-5.49934
-5.49975
-5.50087
-5.49925
-5.49559
-5.49411
-5.4939
-5.4937
-5.49159
-5.49019
-5.48953
-5.48897
-5.48914
-5.49003
-5.49034
-5.48939
-5.49139
-5.49177
-5.49246
-5.48958
-5.489
-5.49014
-5.49176
-5.49257
-5.49448
-5.49287
-5.49217
-5.49356
-5.49371
-5.49289
-5.49307
-5.49335
-5.49317
-5.4904
-5.49161
-5.49167
-5.4916
-5.48847
-5.48782
-5.48966
-5.49045
-5.49211
-5.49329
-5.49552
-5.49865
-5.50125
-5.50191
-5.50056
-5.50013
-5.49484
-5.49388
-5.49447
-5.49448
-5.49374
-5.49165
-5.48955
-5.49035
-5.49145
-5.49278
-5.49331
-5.49198
-5.49329
-5.49396
-5.49779
-5.4995
-5.49995
-5.49933
-5.49697
-5.4997
-5.49757
-5.49332
-5.49197
-5.49402
-5.4899
-5.48844
-5.49002
-5.49171
-5.49151
-5.49323
-5.49608
-5.49729
-5.49954
-5.4988
-5.4996
-5.4985
-5.50179
-5.50272
-5.50195
-5.503
-5.50161
-5.49877
-5.49651
-5.49622
-5.49189
-5.48913
-5.49061
-5.49083
-5.49202
-5.4932
-5.493
-5.49557
-5.49528
-5.49517
-5.49504
-5.49638
-5.49761
-5.49532
-5.4981
-5.4977
-5.49712
-5.49829
-5.49625
-5.49827
-5.49903
-5.49747
-5.49656
-5.49617
-5.49203
-5.48863
-5.48746
-5.4892
-5.48924
-5.49222
-5.49398
