0                  6.95297e-311                  8.33845e-156
0.064633                  4.63871e-311                  5.89617e-156
0.129266                  6.95297e-311                  4.81421e-156
0.193899                  6.91713e-311                             0
0.258532                  6.91713e-311                  3.72907e-156
0.323165                  6.91713e-311                  3.40416e-156
0.387798                  6.95297e-311                   3.1435e-156
0.452431                  6.91707e-311                  2.94048e-156
0.517064                  6.91713e-311                             0
0.581697                  1.73484e+232                          -nan
0.64633                  4.63871e-311                  2.51414e-156
0.710963                  4.63871e-311                             0
0.775596                             0                             0
0.84023                   0.000652469                   2.73868e-05
0.904863                      0.129956                    0.00446339
0.969496                      0.923711                          -nan
1.03413                       1.79042                      0.054426
1.09876                       1.98873                     0.0619389
1.16339                       1.84768                      0.052037
1.22803                       1.62783                     0.0404723
1.29266                       1.44842                     0.0355114
1.35729                        1.2928                     0.0300654
1.42193                       1.20823                     0.0254378
1.48656                       1.12448                     0.0215228
1.55119                       1.07246                     0.0199342
1.61583                       1.05725                     0.0188454
1.68046                       1.00615                     0.0181471
1.74509                      0.987437                      0.015403
1.80973                      0.977124                     0.0132117
1.87436                      0.981704                     0.0115767
1.93899                      0.982018                     0.0110617
2.00362                      0.987333                     0.0100458
2.06826                      0.997372                    0.00912249
2.13289                      0.992955                    0.00952147
2.19752                      0.991831                    0.00825069
2.26216                       1.00164                    0.00786958
2.32679                      0.990961                    0.00771245
2.39142                         1.003                    0.00528414
2.45606                      0.995613                    0.00587837
2.52069                       1.00717                    0.00478529
2.58532                       1.01251                    0.00354667
2.64995                       1.02082                    0.00292914
2.71459                       1.02528                    0.00315124
2.77922                        1.0371                    0.00205871
2.84385                       1.03325                     0.0013633
2.90849                        1.0204                    0.00105817
2.97312                       1.02221                    0.00119259
3.03775                       1.01873                     0.0012626
3.10239                       1.01252                    0.00189985
3.16702                       1.00579                    0.00191228
3.23165                      0.999554                    0.00254113
3.29629                      0.993942                    0.00227822
3.36092                      0.986915                    0.00234979
3.42555                      0.987632                    0.00297029
3.49018                      0.987392                    0.00228592
3.55482                      0.983262                    0.00259436
3.61945                      0.987245                    0.00239288
3.68408                      0.989117                     0.0032113
3.74872                      0.981209                    0.00338661
3.81335                      0.984475                    0.00322327
3.87798                       0.98384                    0.00309736
3.94262                      0.992642                    0.00244654
4.00725                      0.988702                    0.00226168
4.07188                      0.988933                    0.00244564
4.13651                      0.988731                    0.00182241
4.20115                       0.99351                    0.00207741
4.26578                      0.993464                    0.00209251
4.33041                      0.998016                    0.00216304
4.39505                      0.999076                     0.0017486
4.45968                  1.73484e+232                          -nan
4.52431                      0.992201                    0.00170946
4.58895                      0.997747                     0.0013173
4.65358                      0.996362                    0.00148894
4.71821                      0.999498                    0.00111191
4.78285                      0.996411                    0.00107376
4.84748                      0.994948                   0.000916924
4.91211                       1.00013                   0.000653115
4.97674                        1.0014                   0.000401486
5.04138                       1.00433                   0.000648473
5.10601                       1.01216                    0.00131398
5.17064                       1.01644                    0.00149309
5.23528                        1.0136                    0.00180379
5.29991                       1.01357                    0.00190469
5.36454                  1.73484e+232                          -nan
5.42918                       1.00913                    0.00123549
5.49381                       1.00953                   0.000830169
5.55844                       1.00866                   0.000752411
5.62307                       1.00601                   0.000442277
5.68771                       1.00069                          -nan
5.75234                       1.00181                  1.38838e+115
5.81697                      0.998325                   0.000306897
5.88161                      0.997512                   0.000323011
5.94624                      0.999281                   0.000344745
6.01087                       0.99226                   0.000325985
6.07551                      0.993848                   0.000511723
6.14014                      0.994281                   0.000548532
6.20477                      0.992969                   0.000665156
6.2694                       0.99211                   0.000466493
6.33404                      0.990107                   0.000598635
6.39867                      0.991121                          -nan
