1.14473
1.44941
0.417914
0.472844
0.0854504
0.578043
0.822844
0.815742
0.89048
1.0769
1.42702
0.602098
0.668139
0.77409
1.41538
0.82618
1.48781
1.07387
0.280484
0.901768
0.88558
1.50521
0.691215
1.25268
1.37724
0.75592
0.422434
0.701583
0.0936395
0.400484
1.51719
0.905966
0.0342524
0.823115
0.553822
0.509472
1.22957
0.859611
9.9135e-05
0.78004
0.407683
1.35989
1.33319
1.32715
1.48557
1.00784
0.711689
1.53271
0.926694
0.0401755
1.04333
0.861391
0.38336
1.11047
0.793593
0.311108
0.59973
1.24364
0.182401
0.581169
1.29783
0.471782
1.34623
0.865139
1.35744
0.969672
1.10851
0.960616
0.944195
0.804248
0.198112
0.975928
0.920632
0.0442428
1.28949
0.3488
0.0833722
0.174937
0.879954
0.916237
0.934576
1.36025
0.506345
1.35736
0.926988
0.862431
0.784488
1.37123
0.984151
0.0392682
1.40799
0.531381
0.284873
0.216158
0.447139
0.639919
0.0807312
0.206349
0.541875
1.0315
0.709936
0.349418
0.507068
0.805506
0.0789439
0.625988
0.202351
0.524955
0.813438
1.01085
0.701916
0.742009
1.16208
0.919452
0.096418
1.1826
0.731351
1.34115
0.0010587
0.889879
0.0678378
0.124569
0.496102
1.45134
1.41184
0.855908
1.44395
1.23662
1.3245
0.830704
0.782322
0.402702
0.32066
0.207212
0.892916
0.458464
0.0636403
1.3461
0.792396
1.56745
0.807058
0.15267
1.02515
1.31148
0.593801
0.778824
0.145873
0.5933
0.826599
1.09009
1.35249
0.80909
0.492713
1.39597
0.686149
1.43713
1.19684
0.33937
1.0266
0.0323472
0.478457
0.873602
0.658332
0.535008
0.858321
0.923106
1.24843
0.752744
1.41486
0.477275
1.19015
0.942763
0.525807
0.437624
0.0887392
0.625045
0.401235
0.366277
0.0830997
0.750593
0.476507
1.09369
0.941251
0.938592
1.20965
1.38749
1.49675
0.862983
0.470559
1.13523
0.839271
0.976013
0.33954
1.22923
0.962508
0.69186
0.526844
0.120518
1.1618
0.339689
0.185463
0.71073
0.38984
0.645843
0.508407
0.119983
0.569543
0.999034
0.378342
0.922302
1.44294
1.47043
0.365653
0.400761
0.298609
0.538661
0.423925
0.636929
0.173011
0.557786
1.51847
1.29389
0.36744
1.19262
0.426023
0.306753
1.39782
1.53095
0.467496
1.30857
1.236
0.217165
0.363598
0.000512181
1.04409
1.38157
1.11576
0.814103
0.75009
0.270751
0.532409
0.282116
0.585934
0.0132852
0.110501
0.475696
0.763176
0.295632
0.804676
0.434154
0.785705
1.13856
0.449108
0.709463
1.52048
0.0675816
0.268512
0.655509
0.0504115
0.67807
0.978041
1.4532
1.08041
0.250287
1.07862
0.505546
0.532827
0.764841
0.539917
1.55136
0.678737
0.88341
1.54301
1.06463
0.491734
1.56694
0.821943
0.0600879
0.027393
0.948045
0.441721
0.165295
1.11261
0.510113
0.657261
0.871624
0.883504
0.9443
0.39167
0.368808
1.47836
0.701078
0.22479
0.902657
1.31627
0.701356
1.56193
0.310796
0.41089
0.856263
1.20795
0.168447
0.746926
0.486547
0.64959
1.29775
0.969851
0.623518
0.190886
1.28315
0.148451
0.264068
0.0316534
1.22993
1.24139
0.766357
0.486645
0.675587
1.51376
0.906624
1.09583
1.27014
1.32971
0.401229
0.879262
1.02444
0.28484
0.637866
0.688144
0.557851
0.460577
0.437829
0.775511
0.862664
0.702708
1.23309
0.50647
1.24015
0.706363
0.906638
0.882061
0.392222
1.47674
0.783514
1.09291
0.781842
1.19679
0.797204
1.06469
1.16612
1.4344
0.477112
0.785885
0.94831
0.430076
0.740807
0.529831
0.137899
0.88609
0.140831
0.569912
0.309189
0.954696
0.046912
0.536921
0.446083
0.983169
0.754546
0.796244
0.438475
0.168688
0.930905
1.09855
0.400789
1.16684
0.839197
1.20765
0.83621
0.330169
0.7914
0.370719
1.47977
1.00426
0.699031
0.545563
1.35773
1.5638
1.47822
0.397426
1.13936
0.0546661
0.509728
1.56983
0.09582
1.23271
0.468883
0.079757
1.48277
1.495
1.27422
0.050285
1.05299
0.646897
0.0430024
0.903032
0.0562377
0.557056
0.48838
1.50967
0.586451
0.819141
1.18873
1.08636
0.808623
1.03243
1.01829
0.86019
0.806167
0.0744008
1.53498
1.53914
0.366986
0.554082
0.96126
0.614906
1.38264
0.313164
0.154968
1.29974
1.13829
1.41754
0.0564175
0.524591
1.53642
1.53862
1.36549
1.55214
0.145178
1.14547
1.50692
1.23544
0.509496
0.967952
0.80609
0.767451
1.23291
0.319133
0.585318
1.2901
1.10399
1.47616
0.144198
1.24381
1.374
0.425429
1.44876
0.218447
1.31038
0.389257
0.520727
0.499212
0.932042
0.851465
0.739413
0.466223
1.2753
1.13223
0.646553
1.17459
0.991565
0.468042
0.253618
1.00016
0.248985
1.34731
0.283883
0.0123977
0.328932
1.31474
0.834482
0.62244
0.0413306
0.437395
1.39329
0.768427
1.06631
1.2038
0.00754428
0.932247
0.921248
0.367441
0.689423
0.488627
0.646664
1.09838
0.036591
0.0930574
1.56613
0.776671
0.290655
0.45535
0.442251
0.305436
0.670441
0.200784
0.496935
1.31009
0.616241
1.06437
1.47331
0.415275
0.517109
1.18556
0.0852665
0.532279
0.0459002
0.691126
0.216392
0.244335
0.394717
1.5434
1.00597
0.803663
0.118388
1.13921
1.12307
1.56461
1.19704
0.358972
0.735984
1.20796
0.617623
1.31546
0.561544
0.550013
1.38336
0.530406
1.28167
0.428676
0.44857
1.44728
0.749173
1.17831
1.05649
0.638372
1.0959
1.14498
0.559292
1.45773
0.821514
1.42584
0.400946
0.926828
0.772607
0.851676
0.914914
0.409453
0.553018
0.663986
1.24264
0.800996
1.33904
0.692232
1.26326
0.764238
0.25358
0.707408
0.706522
1.05837
1.1671
0.595646
0.697867
0.294507
0.306708
0.721931
0.685742
0.340656
0.4391
0.51733
0.79427
0.915597
0.640597
0.587013
1.01832
1.00661
1.22047
0.200611
0.721365
1.10936
1.01
0.375689
0.277712
1.07253
0.374636
0.280078
1.08206
0.453175
0.598078
0.885183
0.941792
0.630713
0.205827
0.211242
1.1536
1.55078
0.670027
0.913728
0.579611
0.874278
0.860871
0.837373
1.23243
0.875954
1.29995
0.0412485
1.08287
0.792338
0.711647
0.543943
0.808067
1.45467
0.0917466
1.23209
0.926476
1.32435
0.307019
0.179521
1.26497
0.232924
0.786257
0.886465
0.999052
0.422947
0.980679
0.819617
0.988644
0.723644
0.82524
0.558752
1.00223
0.0456015
0.796882
0.341609
0.227993
0.08923
1.37926
0.799078
0.863122
1.34091
0.168474
0.246991
1.31096
1.04573
1.11708
0.605823
0.219682
1.3339
1.03809
0.0866116
1.47803
1.45472
1.1467
1.33961
0.291391
0.994784
0.702876
0.388015
0.274262
0.599295
0.980934
0.83059
1.14607
0.795482
0.0647142
0.371675
1.36449
0.878937
0.499646
1.54814
1.3857
0.723699
1.17891
1.0246
0.197976
0.782986
0.198189
0.0838461
1.08273
0.93923
1.27901
0.829714
1.03991
0.0620046
0.19426
0.907887
1.21752
0.629241
0.81229
0.0779572
0.8187
0.848214
0.618183
0.700207
0.693693
1.49031
0.268852
0.113609
0.745097
0.287385
0.905795
0.291941
0.330764
0.657248
1.38647
1.5404
0.585757
0.557996
0.279639
0.50216
1.49299
0.24069
0.430714
0.744627
0.63832
0.750957
1.0501
1.40927
0.0144234
0.83214
1.4736
1.32231
0.135606
1.46644
0.111713
0.626871
1.4689
0.547402
1.16807
0.989398
1.19647
0.833313
0.0624838
1.2775
0.792614
0.754939
0.453255
0.39166
1.32793
0.568159
0.745262
0.020953
0.805976
0.387211
1.45751
1.43372
1.12607
0.735656
0.933302
0.951137
1.39466
0.755036
1.14169
1.47186
1.15259
0.478451
0.955295
0.717972
1.02925
0.818412
0.907673
0.49366
0.661867
1.10132
0.0257817
0.178633
0.643679
0.58538
0.703598
1.18828
0.311652
0.261162
0.0479907
1.30483
0.222209
0.900093
1.37042
1.06148
0.722829
0.700064
0.414862
0.660905
0.050494
1.22482
0.741678
1.50384
0.362302
1.24336
1.35556
0.435348
1.4288
1.23677
0.646421
0.442326
1.16564
0.912042
1.15939
1.41098
0.775199
0.598984
1.12551
0.879664
0.634408
0.729594
0.957026
1.08677
1.00781
0.864881
1.4349
0.639159
1.20904
1.34704
0.831349
0.40441
1.15701
0.825586
0.0341213
1.49046
0.389323
0.882996
0.629765
1.29718
1.039
1.05296
0.759289
0.19752
0.504671
0.851867
0.156336
0.785125
0.0347757
1.27133
0.742728
1.07095
0.673887
1.43073
0.332257
0.535976
0.937977
0.374218
1.43533
0.586239
0.384911
0.0657225
1.09688
0.986022
0.751924
0.378621
0.513532
0.323411
0.639214
0.98629
0.860681
0.589407
0.389231
0.705238
0.936908
0.0981562
0.400536
0.154158
0.0758818
0.0810526
0.599587
0.41401
0.0703475
0.311507
0.0726651
1.32123
0.505985
0.2426
1.17368
0.195042
1.07098
0.594804
0.707264
1.08492
0.861684
0.674844
1.34883
0.518843
0.180759
0.666551
1.39329
0.735552
1.21777
0.925796
0.254402
0.79196
0.573026
1.12927
1.03338
1.56592
0.192734
1.3087
0.743165
0.0667686
0.77236
0.432363
0.398266
1.12167
0.924124
0.473134
0.795511
1.06165
0.369543
0.893009
1.28145
0.253998
0.144239
0.39077
1.56591
1.46044
1.26286
0.401498
0.372375
0.859115
0.604468
1.33777
0.292461
0.606882
0.475669
1.26834
0.901465
0.701545
0.691758
0.271623
0.707371
0.114043
1.55851
0.826883
0.987574
0.587115
1.21721
1.0698
0.609029
0.746438
0.405141
1.091
0.659293
0.0643195
0.41814
0.73295
0.800412
1.20195
0.757828
0.947254
0.0690507
1.38011
0.879091
1.36609
1.13977
0.257403
0.126585
1.32651
0.648533
0.848483
1.19228
0.875403
0.329411
0.150828
0.658769
0.584237
0.478909
0.365359
0.721922
0.521479
0.172384
0.53029
1.46254
0.755255
0.942367
0.0468444
1.5366
0.802679
0.803258
0.601254
0.466404
0.138304
0.888652
0.297466
0.521279
1.26073
0.910536
0.462862
0.469642
1.24997
0.531467
1.53164
0.116145
0.789377
0.255906
0.504425
0.962132
0.782732
0.683402
0.154745
1.40674
1.3161
1.10445
0.471858
0.706944
1.18359
1.20488
0.0151363
1.06222
0.252521
0.0435924
0.729054
0.398946
0.834132
0.32743
0.507323
0.746432
0.869377
1.51261
0.836163
1.37628
0.524842
0.0487122
0.189465
1.53824
1.48886
0.155612
1.3081
1.30814
0.514129
1.29819
0.831574
0.168559
0.931428
0.994075
0.798051
1.14771
1.28949
0.68519
0.283146
1.19135
0.879894
0.733882
1.34345
0.542651
0.138001
1.35674
0.0292978
0.134009
1.55209
0.490528
0.720693
0.649238
0.953412
0.553794
1.56569
0.748054
1.22635
0.370036
1.01142
1.0846
0.49664
1.49731
1.30198
1.18938
0.930891
0.797903
1.12053
0.356792
0.230445
0.515489
0.896733
0.2739
0.610303
1.26567
0.566352
0.925853
0.672856
0.986118
0.24413
0.687676
1.29293
0.791822
0.469945
1.01734
0.968279
0.911643
0.802959
0.626625
1.11747
0.738908
0.919935
1.18867
0.507668
0.601801
0.0315441
1.22042
0.252719
0.784661
0.266312
1.38293
0.132459
1.35863
0.221073
0.920989
0.886609
1.0416
0.821448
0.423161
1.23498
1.04611
0.456268
0.163252
0.776782
0.367787
0.847811
0.853811
0.133577
0.664399
1.28857
0.393966
0.753836
1.49952
0.972992
0.179718
0.178832
0.788467
0.0845408
1.12335
0.536375
0.388335
0.719585
1.21261
0.777176
0.485689
0.979354
0.469288
0.264193
0.982578
1.03821
0.72486
1.091
1.10339
1.31456
0.216251
1.06633
0.107222
0.000333518
0.832346
1.11254
0.307416
0.704134
0.606794
1.3688
0.501696
1.00001
0.987669
1.42971
0.754121
1.33047
0.291874
0.110006
1.26368
0.666485
1.16377
0.920617
0.288457
1.26084
1.28089
1.55113
1.36369
0.590157
0.455717
0.499855
0.820167
0.590072
0.557848
0.401258
0.759676
1.40467
0.526911
0.00885751
1.34965
0.355523
0.822188
0.117362
0.390957
0.980367
0.730063
0.806713
0.351918
0.0502791
0.48802
0.391176
0.831489
0.558139
1.48102
0.849578
0.856157
1.39893
1.05418
0.180109
1.20746
1.49554
1.02306
0.740877
1.44676
0.739026
0.469087
0.36867
1.17758
0.0912515
0.352351
0.562317
0.305794
0.519696
0.0619757
1.12025
1.14564
0.361493
0.976878
1.42015
0.555115
0.070421
1.43969
0.487342
0.565313
1.29063
0.120673
0.186971
0.115471
0.723196
0.0772238
1.4738
0.531667
0.481805
0.707951
0.632392
1.2749
1.45925
0.582043
1.22946
0.586267
0.995362
0.399938
1.03952
0.96371
1.36119
1.19339
1.04781
0.551991
0.163958
0.600364
1.33711
0.229309
1.4271
0.84014
0.0994018
0.564028
1.11699
0.994912
0.876949
0.957817
0.790408
0.467917
1.49853
1.06644
0.992963
0.79099
0.804358
0.673367
0.393561
1.17958
0.230048
0.268778
0.141763
0.503666
0.672606
0.375507
1.26153
1.12125
0.703227
0.900502
0.738491
0.795223
1.14476
1.03569
1.31463
0.295359
0.77121
0.25717
0.543438
0.351304
0.660312
0.831255
0.333666
0.114472
1.31897
1.09221
1.31715
1.53026
0.88844
0.955815
0.77599
0.0616842
0.661715
0.199662
1.41247
0.434628
0.990753
0.986638
0.196957
0.574833
0.825801
1.52058
0.211102
0.961626
0.718717
1.48462
0.858601
1.13123
0.62357
1.13916
0.648886
1.03861
1.12809
1.25305
0.665844
0.32057
1.07101
1.18304
1.27627
1.46946
0.51097
1.465
0.390212
0.832154
1.24162
0.39535
1.00549
0.499596
0.488207
0.40499
0.0752282
0.390533
0.656731
1.57036
1.16558
0.785246
1.09326
1.11624
1.33323
0.493987
1.00185
0.383592
0.287213
1.19966
0.973725
1.46183
0.24367
1.27931
0.971362
1.19443
1.07901
0.820328
0.236101
0.681187
0.903186
1.07924
0.637952
0.261844
0.939621
0.518104
0.459358
0.437752
0.963814
1.22686
1.47001
1.45236
1.0217
0.838534
0.292543
0.884328
0.700366
1.42866
1.17916
0.228245
0.689113
0.794379
0.768091
0.949986
1.029
0.483161
1.26592
0.711058
1.01241
0.176445
0.760412
0.191003
0.919544
0.942914
0.319526
0.838544
0.886671
1.42264
1.01862
0.2711
0.9952
0.425564
0.642909
0.575003
0.499027
1.22105
0.654779
0.14233
0.28713
0.320413
0.0522686
0.763901
0.927552
1.19162
0.434696
1.11251
0.0177671
1.2192
0.555353
0.743819
1.3088
1.4805
1.5382
0.364816
0.782018
0.911331
0.928304
1.51911
1.4275
0.670817
1.26706
0.404345
0.183255
1.17607
0.00966216
0.0566754
0.835118
0.43343
0.641091
0.511413
0.0243536
0.813814
1.30874
0.629184
1.1745
0.514234
0.645633
0.119001
1.32391
1.06875
1.50102
0.320178
0.789378
1.47483
0.81974
0.367435
1.53187
0.940507
0.640329
1.28367
1.06783
1.56344
0.212542
1.26271
1.27809
0.782223
0.587448
0.607651
0.447259
0.116252
0.464918
1.14854
0.205613
0.466039
0.350353
1.54155
0.166436
1.09281
0.938755
0.417494
0.944319
0.546319
0.617162
0.901214
1.05066
0.596404
0.567547
1.24093
0.0891978
1.26078
0.981525
1.55972
0.0790821
0.773565
1.10744
0.520923
0.794213
0.734272
0.713689
1.05739
1.01276
0.363831
0.681686
1.02512
0.643077
0.211054
1.47022
0.451558
0.687511
0.73902
0.537909
0.989248
1.04418
0.33058
0.737019
0.896626
0.529418
0.259867
1.29493
1.56216
0.319948
0.403014
1.11248
1.0942
0.219656
0.874672
0.326353
1.0932
0.513537
1.44423
0.821178
0.701034
1.49241
0.38942
1.45656
1.10894
0.224992
0.800176
0.668623
0.674915
1.34731
1.20061
0.88644
0.602572
0.717707
0.473077
0.643576
0.413626
0.78111
0.87143
0.424912
0.640277
0.0528571
0.224456
0.756102
1.22806
0.86909
1.30077
0.629483
1.51987
1.38758
0.763561
0.897739
0.619917
1.25826
0.538941
0.871893
0.197809
1.01954
0.512693
0.535742
0.287866
1.40717
1.11349
1.1304
1.50874
0.768775
0.793235
1.43608
0.871228
1.53292
0.765059
1.53579
0.755212
0.0818783
0.792005
0.923463
0.708126
1.36765
0.226516
0.864764
0.3528
0.137551
1.49534
1.02079
0.987289
0.936759
0.205014
1.48615
1.48388
0.906076
1.00126
1.19965
0.385149
1.41824
0.681843
0.768266
1.55655
0.154263
1.25275
0.565812
0.7126
0.383277
0.302338
0.245659
1.56949
1.31322
0.754365
1.40909
0.747224
1.00404
1.14978
0.247948
1.02336
0.87884
1.35039
0.0943926
0.932327
1.48507
0.336333
0.868244
0.443919
0.353097
1.02721
1.08091
1.32824
0.211216
0.8264
1.18499
1.52263
0.139229
0.720473
0.17874
0.883765
1.22505
0.293392
0.703547
0.840682
1.48472
0.935319
1.4007
0.899804
0.0739232
0.492435
0.346969
0.478171
0.167653
1.30601
1.34067
1.14387
0.0067888
0.52547
0.412652
0.0515587
0.490138
0.772629
0.42542
0.490436
1.32566
0.571763
0.95548
0.424539
1.04579
0.870562
0.728226
1.27307
1.27009
0.0956015
0.754722
1.16524
0.990994
0.810977
0.53622
0.128766
1.1774
0.00549727
0.523275
0.946933
0.814581
0.0655108
0.967171
1.23041
0.372325
0.458255
1.29503
0.754776
0.869761
0.206219
0.219207
0.976162
0.997936
0.0900396
1.51695
0.641859
1.19977
0.71579
0.642916
0.366585
0.889298
0.297559
0.20919
0.739004
1.00434
0.794759
0.413935
0.507639
0.972702
0.927137
0.762999
0.677273
1.01319
0.751089
1.55648
0.609272
1.55252
0.566541
0.210562
0.592417
0.244569
0.800072
0.124201
0.865181
1.03982
1.0992
1.19451
0.390939
1.37273
0.582928
1.34137
1.55348
0.778815
0.900997
0.755221
0.456896
1.52065
1.02395
0.736479
0.42317
0.279741
0.662031
0.402223
0.712609
0.850362
0.872425
0.453401
0.840213
0.77806
0.333296
1.30722
1.22862
0.398574
0.984301
0.689395
0.810473
0.870124
0.787537
0.715361
0.755831
0.973183
0.285992
0.790887
1.04194
0.78322
0.2794
0.706745
1.12109
0.508289
0.678133
0.419224
0.024483
0.373685
0.0749834
0.201634
0.64604
1.16143
0.664061
0.213411
0.921818
1.45064
0.0974048
1.30762
1.01337
0.997223
1.48523
0.542355
0.410809
0.163872
1.49827
0.0337282
0.731745
0.93626
1.50367
0.78683
0.339549
0.0925979
1.39717
0.638886
0.573201
0.832824
1.32408
1.11899
0.913242
0.234681
0.75439
0.48292
0.857383
1.01181
1.14337
1.37826
0.81825
1.47044
0.613726
0.0509472
1.18627
0.417061
0.99156
0.139847
0.673126
1.34899
0.537622
0.284427
0.00621999
0.76563
0.292761
0.436038
0.723169
0.276946
0.905977
1.11432
0.692562
1.06592
1.28115
0.745895
1.20044
0.533032
0.365712
0.00408123
1.41051
0.85313
0.50849
1.33583
0.44049
1.03914
0.365359
1.54751
0.895633
0.104932
1.52664
1.16043
0.388039
1.3379
0.55282
1.24846
0.677099
1.11522
1.55527
0.181811
0.817226
0.48641
0.854603
1.01167
0.944978
0.656807
0.717433
0.362578
0.572206
1.08574
0.951312
1.3564
0.846996
0.963503
1.01887
1.21625
0.51041
0.732531
1.03376
0.604526
0.348124
0.829661
1.00251
1.26563
0.0901845
0.919089
1.19682
0.0739064
1.10447
0.89416
0.974599
1.15766
1.38266
0.736658
0.662019
0.460758
1.05082
1.53726
0.370579
1.30329
0.992335
0.791903
1.42415
1.07013
1.40644
0.541194
0.591978
0.176118
0.7505
0.144343
0.774716
0.691676
1.34753
1.3822
0.985253
0.620025
0.476417
0.989883
1.1417
0.213255
0.773302
1.07826
1.01943
0.999924
0.996467
0.735998
0.54488
1.33122
1.41385
0.758274
0.655954
1.36823
0.88672
1.00498
0.551001
0.808995
0.533238
1.1749
0.0749212
0.540296
1.05271
0.961983
0.78306
0.41299
0.633146
0.246414
1.01826
0.562994
0.715412
1.1854
0.807841
1.3431
0.747126
0.333671
0.608911
0.828034
0.270548
0.985933
0.638793
0.741977
1.41932
1.17356
0.744193
0.627603
1.51841
0.159241
0.889898
0.106855
0.931331
1.48083
1.31363
0.586887
1.5532
0.759391
1.05994
0.647691
0.239949
1.05003
0.678799
0.81047
0.271692
0.596656
0.279834
1.3913
1.40969
0.903276
0.827678
0.267494
1.46717
0.650455
0.422349
1.10352
0.200786
0.549349
0.3769
0.595801
0.957323
1.53324
0.455077
0.661156
1.08517
0.591964
0.351026
1.3156
0.187497
0.546492
0.73432
0.862904
0.547335
1.55766
0.140663
0.9785
0.648287
0.975179
0.219809
1.48784
0.279803
1.04021
0.537028
0.60266
0.275368
0.226971
0.290661
0.776524
0.408143
0.815985
0.0617475
0.206773
1.33991
0.228745
0.472951
0.377221
0.630332
1.14697
0.271779
1.13816
0.428913
0.0953968
1.51188
1.30524
0.93395
1.44585
1.04839
0.638464
0.406437
1.28586
1.093
1.16244
0.661675
0.583111
1.0502
0.222557
0.987589
1.40789
1.43412
1.26147
0.926986
0.614917
0.337748
1.42429
0.828873
1.37769
0.924378
0.981453
0.825582
0.446684
0.94317
0.0792102
0.445963
1.16318
0.00354826
0.881136
0.505586
1.56789
0.867016
0.0110781
0.672092
0.333093
0.130322
0.572388
1.03408
0.868846
0.129098
1.48833
0.827666
0.539007
0.797708
0.273946
0.256666
0.839678
0.618832
1.30295
1.27474
0.192046
0.626909
0.934618
0.573309
0.746393
0.41744
0.942103
0.246607
0.787469
0.623669
0.631238
0.990722
1.1914
0.485265
0.231363
0.0540869
0.962105
1.01168
1.01675
1.06477
0.175288
0.74197
0.803804
0.911202
0.391426
0.567601
0.68061
0.63993
0.797731
0.232958
0.330598
0.817216
1.18099
0.153548
0.768734
0.294885
0.901146
0.880108
0.143305
0.168071
0.76253
0.691811
0.458898
1.24706
0.739266
0.150996
0.137508
1.51077
0.269932
0.993916
0.968826
1.2036
0.408857
1.04495
0.265172
0.957221
0.102582
1.29155
0.345576
0.670933
0.309978
1.29335
0.276924
0.74842
1.03987
1.31497
0.128624
0.251687
0.472075
0.810992
0.662999
0.279976
1.19299
1.22026
0.720342
1.48628
1.13315
0.522276
0.471257
0.716433
0.181448
1.01276
0.858393
1.0329
0.745379
1.3163
1.10472
0.0397059
0.283734
1.48007
0.170114
0.838128
0.851622
0.0886763
0.165966
0.85706
0.732906
0.919329
1.37164
0.623314
0.0239351
0.333414
0.423243
1.32748
0.48117
0.00823929
0.283953
0.681838
0.240613
1.27159
0.393483
0.903012
0.181978
0.601368
0.780804
0.948949
0.0275971
0.881166
0.792464
1.41417
0.442376
0.908031
0.521254
0.988223
0.176025
0.615633
0.935215
1.39865
0.876242
0.768295
0.951568
0.146909
0.550167
1.06612
0.449311
0.828081
0.293148
0.951136
0.160186
1.019
0.432567
0.0432085
1.37179
0.512363
1.11784
0.949477
0.56824
0.859382
0.195806
1.28626
0.869577
0.916962
1.07294
0.759413
0.63559
1.56634
1.00344
0.691722
0.425049
0.502755
1.45739
0.996238
1.31437
0.88023
0.223725
0.282795
0.796146
0.0214123
1.00268
0.868929
1.04645
1.36998
0.859168
1.52906
0.970497
1.40513
0.312061
0.536558
0.872707
0.456577
1.0022
1.30797
0.0465537
0.703289
0.066761
0.693499
0.339606
0.556521
0.5811
1.29332
0.297358
1.40854
1.26439
0.0180622
0.452432
1.29073
1.44655
0.179018
1.08936
1.49895
0.7292
1.01706
0.775319
1.1936
0.701289
0.606533
0.0286393
0.543597
1.00694
1.0383
0.929491
1.01595
0.34494
0.533946
1.55427
1.05926
0.79959
0.380314
0.913976
1.2579
0.317522
0.348573
0.0985581
0.41731
0.641477
0.581484
0.568445
1.14127
1.51531
1.14253
0.212022
0.255348
0.955345
0.943134
0.523492
0.262927
0.292079
1.02989
0.790075
0.804424
0.0721165
1.54286
0.62853
0.605861
0.80318
0.759767
1.2283
1.07124
1.10321
1.32246
1.44727
1.06434
1.51477
0.589084
0.962099
0.667077
0.842063
0.56916
0.330444
0.713973
0.157523
0.802956
0.444994
0.736394
1.34659
0.7811
1.52933
0.176863
0.0438289
0.894999
0.960959
0.233892
0.625275
0.0309296
1.49564
0.21458
0.103812
0.506192
0.0375918
1.4651
0.112693
0.797168
0.666047
0.147247
0.727945
0.9525
0.180598
0.00493534
0.00146567
0.398431
1.48913
0.637824
0.661332
1.48762
1.37102
0.211023
0.417133
0.41852
1.04561
1.24921
0.205242
0.65726
0.965381
0.345928
1.13037
0.477251
0.713629
0.710082
1.2123
1.47295
0.219137
1.00011
0.328008
0.0859365
0.710995
0.14338
1.51894
0.548275
0.651407
1.03757
0.306347
0.489483
0.945449
0.625634
0.198077
0.962021
0.340142
0.744275
1.39408
0.211333
0.210231
0.365104
0.0449416
0.886553
0.637709
0.513968
0.360898
1.36812
0.380661
1.07596
1.01127
1.32526
1.22041
0.526847
0.699192
0.214921
0.760321
0.572988
0.0556368
1.36145
0.842331
1.49983
0.370424
0.368089
0.792269
1.00914
1.02276
0.975038
0.507298
0.536379
0.818912
1.04191
0.74114
0.859504
1.49856
0.0476757
0.849553
0.0864778
1.1142
0.943652
0.95586
0.526938
0.796966
0.908946
0.269867
1.25684
1.4722
1.21224
0.661407
0.30106
0.891889
1.06315
0.0848076
1.36616
0.0856772
0.24619
0.57509
0.282829
0.431055
0.535199
0.754132
0.710182
1.30656
0.713418
0.773958
0.141558
0.0104351
0.585566
0.448253
0.741249
1.13819
0.65761
0.478849
0.525873
0.065098
0.788313
0.497648
0.923388
0.747281
1.18851
0.251486
0.0985647
1.06657
1.05266
1.30625
1.45815
1.55516
0.670742
0.354203
0.590754
1.37226
1.10003
0.956279
0.343285
0.813981
1.17411
0.0722182
0.664435
1.19165
0.94612
0.380882
1.12089
1.36479
0.617525
0.859027
0.801642
0.462221
0.426897
0.247156
1.38096
0.782826
1.18905
1.33629
0.760043
0.497166
0.818968
0.271893
1.4043
1.4981
0.596571
0.502478
0.378578
0.27043
0.895975
0.451388
0.985717
0.869105
0.132664
0.597833
0.350215
0.489456
1.0833
1.3082
1.00601
0.0899771
0.404329
0.276499
0.323415
0.561098
0.922019
1.17902
0.714001
0.742241
1.33431
1.14984
0.923132
0.401487
0.611216
0.603263
1.25362
1.1762
0.323437
1.34315
0.800851
1.17433
0.922117
1.41013
0.833266
1.45871
1.26494
1.02992
0.0284065
0.634851
1.25736
0.563099
0.978352
1.17552
0.246567
0.830906
1.42378
1.06152
0.817078
1.34485
1.01642
0.902793
1.29701
1.28456
0.905114
1.51474
0.935648
0.335316
0.958515
0.882571
0.224073
0.636892
0.804435
1.49547
0.87524
1.23458
1.01383
0.776612
0.340125
1.08721
0.694946
0.139459
0.672304
1.4407
0.933695
0.8314
1.5494
0.822882
1.11093
0.265401
0.770749
0.777319
1.32384
1.5586
0.733597
0.446115
0.131381
1.06448
0.715212
0.252257
0.891635
0.105586
0.925925
0.347092
0.984863
1.10219
1.22379
0.999653
0.0856609
0.336398
1.0284
1.04643
0.921736
0.0503005
0.734291
1.01343
0.254187
0.882788
0.451772
0.773958
1.15347
0.964142
0.382699
0.228931
1.23536
1.21712
0.596223
0.150059
0.466887
0.927826
1.13986
1.11957
0.211257
0.205819
0.0162126
0.817622
1.48081
0.804567
1.23454
0.245872
0.57276
0.554884
0.67613
0.768982
1.06416
0.147089
0.474278
0.0266625
0.684345
0.882757
0.0433063
0.891084
0.565985
0.845457
0.356779
1.04288
0.910197
1.33239
0.99585
0.511
0.85929
1.04745
0.3695
1.38998
1.2367
0.646645
0.440752
0.957265
1.39497
0.00577031
0.129008
0.854157
0.320834
1.49764
0.123625
1.55406
0.637522
0.37036
0.708693
0.978998
1.388
1.47618
0.767491
0.803815
0.298409
0.942581
0.277146
0.802284
0.964007
0.601519
0.34626
0.101142
1.46641
0.885522
0.589943
1.15655
0.507697
0.222637
1.3308
0.730942
1.16331
1.09203
0.61511
0.287289
1.31542
1.14093
1.37516
0.503422
1.26356
1.40853
0.871014
0.2734
1.3081
1.00253
0.185897
1.09999
1.28976
0.930424
1.45348
0.510648
0.927928
0.946643
1.35603
1.18037
0.764024
0.40348
0.790616
0.173511
0.789342
0.212281
1.1967
0.771293
0.955589
1.13232
1.55419
0.0661359
0.484344
0.288311
1.5512
0.558365
0.751525
0.82975
1.52997
0.509047
0.650005
0.871784
1.16135
1.564
0.569046
0.471656
1.40741
0.367428
0.574628
0.146339
1.39117
0.431619
0.52241
0.861255
0.438985
0.482508
1.12426
0.236424
0.809734
1.23291
0.22702
0.592913
0.417897
1.51474
1.38791
0.982266
0.70071
1.03498
0.925104
0.875831
1.18094
1.06126
0.958564
1.02545
1.43739
1.50596
0.45323
0.164149
1.09712
0.80391
0.998838
0.681541
1.31624
1.4121
0.862551
0.993374
0.712636
1.24406
1.44307
0.765697
0.674401
0.625569
0.759645
0.912057
0.804695
0.457307
0.786724
1.45855
0.574289
0.382243
0.460045
0.619958
1.53539
1.11366
0.0882026
0.688424
1.07287
0.315454
0.71775
0.577089
1.37576
1.38029
0.494595
1.3895
1.26845
0.433988
0.422761
1.31847
0.111402
1.47089
0.655731
0.0961851
0.592714
1.14509
0.852417
1.33731
0.0301096
0.981796
0.922804
1.52842
1.27391
0.10488
0.414696
0.213909
0.422117
1.1298
0.411746
0.399396
1.10885
0.60639
0.178675
1.03857
0.22827
0.759368
0.604758
1.11904
0.136944
1.29838
0.1335
1.13089
0.540229
0.913461
1.42411
0.520405
0.826454
1.32999
0.868674
1.05379
0.958863
0.0420408
1.55519
0.771394
1.02204
0.15777
0.519584
1.02467
0.888139
1.3109
0.95149
1.56168
0.122197
1.56294
0.13582
1.28224
0.245916
0.61814
0.779519
1.16066
0.206253
0.885313
0.115895
0.251939
0.722518
1.31884
1.1724
0.74821
0.647146
0.970165
0.515135
1.25287
0.79278
1.47676
0.798462
0.851993
1.20226
0.858486
1.03452
0.153437
0.696923
0.443986
0.596333
0.268646
1.25955
0.902574
0.596567
1.43461
0.70827
1.56867
0.704231
0.59027
1.43456
1.5498
1.16127
0.44957
0.98884
1.11789
0.309847
1.22704
0.386015
1.22765
0.6963
0.843534
0.778129
0.214875
1.50566
0.514723
1.20207
0.327846
0.898481
0.455249
0.52657
0.369506
0.907579
0.835157
0.711566
0.394874
1.031
0.528679
0.426341
1.03399
0.521331
1.55451
0.678701
1.27078
0.747752
1.21339
0.555182
1.47323
0.810653
0.34835
0.909593
0.541688
0.681432
0.093204
0.0924311
1.19749
0.91019
1.39593
1.07768
1.1603
0.916135
0.832069
1.51844
1.30865
0.361856
0.613038
1.32748
0.467228
0.935571
0.356767
0.436999
0.33995
0.818595
0.511954
0.219924
1.34467
0.792836
0.329205
1.06641
0.641037
0.829877
0.961181
1.15583
0.0360602
0.871923
0.0379981
1.19274
0.811075
0.319583
0.584935
0.780945
1.39357
0.819806
1.30796
1.53296
0.570215
1.02183
0.0584013
0.973961
0.661918
1.13917
0.478254
0.424063
1.00016
0.817575
0.931304
1.55312
0.0300271
1.31957
0.485466
1.07145
0.737323
1.22553
0.810703
0.648797
0.915329
0.303729
1.05648
1.46146
1.51102
1.37467
0.122374
0.50642
0.179837
0.172303
0.125557
0.0103886
1.26138
1.28576
1.18662
0.807865
1.55822
1.14343
1.52219
0.094395
0.981802
0.538586
1.13961
0.681616
0.229302
0.776669
1.55833
0.371627
0.758406
0.972249
1.07575
0.721055
0.487443
0.424486
0.446777
1.43165
1.22973
1.06046
1.02174
0.115172
1.2597
0.147256
0.583854
1.04123
0.593275
0.168944
0.907009
0.106015
1.53621
0.357693
0.807257
1.20689
0.791364
1.10342
0.00635685
0.59228
0.397449
0.634617
1.22711
0.544755
1.30076
0.949807
0.704628
1.28224
1.27143
0.875136
0.601221
0.712113
0.52787
0.907258
0.630399
1.04425
1.47993
0.322458
1.34632
0.799172
0.746279
1.54628
0.682169
0.989474
1.09217
0.480952
0.137226
1.01658
1.45397
0.188102
0.117814
0.167049
0.527181
0.509601
0.0106516
0.618442
1.54823
0.658067
0.91372
0.550503
0.843548
1.42542
0.19779
0.805511
0.969081
0.843512
0.112177
1.35662
0.86605
0.50575
0.316307
0.568069
1.4317
0.0708166
0.957103
0.267675
1.28516
0.775911
0.857554
0.153466
0.539276
1.05536
1.20867
0.884358
1.37367
0.189513
0.484309
0.927478
0.949193
0.170201
1.45432
0.551269
0.421401
0.256284
0.770773
0.656559
0.556441
1.46052
0.747973
0.838225
1.14817
1.11974
0.639052
1.11379
0.792764
0.670527
0.094919
0.5108
1.53824
0.00308894
0.685429
1.00516
1.29138
1.08408
1.34381
1.15916
0.0106434
0.963657
0.367033
0.0937958
1.07083
0.380551
1.06178
1.37592
0.430057
0.388676
0.0174378
0.695977
0.385518
0.698172
0.18354
0.156243
0.594984
0.392561
1.22481
0.686603
0.773485
1.09812
0.739971
1.09932
1.18479
1.23862
0.0268475
0.201861
0.894014
0.534592
1.29537
0.113346
1.53927
0.132796
1.0566
1.4235
0.844275
1.51441
1.29254
0.221868
0.841994
0.295105
0.328984
0.67053
0.719946
1.12409
0.414127
0.885954
0.685304
0.283917
0.0624939
1.55044
0.107813
0.225546
1.018
1.1781
1.25713
0.107309
0.708921
0.700113
1.24933
0.632157
1.05142
0.196786
0.824116
1.55626
0.626792
0.375193
0.823296
0.0485974
0.809646
0.472653
0.877986
1.38084
1.39492
0.562609
0.627703
0.950465
0.0980824
0.84626
0.613183
0.0184076
1.30794
0.786346
1.39002
1.53702
1.52715
0.761559
0.472837
0.644544
0.745323
0.275025
0.0721706
1.06608
0.357615
0.460685
1.27669
0.796138
0.385826
0.940405
1.41191
1.36714
0.561146
0.660834
0.824665
0.319842
1.38321
1.07146
1.02415
0.689236
0.729479
0.367606
0.881416
0.707743
1.11584
1.37133
1.48101
1.37927
0.922584
0.0291217
0.0495069
0.913177
1.52516
0.472192
0.52272
1.34204
0.627738
1.5317
0.569206
1.01802
0.909105
0.520245
0.809741
0.526335
0.198358
0.457297
0.0886129
0.317288
0.85827
1.16027
0.621537
1.37676
1.04442
0.483564
0.64507
0.436513
0.843886
0.913695
0.924103
0.863686
0.216409
0.887933
1.42425
0.520369
0.557457
0.967437
0.314512
0.690133
0.672363
0.277769
1.06695
0.858358
0.97554
1.50723
0.835817
0.9773
0.840469
1.48299
0.724844
0.622966
0.695437
0.3914
0.52939
0.913775
0.305707
1.45298
0.831861
0.650174
0.920804
0.952427
0.51476
1.1831
1.36069
0.315348
1.56926
1.14516
0.494604
1.48724
0.144611
0.514341
1.20619
0.745674
1.43378
0.613004
0.554099
1.29292
0.700803
1.28185
1.20417
0.120777
0.27574
1.04796
0.927373
0.64783
0.779026
0.618618
0.350163
0.310254
0.244433
1.09351
0.950919
0.952647
1.27679
0.203242
0.978226
0.768518
1.49874
0.729236
0.633385
1.34577
1.33514
0.916726
1.00536
0.634092
1.02468
0.201857
1.30429
1.37716
0.490179
0.969488
0.685405
0.917438
0.271399
0.893822
1.28379
1.48859
0.659103
0.944405
0.943028
1.07996
0.213632
0.637895
1.06214
1.16657
0.814888
0.630197
0.867378
1.48565
0.804929
1.49705
0.152466
1.14542
0.427444
0.70341
0.419233
1.23913
1.52893
0.994405
0.201838
0.837104
0.24334
1.37046
1.13303
0.182742
0.707476
1.15132
1.00557
0.931301
1.14183
1.05462
1.06818
1.02248
1.0062
0.10258
1.18253
1.55805
0.485858
1.19206
0.501993
0.629218
1.54318
1.55225
1.30485
0.181963
0.698319
0.968203
1.01152
1.17761
0.380214
0.4943
1.17461
0.949261
0.630538
1.00129
1.1315
0.680293
0.831506
0.401709
0.876639
0.88049
1.2852
0.561699
0.838696
1.17938
0.817394
0.209339
0.135668
1.42214
1.36626
0.114469
1.06596
1.02809
0.535923
1.46682
0.965854
0.493704
1.16541
1.48208
0.110466
0.601825
0.789203
0.0665941
0.19231
0.598349
0.285797
1.43786
1.03103
0.905473
0.661934
0.127084
0.803873
0.714009
0.314657
1.19283
1.48353
0.115672
0.181479
0.0439201
0.31382
0.911487
0.455236
0.934458
0.445495
0.997942
1.56155
0.769471
0.792094
1.06098
1.5099
1.2178
0.888192
0.940983
0.480776
1.49187
1.06165
0.954614
0.497542
1.19396
0.813606
0.802212
1.29499
0.112235
0.274908
0.100162
1.30604
1.02095
0.71118
1.19541
0.751051
0.191467
0.0308229
0.652755
0.215993
0.731906
0.450675
0.946461
0.716596
0.605094
0.914292
0.250498
1.44499
0.211956
1.12658
1.25501
0.223953
1.04041
0.713952
1.03934
0.752141
0.886221
0.0830508
1.39599
0.304478
1.07395
0.763322
1.01425
0.959272
0.923119
1.43886
1.25529
0.831358
0.361021
1.39885
0.398937
0.942962
0.652095
1.28735
1.21149
1.39048
0.736103
1.15769
1.43425
0.67557
0.289871
1.3699
0.85879
0.903284
0.174102
1.39307
0.751673
0.649644
0.829036
0.802175
0.304059
0.21408
1.01564
0.829828
0.737729
0.322673
1.23298
1.07619
0.249463
0.803516
1.00969
0.0758928
0.22645
0.602669
0.0156243
0.161092
0.623288
0.526681
1.24077
1.11119
0.47962
1.40514
1.06293
0.6823
0.77063
0.548293
0.764622
1.41804
0.643351
0.434818
0.0951782
0.263558
0.17438
1.30793
1.20738
0.844602
0.50874
1.37427
1.19562
0.631966
1.1147
0.91079
0.865309
0.479552
0.979206
1.25784
0.471765
1.12286
0.175385
0.0886607
0.594101
0.866429
0.513788
1.22487
1.4658
0.489194
1.04597
0.270954
0.594103
1.20205
1.20151
0.943485
0.710567
1.38479
1.07068
0.249646
1.13937
0.959519
0.654663
0.332613
0.862466
0.53719
0.892909
0.733767
1.46764
0.705251
0.995157
1.0165
0.253094
0.662876
1.15228
0.517414
1.43949
0.613319
1.5342
1.28985
0.195834
1.21611
1.40592
0.941064
0.200773
0.713981
0.894026
1.39124
0.628065
1.34232
0.999588
1.49763
0.261695
0.612246
0.0288999
0.711183
0.253707
1.04466
0.336174
0.204572
1.30855
1.35611
1.14891
0.577263
0.467811
0.539808
0.923324
1.18391
1.32801
1.38009
1.2744
0.585429
1.09716
0.671932
1.24204
1.19287
1.39632
0.388874
0.663788
0.226065
1.38016
0.688118
0.20743
1.24278
0.561548
0.0225639
0.858714
0.977307
0.789623
1.09607
0.374116
1.08124
0.705872
0.684847
0.0644285
0.665766
0.658871
1.19905
0.665379
1.20839
1.4145
1.09106
0.293067
0.519145
0.639816
0.902013
0.805132
1.28964
0.0531336
0.129392
0.504261
0.800945
0.0674358
0.0801553
0.901937
1.06716
0.621429
0.886119
0.571368
1.13501
0.406934
0.457799
0.832039
0.752113
0.808708
1.20018
0.816036
0.70946
1.49667
1.43823
0.129524
1.20433
0.986272
0.181846
0.0252462
1.15851
1.50344
0.93227
0.540049
1.45216
0.854133
0.804271
1.24758
0.255137
0.26445
0.172144
0.773734
0.80778
0.926538
1.22475
0.664842
1.16025
0.179772
1.18162
1.42612
0.0132375
0.739019
1.17914
0.595119
0.30414
1.192
1.28915
0.703142
0.303655
0.751455
0.835553
0.658425
0.49228
0.233853
0.58987
1.00365
0.842922
0.791068
0.543177
0.0948954
1.30834
0.802366
0.716277
1.34454
0.747176
0.573454
1.0859
1.44731
0.468729
0.780045
0.876747
0.445694
0.632493
0.293119
0.767697
1.53574
1.08431
0.301171
0.93128
1.2239
0.739963
1.39059
1.36183
1.37518
0.768604
0.175599
0.227437
0.771255
0.0824722
0.474297
1.34282
1.46246
1.0478
0.886282
0.806507
1.4344
0.0931752
0.364231
1.12814
0.432409
0.463078
0.421042
0.893699
0.838296
0.402974
1.37408
0.252675
1.402
0.576783
1.38464
1.49079
0.29658
0.254252
0.356134
0.602726
0.646823
0.89696
0.511053
0.706143
0.0735526
1.32924
0.290128
0.443161
1.34866
0.913122
1.25668
0.406186
0.68991
0.306129
0.878628
0.463882
1.00671
0.564449
0.65812
0.29413
0.45658
1.23763
0.944021
0.188251
1.17502
0.674083
1.34933
0.904345
0.721701
1.50514
0.16249
1.52504
0.420428
0.708843
0.784619
0.934917
0.308243
0.316697
1.33675
0.733163
0.656947
1.26146
0.186401
0.289167
0.601394
1.07478
0.478671
0.63203
0.310387
0.236626
0.25454
0.25648
1.53245
1.55139
0.775183
0.0373469
0.847719
1.2771
0.780503
1.10762
0.21085
0.24065
1.44133
0.49291
1.07602
0.756175
0.171679
0.0236171
0.600653
0.296545
0.840561
1.10802
1.06806
0.99633
0.619298
1.01239
0.804261
0.100003
1.40361
0.920391
0.374469
1.09835
0.183173
1.13537
0.815792
1.43424
1.56396
0.639992
0.294622
0.395925
0.94601
0.863583
0.138441
0.772857
0.0805555
0.864207
0.251211
0.471912
0.885387
0.799035
0.799984
0.0678624
0.828059
0.557341
0.758352
1.262
0.0336181
1.06509
0.727418
1.13049
0.718458
0.340563
0.807189
0.251545
0.210276
0.369877
0.86551
0.137793
1.30848
0.993018
0.436647
0.00994082
0.193386
0.317168
0.186151
0.353335
0.475498
0.845266
1.24534
1.2109
0.164837
1.52228
1.46836
0.481639
1.56063
0.81479
0.697381
0.729386
0.910538
0.607107
0.606238
0.665124
1.11109
0.760561
1.52471
1.51101
0.747352
0.735902
0.0681774
0.609332
0.283506
0.743157
0.134541
0.674889
0.830034
0.427158
1.10091
1.10943
0.460716
0.892443
0.651957
0.00329051
1.22173
1.2597
0.469114
0.6174
1.29086
0.490985
0.0924957
1.42606
0.938857
1.5293
1.55001
0.937947
0.884023
1.0602
1.15584
0.767666
0.103709
1.50439
1.29334
1.43959
1.40034
0.503474
1.04736
0.533117
1.07481
0.930822
0.892108
1.40209
0.435815
1.20929
1.4108
0.0280807
0.0934065
0.71716
0.798428
0.729506
0.010036
0.979024
0.800177
0.221321
0.111305
0.712478
0.322063
0.764797
0.817029
1.34406
1.15279
1.09158
0.310694
0.969441
1.40193
1.14243
0.740838
0.489562
1.36267
0.882866
0.793819
0.724834
0.0133808
0.934453
1.05637
1.1984
1.15529
0.581343
0.563729
0.646856
0.728749
0.264826
0.440105
1.15573
0.395724
1.00505
1.00009
0.287943
1.03128
0.4599
0.307773
1.1959
1.01198
0.812683
0.60158
0.538807
1.33343
0.708545
0.929957
0.902329
0.272606
0.840285
1.23943
0.666147
0.963843
0.0891288
0.821702
1.06397
0.863699
0.0457767
0.400056
1.52924
0.827692
0.538565
1.54624
0.301664
1.03394
0.593588
0.356532
0.859867
0.240555
1.536
0.450037
0.501762
1.02692
1.08215
0.308518
0.774871
0.792933
0.0741995
0.443193
1.37624
0.795409
1.13304
0.388802
0.675233
0.0908226
0.685991
0.395634
0.168334
0.705313
0.602564
0.692913
1.55554
1.16214
0.680648
0.507597
1.40401
1.56856
1.36664
0.156738
0.736742
1.5684
0.995928
1.15875
0.689252
0.629921
0.00831999
1.49058
1.08742
0.290217
0.938055
0.364483
0.614882
0.802995
1.51264
0.751345
1.54809
1.02418
1.1352
1.45223
0.506919
1.29025
1.15529
0.258552
0.0417998
0.714699
0.993279
0.838789
0.835379
0.607446
0.731843
0.503949
0.733441
0.708645
0.370591
1.06644
1.05921
1.50743
1.41818
0.377287
0.906122
0.38499
0.592174
1.04605
0.709084
0.635208
0.948644
0.310529
1.28571
0.883294
1.48605
1.11646
0.583605
1.55332
1.54096
0.772382
0.679557
0.0285207
1.16122
0.601059
1.56629
0.852779
1.54387
0.0941884
0.686622
0.259269
0.751575
0.79211
0.997466
1.22903
1.18401
0.588501
0.804387
1.25216
0.0570555
0.83705
1.06104
0.27003
1.46173
0.93381
0.791022
0.401411
1.07794
0.411641
0.0363115
0.885041
0.526474
1.51652
0.326532
0.820699
0.927052
1.09724
1.10273
0.816166
0.671655
0.820866
0.998452
0.552039
0.835781
0.545297
0.38668
1.49614
1.23847
0.243644
0.0514688
1.41366
0.889783
1.47026
0.472269
0.87344
0.00943806
0.318052
0.257782
0.297533
1.23907
0.0370336
0.639288
0.634437
0.915085
0.770852
0.668384
0.192203
1.45032
0.985308
0.79918
1.09856
0.555201
0.867423
0.999668
0.464396
0.414692
0.382081
0.918881
1.28535
0.680656
0.702093
0.973835
0.436601
1.03136
0.532574
0.771077
0.885046
0.483448
1.52324
0.925826
0.774412
0.59308
0.707017
0.46871
1.34502
0.171644
0.129435
0.212001
1.14207
0.155237
0.866598
0.886203
0.266593
0.29547
0.869586
1.05211
0.601849
1.55473
0.900562
1.03292
1.07546
0.796505
0.148385
1.37777
0.510869
1.34657
0.298473
0.394036
1.04275
0.402441
0.711009
0.878202
0.311015
0.823049
0.011006
0.936796
0.578183
1.46123
1.57018
0.0430168
0.972131
0.886341
1.00578
0.644334
1.32869
0.587149
1.3634
0.749058
0.307333
0.34667
0.179402
0.978814
0.0588232
0.290605
0.272393
0.909894
0.554106
0.138657
0.974645
1.45595
0.20911
0.524097
1.55245
0.729212
1.11752
0.355367
0.186047
0.228277
0.581112
1.31858
0.763024
0.261356
1.52381
0.201523
1.13914
1.0659
0.984237
1.56332
0.280299
0.705255
0.380742
1.12059
0.823445
0.587555
0.144569
0.981379
1.54714
0.768427
0.667764
0.0814446
0.597645
1.50268
0.302312
0.750814
0.315601
0.0395709
1.04423
0.188081
0.196873
1.06882
0.230256
1.45713
0.744741
0.758367
0.238777
1.18345
0.571269
1.46259
0.876633
0.677549
0.53141
0.986171
0.309994
0.689112
1.4069
0.738308
0.713664
0.663962
0.455056
1.16692
0.555209
0.406746
1.06637
0.695372
0.453681
1.38689
0.426913
1.54629
1.45459
0.971374
1.057
0.0557526
0.721615
1.18149
0.180112
1.46478
1.33372
0.412121
0.0879174
0.668782
1.15221
0.744485
0.474057
1.38579
0.325685
0.503743
0.600274
1.12479
1.34737
1.51109
0.855696
0.0269058
0.832368
0.0156586
1.03537
1.26392
0.120743
0.785802
0.00451538
0.759204
0.534459
0.28418
1.48882
0.41379
0.931275
1.21815
0.81176
0.0384716
1.50164
1.09754
1.0092
1.22185
0.872761
0.671736
1.02341
0.34242
1.24417
1.00971
0.118346
0.579008
0.319641
0.58078
0.403782
0.715384
1.26255
0.549244
0.877677
0.312121
0.709968
0.581282
0.79492
0.565915
0.863479
0.628947
0.860083
0.291549
1.38603
1.38878
1.48651
1.12677
0.699589
0.121047
0.265817
1.48292
0.0977668
0.171263
0.833118
1.0502
0.218705
0.682022
0.978667
0.276852
0.850194
1.04683
0.499832
1.46771
0.601259
1.09641
0.279731
0.791312
0.381678
0.356676
0.383064
0.403227
0.855819
0.740676
1.14922
1.00211
0.78397
1.49738
0.804572
0.719832
0.428478
0.749623
0.95409
0.880183
0.0394893
0.815763
0.800101
0.783567
1.43267
0.57876
1.29041
0.488222
0.425648
0.410893
0.716035
1.46199
1.56511
0.440533
0.180369
0.433878
1.07454
1.34933
0.328632
0.71395
1.36278
0.690454
1.38008
1.05171
0.792958
1.5263
0.563508
1.3765
0.333911
1.38353
0.723725
1.32196
1.29054
0.746686
0.679819
0.124441
0.746056
0.185449
0.654288
0.39017
0.59554
0.747041
1.01376
1.13414
0.346462
1.42616
1.42776
1.51028
1.20639
1.11045
0.97489
1.43531
1.14134
0.554947
1.05877
0.654286
1.15318
1.41498
0.764452
0.990977
1.19359
0.84614
0.802808
0.752566
0.771672
0.399381
0.726895
1.04511
0.554072
1.41482
1.51085
0.12064
0.917197
0.321871
1.04541
1.06331
0.794829
0.170228
0.762317
0.834236
0.21079
1.00295
0.578795
0.528164
0.800337
0.71294
0.387614
0.780648
0.636344
0.533715
0.19243
0.790152
0.294869
1.14868
0.168893
1.31915
0.0947031
1.12575
1.53966
0.633477
0.975094
1.27843
0.650271
1.15339
0.712758
1.26152
0.601429
0.101976
0.651389
0.79716
1.20835
0.999448
1.02004
1.08673
1.53103
0.723645
0.576526
0.731533
1.01084
0.138354
0.315775
1.05774
0.482447
0.960844
0.892254
0.145651
0.0410252
0.425323
1.10823
0.542929
1.19298
0.523886
0.707278
0.862683
1.14135
0.922879
0.0786502
0.731047
1.17432
0.377563
0.0271315
1.32049
1.14549
1.01552
1.07223
1.12516
0.762959
0.628036
0.381139
0.891873
0.474741
0.300229
1.35675
1.22366
0.692612
0.869684
0.622081
0.537348
1.23524
0.734257
0.5423
1.17022
1.4019
1.01656
0.758082
0.0896113
0.57463
1.51642
0.0463694
0.68308
0.362691
0.909047
0.687898
1.47527
0.393495
1.155
0.701389
0.328502
1.0289
0.26705
0.600749
1.04595
0.0979703
1.49845
1.32805
0.427015
0.481
0.870924
0.412149
0.402854
0.601875
0.928382
0.871044
1.39143
0.141481
0.559102
0.598454
0.430049
1.41032
1.00002
0.607265
0.862484
0.900039
0.691036
1.31642
0.775023
1.49184
0.528503
1.25707
0.643788
1.52705
1.15323
0.818332
0.7679
1.40114
0.432628
1.00307
0.383767
0.527685
1.27112
1.14541
0.178142
0.644932
0.578839
1.1876
1.4286
0.882107
1.31881
0.751558
1.17568
0.390305
0.887685
1.14933
0.930202
0.458189
0.656868
1.56885
1.16578
0.0477211
0.890532
0.388373
0.246527
0.49384
0.180839
0.737371
1.53139
0.547331
0.00130573
1.24374
0.732649
0.84972
1.34464
0.833712
0.955256
0.983183
0.568815
0.0411613
0.514367
1.4771
1.09838
0.195612
1.13246
0.870724
1.3959
0.787793
0.507207
0.317423
0.689254
0.164949
1.3713
1.46179
0.690101
0.4351
0.355079
0.815094
1.46737
0.196936
0.413008
0.978642
0.75008
0.930753
1.528
1.21758
0.636498
0.915975
1.41904
0.870667
0.426727
0.747956
1.27771
1.50494
1.21725
1.51341
0.569829
0.317405
0.41718
0.498019
0.156735
1.37316
1.30158
1.29238
0.582158
0.502097
0.681403
0.60208
0.758781
1.01483
0.385526
0.817693
0.666072
0.620582
0.62306
0.816756
0.920816
0.139432
0.101453
0.149472
0.346967
0.624307
1.04502
0.592984
0.61972
1.55558
0.376684
1.40976
0.0165718
0.230184
0.794685
0.778611
1.39062
0.375852
0.827547
0.0510439
1.51179
0.582762
0.823866
0.763077
1.24153
1.22862
1.32524
0.133496
1.46503
1.38886
0.653843
0.649213
0.883169
0.892741
0.246239
0.061094
0.305203
0.172987
0.979324
0.721739
0.590949
0.408698
0.681786
0.136656
0.816607
1.33584
1.00443
1.31371
0.105865
1.4237
1.0852
0.665987
0.69825
0.059566
0.919514
1.1739
0.0408791
0.110129
0.97087
0.768348
0.452842
1.51151
1.4569
0.783339
0.702461
1.43797
0.702983
1.23549
0.653722
0.751049
1.25537
0.805363
0.0328546
0.58534
0.851044
0.182598
0.699815
0.630915
0.151812
0.0788544
1.01478
0.744356
0.387154
0.645818
0.67764
0.189207
0.446991
0.723899
0.409779
0.742255
1.02732
0.908737
0.555829
0.842938
0.933956
0.962441
1.25486
0.962138
0.689176
0.280767
1.30936
1.35406
1.23466
1.0264
0.820769
0.247712
0.439158
0.65325
0.642209
0.761773
1.34489
0.332432
1.29823
1.50466
0.0313628
0.295654
0.357233
0.102159
0.467409
0.017265
1.22253
0.807923
1.45548
1.07288
1.09525
0.86634
0.658123
0.51809
0.334381
1.26822
1.47805
1.51685
0.67576
0.0660801
1.1934
1.38692
0.772867
1.10845
0.371403
0.753213
0.832947
0.74041
0.946253
0.785435
0.703427
0.816888
0.210031
1.12051
0.855119
1.16607
1.05601
0.576822
0.464967
0.588356
0.77847
1.14683
0.163235
1.11621
0.0250556
1.0236
0.334177
1.23028
0.253262
1.52221
0.412475
0.522181
0.714806
1.37983
0.96136
0.321165
0.175467
0.691335
0.874796
0.497144
0.103201
0.703133
1.18612
0.929005
0.105469
0.297889
0.762356
0.197237
1.03763
0.996703
0.675063
1.33558
0.920018
0.599619
0.66665
0.552007
0.505846
1.32069
0.0375125
0.641429
0.717423
0.232512
1.08788
0.522152
0.373214
0.83328
1.12313
0.080486
0.048808
0.825101
1.00286
0.859181
0.658186
1.19201
1.51951
0.754394
1.22006
0.794994
0.037016
0.316545
0.507498
0.811161
0.378198
0.460057
0.868596
1.10858
0.932041
0.159755
0.898901
0.993881
0.823808
0.264144
0.641132
0.380115
0.941006
0.302444
0.543221
0.569042
1.29086
0.594741
0.133482
1.37155
1.06752
0.407101
0.691115
0.225532
0.906495
1.12051
1.31999
1.47737
0.158462
0.434548
0.257841
0.914187
0.568184
1.02564
0.847164
0.67111
1.23658
1.06915
0.137547
1.31429
1.20944
0.81438
0.7117
0.658925
0.695668
0.803585
1.35885
0.365596
0.637573
1.53014
0.931848
0.232186
1.05587
1.23531
0.813008
0.542962
0.528059
0.0969299
0.058197
0.698522
0.401989
1.36916
0.484244
0.603176
0.746464
0.584883
0.442662
1.42065
0.20219
0.310276
0.110668
1.28968
0.462514
0.270918
0.883117
1.47196
0.334728
1.48221
0.252692
1.22124
0.35979
0.536243
0.700753
0.601307
0.175718
0.813504
1.214
1.18469
0.106984
0.400374
0.575945
0.681135
0.223809
0.311524
0.717325
1.2975
0.527871
0.59518
1.51689
0.778536
1.39718
0.336723
0.554367
1.52636
0.920127
0.0444813
0.363326
0.0534611
0.829144
0.0942468
1.4768
0.113067
1.17783
0.608631
0.597607
0.360045
0.997595
0.822224
1.41109
1.41377
0.0466962
1.21732
0.80961
0.802769
1.15797
0.089469
1.48519
0.399108
1.09913
0.581693
1.42569
0.173984
0.780837
0.0522212
0.478471
0.0708775
0.837942
0.416001
1.00548
0.713805
0.0105303
0.946246
0.762739
1.4084
0.971758
1.34289
0.234552
0.276027
0.0342754
0.579046
0.774523
0.544488
1.22541
0.979723
1.43801
1.2655
0.723284
0.312844
0.709202
1.34885
1.3344
0.693506
0.95787
0.759244
0.505343
1.19811
0.146512
1.48595
1.02258
1.31847
0.477504
1.03991
0.564231
0.757428
1.15763
1.5169
0.824362
0.896639
0.103391
0.619744
0.755991
0.386522
0.68225
1.31158
1.02678
1.11758
0.93904
1.49
0.371869
0.0625968
0.730898
0.466598
0.76024
0.3879
0.960987
0.0859207
1.2886
0.632563
0.578186
1.22601
0.820632
1.35716
0.752728
0.691654
0.12996
0.266697
0.511518
0.827821
0.313681
0.40235
0.17568
1.46772
0.658744
0.48356
0.636294
0.630345
0.132303
0.261542
0.865832
1.05789
0.171849
0.802486
0.437283
0.32994
1.04184
0.805144
0.961632
0.806403
1.4648
1.26313
1.12741
0.456961
0.837136
0.807799
0.606988
0.408972
0.0187516
0.866228
0.811945
1.20781
1.08377
0.865203
0.840602
0.998135
0.163717
1.09841
0.717814
0.620181
0.772598
0.21376
0.101333
0.858779
0.982723
0.702157
0.84007
1.34377
0.785494
0.261929
0.8162
0.574413
0.889082
0.110269
0.647237
0.727894
1.4459
0.563165
0.471923
0.55383
0.433634
0.390133
1.22773
1.28122
0.375512
0.281773
0.987904
0.058878
0.608245
1.3771
0.362808
0.208512
0.36917
0.763449
1.20739
0.132681
0.0372347
1.13071
0.746092
0.318208
1.4592
1.01371
1.26794
0.0342814
1.05684
0.738533
1.20534
0.684737
0.50354
1.17074
0.577407
0.0275944
0.0548363
1.23365
0.41701
0.648147
0.078817
0.889271
0.0821331
0.912834
0.945168
1.48684
0.91589
1.02984
0.770112
1.23281
1.08017
0.770071
0.0671715
1.36627
0.452614
0.341514
1.3808
1.37095
0.952329
0.678256
0.198599
1.08221
1.56977
0.707736
1.3636
0.805185
0.230124
1.15463
0.550402
1.33483
1.16176
0.287302
0.958246
0.0936159
0.147686
0.412929
0.830424
0.279057
0.10745
1.14044
0.423972
1.3017
1.03703
0.269056
0.548801
0.38415
1.41249
0.434502
1.03937
0.787455
0.918553
0.900031
0.767256
1.39667
0.904526
0.595768
0.679274
0.12237
0.275263
0.675327
1.3934
0.892932
1.10032
1.14541
1.42018
0.885506
0.910317
0.669045
0.561415
1.53318
0.533366
0.0701917
1.46167
0.200286
1.33555
1.20401
1.28566
0.849851
1.05513
0.669321
1.13522
0.604293
1.35249
0.286903
1.00345
1.40694
1.41494
0.614489
1.21383
0.339627
1.49211
0.362157
0.521163
1.0054
1.39836
1.49536
1.46535
0.0427606
1.18984
0.561638
0.841444
0.748517
0.311168
0.471169
0.366114
1.11985
0.285662
1.09894
0.0834358
0.676234
0.766202
0.49764
0.503988
0.70809
0.0293039
0.087641
0.209519
0.423728
0.799933
0.082817
0.0325553
1.35986
0.891247
0.93372
0.593233
1.49668
0.307559
0.72277
0.58109
1.28943
1.28079
0.890119
0.734963
1.14279
0.908197
0.213615
0.882488
0.719666
1.39299
0.718007
0.264697
0.89537
0.788174
1.39714
0.736217
1.03196
0.818697
0.567733
1.17261
1.48202
0.900484
0.766522
1.30236
1.25686
0.698238
0.20667
0.386218
0.55514
1.31205
1.23844
0.877189
1.14239
0.384786
0.0655287
0.441601
1.10891
1.01047
0.364918
0.70242
0.187269
0.201018
1.52115
1.14651
0.0365237
1.0801
1.17627
0.151947
0.765006
1.06051
0.0536921
0.950138
1.09968
0.524273
0.643853
0.87645
0.0775224
1.14057
1.15885
1.08032
0.352719
0.742526
1.36631
0.436754
0.333738
0.720522
1.39547
0.0796856
1.23914
0.127687
0.723071
1.20304
1.4546
0.797026
1.24393
0.0547461
0.769193
1.0989
0.130796
0.0184873
1.53282
0.0740087
0.708481
0.984223
0.7565
0.616551
0.625367
0.0209269
0.067834
0.48772
1.06725
0.395053
0.270119
0.928968
0.16606
0.215444
0.557977
0.0340084
0.678634
0.0993336
0.678386
0.223893
1.56
0.204409
1.02284
0.874839
0.690806
0.217694
1.43027
1.29937
1.4568
0.291486
0.679573
0.359576
0.134685
1.34941
1.55694
0.578401
0.550891
0.457674
0.485629
0.933486
1.20698
0.120705
1.34311
0.299612
0.806512
1.11188
0.974432
0.209008
0.328903
0.921752
0.935166
0.812922
0.884473
0.790818
0.635272
0.158438
0.964025
0.742752
1.07893
0.89774
0.109178
0.706725
1.56815
1.18174
0.190555
1.04281
1.54387
0.755516
0.257735
0.207157
0.667325
0.0552786
0.659244
1.16625
1.54307
0.303262
0.795774
1.45928
0.834979
0.108502
0.616861
0.790368
0.873809
0.524807
0.496321
1.16277
0.903133
0.3727
1.45051
0.761674
0.955712
0.541376
0.136798
0.106577
0.538932
0.2048
1.04504
0.559403
0.374728
0.000711047
0.307041
0.844998
1.42937
0.566345
0.441518
1.0952
0.410211
0.989523
1.19762
0.212251
0.835773
1.36304
0.645092
0.437807
0.0543705
0.655984
1.14683
0.0696193
0.697606
1.13718
1.23034
0.716476
0.450257
0.785859
0.95259
1.18656
1.37517
0.496581
0.496008
0.577385
1.37188
1.26147
0.536827
0.827773
1.02304
0.872826
0.677516
1.00731
0.505989
0.0053834
0.956545
0.811922
0.440567
0.97775
1.32872
1.47714
1.46188
0.683211
1.12221
0.731051
0.531937
1.38111
1.17196
0.754078
1.11127
0.54561
0.600969
1.09475
1.46375
0.796499
0.915042
0.796005
1.38921
0.782888
1.47405
1.52248
0.969048
0.154363
0.306778
0.0826898
1.05285
1.44284
0.702509
0.515195
0.328682
1.54196
0.172557
1.13464
0.770952
1.43955
1.05701
1.32524
1.56486
0.98378
0.122708
1.0697
0.0798024
0.497893
1.11512
0.989664
1.41824
0.610524
0.555475
1.18312
0.0486762
0.728014
1.3352
0.250772
0.167635
0.973911
1.13242
0.0553675
1.50092
0.447213
0.658045
1.39521
0.521262
0.438962
1.48848
0.743809
1.31536
0.787768
0.377593
0.475166
1.09711
0.419777
1.318
0.805763
0.700653
0.653405
1.20208
0.770681
0.5324
1.15059
0.415775
0.414285
0.132468
0.878514
1.12247
0.742811
1.55358
1.25091
0.834203
1.43127
1.18634
1.424
1.27409
0.107603
0.350556
1.32518
0.0428071
0.430634
0.499138
1.30044
0.638393
0.614528
1.01383
0.578359
1.29146
0.982676
0.260661
0.963414
1.02484
0.0778889
0.993937
1.55452
1.00201
0.977039
0.53129
0.66483
0.814169
1.14571
1.15142
1.10525
0.508733
1.42907
0.238024
0.777913
0.895833
0.0749977
0.311169
0.441916
1.20246
1.15782
0.97516
0.275348
0.40977
0.884364
0.495432
0.2886
0.670405
0.956383
0.00877475
1.16223
1.05152
1.06502
0.805318
1.03131
0.177773
0.445289
0.683957
0.237663
1.03693
1.38108
0.541653
0.839115
1.11322
0.491007
1.01981
0.747673
0.483653
1.52342
1.15071
0.429298
1.56569
1.22843
1.42505
0.731774
0.783517
0.787338
0.807223
0.592458
1.23517
0.215226
0.805422
0.355471
1.0098
0.533908
0.530952
0.508196
0.492697
0.308065
1.11892
0.181042
0.685144
1.21567
1.5132
0.214332
0.144688
0.284561
1.17587
0.257597
0.871798
0.00105572
0.841945
1.33391
0.910833
0.310345
0.931334
0.910862
1.27482
1.04272
1.25313
1.13225
0.419414
0.772187
0.359675
1.54393
0.607255
0.780429
1.12752
0.379822
0.878642
1.23417
0.500517
0.355443
1.36355
0.592499
0.589377
0.63042
0.495324
1.15741
0.0321052
0.771945
0.682143
1.45081
1.3845
1.07238
1.34419
0.744599
0.653606
0.300315
1.38519
0.679875
0.705172
1.35674
0.239598
0.209785
0.764129
0.481038
0.60494
0.0112912
0.591656
0.850226
0.472494
0.406926
0.0582447
0.982477
0.514124
0.307576
0.400952
0.39445
0.0105911
1.187
0.853306
1.26726
0.620276
1.43166
0.783077
0.285491
1.23112
0.893823
0.916258
1.37839
0.825487
0.498298
0.642588
0.871332
0.87201
0.630752
1.08795
0.760689
0.222305
0.363184
0.116779
1.18301
1.09009
0.921865
1.1379
0.460344
0.280133
1.05678
1.47518
0.172584
0.883572
0.645032
1.5458
1.14413
1.20101
0.582489
1.27244
0.27878
0.597046
0.583618
1.23927
0.87152
1.38647
0.881663
0.90323
0.294389
0.741776
0.221484
0.100394
0.392031
0.689824
0.721071
0.0329207
0.183796
1.06928
0.83355
0.785096
1.29953
0.4702
1.30307
0.573773
0.84692
0.710944
0.11496
0.130848
0.405028
0.825364
0.20026
0.226268
0.141272
0.355844
0.603362
0.56555
0.299707
0.860776
0.235312
0.870596
0.72115
0.796161
1.18797
0.496034
0.808909
0.95886
0.125923
0.794887
0.976871
0.603149
0.648645
1.24588
0.881315
1.17002
0.77607
0.965065
0.82796
0.638947
0.158264
0.70894
1.17207
0.504789
0.430277
0.932737
0.782601
1.54426
1.29564
0.592171
0.177369
0.760062
1.03579
0.592023
0.806669
1.53759
0.408395
1.2249
0.986105
0.778577
0.168139
1.16426
0.727897
1.50062
0.679319
1.30854
1.0399
0.687175
1.19579
0.972642
0.713325
1.30369
1.15525
1.24792
0.878368
0.271633
0.176528
0.12973
0.317214
1.03034
0.432651
0.582256
0.249131
1.51482
0.756617
1.15996
0.239112
0.889038
0.351731
0.896648
1.29982
1.45323
1.34828
1.56968
1.29931
1.24712
0.716474
0.536622
1.35012
1.25461
0.795362
0.0392268
1.18571
1.44566
0.6954
0.796931
0.0230732
0.741997
0.616818
0.558131
1.48601
0.759604
1.14061
0.824955
0.502745
0.212816
1.50538
1.1006
0.673389
1.27473
1.29573
1.29309
0.117229
0.543804
1.06097
0.907051
0.227953
1.36823
0.283597
1.51018
1.1461
1.53874
1.33754
0.0814161
1.29584
0.386138
1.50481
1.20991
0.121213
0.547191
0.319347
0.277576
0.697353
1.48461
0.338671
0.909783
1.1065
0.140659
1.33346
0.262344
0.931237
1.32398
1.13272
1.17885
0.781025
0.989914
1.33344
1.02226
0.829865
1.37619
0.573379
1.16749
0.153366
1.31743
0.797733
0.125321
1.02671
1.23492
0.310939
0.602735
0.981032
1.20155
0.444744
1.27877
0.598412
1.05723
0.586307
0.211746
0.739173
0.342274
1.15717
0.489344
0.495839
0.557691
0.296397
1.20307
0.51202
0.71324
1.40732
0.651508
0.550311
0.839376
0.498685
1.32496
0.484352
0.396601
0.538513
1.13528
0.810034
0.942485
0.25372
0.0230429
1.04445
1.53556
0.0258585
1.35033
0.751977
0.922441
0.858056
0.485221
1.32902
0.721841
0.753756
1.38887
0.980988
0.0831242
0.173578
1.24866
0.828875
1.26676
1.14483
1.29518
0.555435
0.919137
0.86856
0.772362
1.01411
1.46025
0.44417
0.592122
0.276732
0.0587078
0.570348
0.711189
0.135834
0.610165
0.405413
1.38142
0.471381
0.891204
1.15154
1.09847
0.718683
0.327881
0.524346
0.723113
0.101542
0.601845
0.799499
1.12657
1.46016
0.963904
1.44988
1.03582
0.352458
0.0146262
0.584511
0.789095
1.12212
1.03314
0.877333
1.03725
0.907011
1.31679
1.50818
0.0641288
1.48502
0.648994
0.435561
1.11762
0.677823
0.309497
0.115506
1.1112
0.124082
0.366626
0.56148
0.361044
1.06907
0.609452
0.61196
0.255825
0.507687
0.765901
0.901983
1.08915
1.10708
1.13117
0.52973
1.05863
0.821609
0.267758
1.07987
0.385099
0.864173
0.511972
0.778743
1.56116
0.27058
0.396882
0.57219
0.208658
0.702974
0.365764
0.302337
1.27054
0.902808
0.507507
0.134161
0.1143
0.41754
0.136184
0.564484
0.696231
1.06122
1.02919
0.73059
0.918707
1.15539
1.01996
1.54401
0.517237
1.0915
0.219736
1.0446
1.07864
0.450191
0.42047
0.631444
0.0372525
0.381712
0.447259
0.893804
1.17101
0.0297437
0.659531
0.847855
0.208439
0.011847
0.751485
0.616684
0.777553
0.206335
0.221441
0.311816
0.198818
1.27848
0.335009
0.579354
1.44975
0.480875
0.61744
1.32813
0.0395513
0.364338
0.633251
1.04394
0.210572
0.0457866
0.848218
1.2983
1.04236
0.744459
0.105388
1.03366
1.16047
0.0782824
1.19139
0.783986
0.889978
0.805377
1.40945
0.746701
0.783136
0.899779
0.243298
0.917794
0.910437
0.851917
0.849906
0.853241
0.687556
0.651657
1.56438
1.17894
0.393218
0.27171
0.468434
0.840374
0.618115
0.386159
0.657644
1.12374
1.55153
1.50155
0.616908
1.00594
1.24039
0.842866
1.46159
0.720776
0.218824
0.995628
0.594203
0.337422
0.617838
0.775354
0.0818205
0.0504195
0.0997033
0.838237
1.56937
0.820699
0.400494
0.515828
0.391837
1.21686
0.374906
0.874248
0.429143
0.246253
0.610859
0.634509
0.0776167
1.16568
1.40961
0.683128
0.752423
0.36743
0.739533
0.47546
0.399136
0.0250676
0.801552
1.49442
0.604159
0.535278
1.46565
1.47204
0.885709
1.09761
0.701997
1.51742
0.993344
1.4487
1.23669
0.404924
0.418648
0.701867
0.797733
1.00483
0.949244
0.693171
1.09552
1.13547
0.791686
0.650568
0.845851
0.595321
1.3323
0.593647
0.999607
0.2397
0.424591
0.874514
0.770686
0.599027
1.15225
1.09282
0.847083
0.322405
0.744994
0.230016
0.43407
1.0624
0.837912
1.52653
1.07427
1.1309
0.572018
0.066187
1.29142
1.47976
0.750502
1.09119
1.08424
1.28116
1.34722
0.392159
0.771614
0.586302
0.932542
0.768494
0.672273
0.817114
0.00597561
1.04539
0.1185
0.712306
0.803481
1.28143
0.0479025
1.38307
1.3525
0.440214
1.43709
1.2907
0.555295
1.1847
0.247614
0.604302
0.151056
0.390817
0.818519
1.16933
1.51371
1.13532
0.0331974
1.43898
0.599344
0.551932
1.36293
0.0708781
0.841894
0.551756
1.12938
0.458164
0.739081
0.603272
1.46377
0.541579
0.762541
1.4766
1.26791
0.899223
1.08754
1.56625
0.7226
0.050594
0.957251
0.400771
0.273166
0.589633
0.654402
1.1834
1.11285
0.910995
0.219256
0.623178
0.0041966
0.531075
0.84314
0.726773
1.26319
0.706929
0.865966
0.147823
0.0925473
0.422068
0.509042
0.618185
1.50886
1.28735
0.531166
1.19765
1.35065
0.125488
0.46519
1.15654
0.0334295
1.31159
0.927293
0.980929
0.270554
1.47888
1.07793
1.1308
0.804651
0.935036
0.815681
1.52925
0.531764
1.41364
1.44311
0.534753
0.778906
0.763941
0.602752
0.690347
0.359243
1.06912
0.404497
1.20226
1.20805
0.821934
0.709621
0.288212
0.687097
0.215704
1.48742
0.638227
1.06626
1.35068
1.474
0.893593
0.828042
1.03465
0.634132
1.12915
1.26548
0.935635
0.484708
0.673747
1.3135
1.55681
0.70574
0.155769
1.05973
0.0435933
0.568895
1.20278
0.736358
1.1747
0.459848
0.780692
1.26602
1.39016
1.1252
1.05554
0.920052
0.322244
0.719409
1.17243
1.09952
1.14481
0.624397
0.64658
0.165221
0.721953
1.30987
0.70371
0.637006
0.446073
0.617373
0.250786
0.759762
0.377087
0.36416
0.68314
0.126884
0.957175
0.379365
0.915052
0.873439
0.489619
0.753059
1.4842
0.476998
1.53142
0.679955
1.5113
1.52277
1.48624
1.43522
1.10585
0.458524
0.964305
0.584149
0.49053
1.45626
0.180208
0.441403
0.0270405
0.446787
0.076433
0.94812
1.43512
1.40896
0.463441
1.13255
1.25722
0.606239
1.04151
1.56343
1.40158
0.535056
0.958233
0.55631
0.893769
0.9831
0.806457
0.972048
0.890979
0.14443
0.649449
1.55216
0.700949
0.263651
0.945959
0.233038
1.32888
0.725854
0.670537
0.110342
0.504184
0.761178
0.788622
0.170474
0.622356
0.590687
1.3904
0.596122
0.950312
0.089116
1.32844
0.782656
1.49721
0.838786
0.112264
1.24539
1.32293
0.302382
1.17626
1.1637
0.971888
1.36863
1.36773
0.86217
0.756698
0.435958
0.0612207
1.00075
1.32533
0.131185
0.201631
1.37075
0.994635
1.47166
1.23762
1.02087
1.36195
0.172636
1.19166
0.785065
0.875401
1.42655
0.746247
0.311667
1.40482
1.46955
0.491994
1.1887
1.48453
0.171968
1.07032
1.184
0.394277
1.16591
0.535302
1.06169
0.237534
0.0103304
0.555897
0.705345
0.970022
0.00680906
1.24847
1.35514
1.53186
0.313029
0.592413
0.380558
0.696433
0.651963
1.30682
0.885161
0.652998
0.390331
0.762334
0.566953
1.26567
0.391147
0.598654
0.448524
0.821782
0.845006
1.48384
0.610437
1.24752
0.40459
1.46568
0.662537
0.105999
0.249432
0.511962
1.08715
0.644998
0.942662
1.06163
1.48341
0.126883
1.26228
1.37782
0.754028
0.638183
1.1423
1.02978
0.355406
0.473927
1.55757
0.85626
1.30683
1.3604
0.987937
0.513388
1.003
1.15039
0.77238
1.06463
0.688177
0.238676
1.11131
1.52797
0.00691468
1.44525
0.621221
1.0833
0.475222
0.0940875
0.988746
0.50497
0.261661
1.40111
0.100332
0.472643
0.265232
1.32698
1.07111
0.713654
0.963103
1.38342
0.557867
0.864683
1.1333
0.546527
0.437674
1.33187
0.550077
0.607033
0.12087
1.54824
0.0598011
0.278518
0.135804
0.106191
0.216109
0.0260336
1.22691
1.18359
0.98231
0.590859
0.89093
0.841339
1.29886
0.869553
0.954975
1.21822
0.503727
1.22296
0.92222
1.40163
0.765789
0.213949
0.173264
0.762537
0.796563
0.657016
1.45298
0.958275
1.49791
0.605583
1.26263
0.721853
0.938019
1.41033
0.506103
0.818364
0.561928
0.823018
0.215132
1.13728
1.03266
0.886662
0.34434
0.54234
0.600011
1.13426
1.23545
0.396285
1.49928
0.907143
0.809693
0.944429
0.529103
1.16442
0.394911
1.26289
0.288987
1.00442
0.913694
0.681475
1.4252
0.981248
0.0202094
1.01538
1.4322
0.667978
0.342525
1.3111
1.23579
0.756751
0.915822
0.655807
0.813536
0.457512
0.562574
0.408278
0.867629
0.568389
1.37682
0.373578
1.14007
0.416281
0.967657
0.577846
0.351298
1.29526
0.770808
1.53652
1.17198
1.28631
0.756921
0.699362
1.06584
0.618973
0.435414
1.23135
0.0246623
0.530404
0.532142
0.206469
0.680391
0.279796
1.31998
1.07824
0.0892029
0.656912
0.682187
1.53416
0.420561
0.652844
0.74601
0.213822
0.0263451
1.18378
0.208661
0.380998
1.51701
0.400792
1.38129
0.565809
0.290121
0.800161
1.15577
1.00252
0.138989
0.597946
0.793253
0.0201085
1.20071
1.28086
1.30477
0.355508
1.48295
0.962868
0.252195
0.63939
0.134168
1.19815
0.248369
0.745755
0.805082
1.3666
0.74014
0.484702
0.454728
0.37043
1.42998
0.892238
1.19435
0.375484
0.601491
1.25547
0.990227
0.157217
1.34578
0.107086
1.13622
0.305157
0.996877
0.417788
0.11329
0.557424
0.463317
0.397877
0.253003
1.39568
1.52973
0.754876
0.155862
1.06867
0.806128
0.812123
0.434397
1.35111
0.760277
0.677096
1.21536
0.718624
0.532752
0.878861
1.45982
0.779336
0.758846
0.294141
0.528035
0.145033
0.84003
0.926824
0.449054
0.662747
0.927666
0.81707
0.264671
0.215799
0.721245
0.685777
0.910021
1.17873
0.913493
0.938991
1.09467
1.56298
1.35114
1.40377
0.834785
0.98147
0.980503
1.49172
0.391221
0.922844
0.0768088
0.500069
1.26588
0.560677
0.959444
0.946678
0.876558
0.847967
0.652795
1.24364
0.00787785
0.828611
1.28952
1.05191
1.47405
0.633566
0.0396728
0.762083
1.08974
1.08223
1.06464
0.679262
0.472647
0.222533
1.34018
0.989813
1.46451
0.898912
0.0249613
0.858136
0.62889
1.09608
0.918049
0.419368
1.11433
0.884082
0.248627
0.447755
0.788165
0.00848595
0.812799
1.18564
0.622155
0.351383
0.426257
0.689357
0.962973
1.01314
1.10116
0.617521
0.420129
0.667977
0.723411
0.651119
0.542805
0.70108
0.76402
0.0820727
0.854009
0.995657
0.113633
0.645153
0.331428
1.5605
0.503443
0.778651
0.844997
0.358109
1.04622
1.25866
1.27353
0.229871
0.111233
0.563302
1.36665
0.324373
1.00291
0.808124
0.20758
0.515051
0.898635
0.901187
0.304572
0.759265
0.636125
0.912865
1.22696
0.24098
0.34866
0.034747
1.55887
0.343484
0.406536
1.46667
0.102328
0.673103
0.91687
0.745007
0.92491
0.11024
0.186808
1.3552
0.501801
0.172573
0.576818
1.21691
0.484688
0.193205
1.50735
0.746083
0.572713
0.530993
1.24215
0.621533
0.821193
0.849064
0.583873
0.0382146
0.154568
0.774487
0.728419
0.410914
0.814675
1.12786
0.986354
1.21327
1.12923
0.837898
0.768058
1.08241
0.147882
0.878594
0.376793
1.01822
1.46685
0.00705079
1.55859
0.670823
0.87721
0.46957
0.136818
0.980376
0.808331
1.11954
1.1114
0.982095
0.360879
1.26858
0.17611
0.535734
1.46867
0.821196
0.733971
0.421232
0.0126895
0.945103
0.945368
0.268781
1.49695
1.53229
0.616262
0.620664
1.28176
0.852717
0.759913
0.825536
0.299341
0.468953
0.633698
1.44888
1.13822
1.01894
1.22568
0.508855
1.20793
1.00727
1.08854
1.39755
0.98502
0.278755
1.39535
0.119771
0.726531
0.909877
0.29613
1.51047
1.27732
1.46412
0.550005
1.2409
1.49771
0.505249
0.674176
0.802815
1.21256
0.0388862
1.13109
0.672904
0.347438
0.729503
0.584481
0.209683
0.859142
0.453916
0.370736
0.145598
1.06597
0.857577
0.90054
0.698435
1.02988
0.32158
1.08874
0.212867
0.496298
1.268
1.23483
1.01129
0.983174
0.835543
0.881201
1.14499
0.452389
0.0815693
0.143602
0.8145
0.313198
1.43258
0.850796
1.44537
0.491448
0.803769
1.50562
0.752019
0.586285
1.03904
0.941174
0.640695
0.707512
0.0597365
0.350508
0.23744
1.25948
1.43755
0.846681
1.01889
0.0154889
1.27853
0.426012
1.22373
0.315205
0.650952
0.000907188
1.19447
0.685107
1.37115
0.35393
0.672997
0.88368
0.507689
0.0180003
1.11976
0.947997
1.33044
1.17903
0.550726
1.08228
1.41041
0.0548265
0.665556
0.831458
0.716911
0.207296
0.844866
0.377496
0.1571
1.05347
0.772554
1.41371
0.0252359
0.82882
0.244772
1.35347
0.788852
1.39482
1.52041
0.181511
0.556753
0.657366
0.092416
0.983039
0.688101
0.521811
0.426491
0.803362
0.322847
1.30716
1.47604
1.5179
0.514051
0.643689
0.864256
0.569208
0.0523643
0.892223
1.23236
0.0893805
1.29914
0.468824
1.14314
1.15724
1.20833
0.586003
1.45966
0.595848
1.38348
0.0103277
0.811478
0.480331
0.540558
0.286127
0.937861
1.56459
1.07176
0.847825
0.788839
0.948198
0.686014
1.21133
0.934124
0.58559
0.158191
0.139469
0.47095
0.945464
0.898713
0.0382289
1.54124
1.19451
1.56615
0.667194
0.43428
1.31997
0.758918
1.47664
0.199965
1.56043
1.55301
0.453411
0.352727
0.0591084
1.04389
1.31709
0.0442605
1.53032
0.0455275
1.06436
1.0542
0.980229
0.683194
0.411528
1.22845
1.3991
1.00532
0.644086
0.472322
0.644773
0.846658
0.859868
1.44399
0.470092
1.06898
0.261999
0.889163
0.032813
1.19223
1.34265
0.550049
0.60937
0.59555
0.940058
1.15861
1.17363
0.811976
0.788877
1.47066
0.425532
1.01619
0.379783
1.32038
1.30151
1.2176
0.604015
1.03854
0.923529
0.805357
0.668767
0.593675
0.751792
0.967838
0.92659
0.888117
0.894147
0.609925
0.568343
0.625311
0.314719
0.71198
0.451438
1.10473
1.5351
0.974178
0.564431
1.31483
0.512648
0.0794751
1.45214
0.944282
0.909257
1.56051
0.143284
0.992212
0.305082
0.563611
1.0003
1.03712
0.273416
0.695215
0.260196
0.22733
0.503283
0.221713
0.993221
1.50562
0.489263
0.409644
0.561006
0.748008
0.793334
0.560441
1.10745
0.790499
0.83516
0.697009
0.725763
1.38665
1.2767
0.192255
0.955422
0.650204
1.38654
1.28118
0.766065
0.993584
0.723943
1.25537
0.278428
1.10561
0.760205
0.23617
0.750252
0.283168
0.739514
1.01812
0.64398
0.404891
0.526491
1.09932
1.50278
0.564478
0.617463
0.232416
1.52335
0.332473
0.805804
1.44798
0.738603
0.200415
0.763786
0.540013
0.55204
1.41486
0.374133
0.805554
1.48348
1.45646
0.469207
1.15318
0.207236
0.354517
0.922909
0.889905
1.16472
1.21405
0.701735
0.750184
0.678237
1.36854
0.371938
0.818837
1.06298
0.633664
1.39161
0.457937
1.21019
0.845034
1.40163
0.955068
1.20286
0.566403
1.31309
0.406308
0.713178
0.46431
0.239825
1.44735
0.779566
0.442404
1.15814
0.321862
0.362691
0.714162
1.46055
0.0509104
0.999413
0.488084
0.281974
0.775307
0.751228
1.49172
0.636983
0.723934
0.37941
0.339015
1.37702
0.780759
1.17673
0.529214
0.440894
0.477649
0.693794
0.63973
0.681246
0.928492
0.263817
0.742695
0.188114
1.41313
0.794112
1.42902
1.48066
1.56001
1.28869
0.906237
0.889596
0.0715275
0.222249
0.567577
1.34174
0.254255
1.06608
0.617753
0.736173
1.02553
0.767552
1.42083
0.69311
0.307362
1.04303
1.32403
0.549106
0.305843
1.31429
1.36791
0.680492
1.32017
0.471415
0.771154
1.04153
1.41552
0.781608
0.698118
0.976224
0.783645
0.550654
0.675717
0.613746
0.713046
0.629087
0.851727
1.35674
1.24548
1.34965
0.78774
1.16971
0.854792
0.184324
0.900086
0.0214423
1.05943
1.19804
1.07376
0.811682
1.01745
1.07667
1.52239
0.380493
1.0199
1.32892
1.3822
0.812446
0.484448
0.518733
0.539457
0.160536
0.404724
0.82754
0.630144
0.0520202
1.05178
1.51142
0.702482
0.161518
1.00036
1.45306
1.09028
1.05952
0.784609
0.991189
1.04187
1.09484
0.743327
0.925624
0.368147
1.52526
1.04562
0.94354
0.287403
1.29137
0.88378
0.785478
0.105328
1.0872
1.07918
0.940884
0.927695
1.01548
0.876454
1.0914
0.0147117
1.40573
0.0434635
0.921738
1.18695
0.88155
0.608241
0.123865
0.662831
1.53414
1.04496
1.37629
1.31652
0.780568
1.20207
1.05677
1.24112
0.680821
0.851067
0.707533
0.038087
0.556511
0.721127
0.274224
0.875217
0.782623
1.05544
0.370089
1.45633
1.32339
0.57903
0.92185
0.663239
1.06579
1.09951
1.18129
1.48427
0.497553
0.745487
0.711704
1.47924
0.116031
0.570851
0.97246
0.886453
0.426554
1.55553
0.658213
0.455991
1.19326
0.728539
1.52505
0.8812
0.00849494
0.526041
0.97348
0.967742
1.48459
0.761661
0.844762
1.2448
1.50669
0.104953
0.67126
0.495781
1.49706
0.693948
0.166296
0.0687551
1.31769
0.75005
0.348141
1.40548
1.08678
0.693543
1.52642
0.733818
0.870377
0.00724975
0.368226
1.45975
1.09878
1.11798
0.14884
0.94044
1.47993
1.44113
0.357412
1.47669
0.239909
0.50785
0.708471
0.788752
0.398268
0.919409
1.13785
0.237129
0.865433
1.28728
1.04396
1.19169
0.96353
1.40856
0.0953329
0.884895
1.00028
0.827667
0.664895
0.799041
0.594663
0.809665
1.33271
0.709159
0.356792
0.557264
0.949258
1.10791
0.725892
0.249889
1.23234
0.649864
0.778226
0.257449
0.0926729
0.766559
0.0931939
0.689863
0.958328
0.339063
0.823444
1.04452
0.955154
1.03599
0.625768
0.611669
1.54547
0.214114
0.120074
0.479547
0.452297
0.45323
0.471496
1.13759
1.37455
0.645781
1.48755
0.723847
1.33958
1.56801
0.500361
0.919781
0.870519
0.766921
0.0495312
0.915489
0.164788
1.02849
0.357797
0.0290453
0.924822
0.86173
0.165981
0.460968
0.466871
0.76504
0.791982
0.701416
0.532141
0.149516
0.000938752
1.35851
0.900885
0.271451
0.929252
1.41881
0.0757213
0.980448
1.53186
0.943448
0.356811
0.737227
0.174283
0.155399
0.188293
0.828142
0.735597
0.348997
0.830929
0.672896
0.98705
0.596632
0.592745
1.25759
1.38255
0.732364
1.0161
0.836838
0.915528
0.0285378
0.741191
0.765201
1.20376
0.387861
0.796383
0.729424
1.56392
1.35619
1.1293
0.891627
0.104477
0.791317
0.492809
0.421082
1.50935
0.532959
0.717441
1.02721
1.02481
1.36071
0.348524
0.749259
0.163476
0.919261
1.45451
0.612252
0.354741
0.848664
0.638589
0.152757
0.41928
0.25244
0.259251
0.114905
0.734043
1.11837
1.42454
0.978856
0.818609
0.372396
0.501092
1.01451
0.688739
0.547484
0.912825
0.579663
1.11786
0.193424
1.44094
0.443723
0.61678
0.941822
1.42556
0.882037
1.09601
1.03094
0.917365
0.0822174
0.0311089
1.43488
0.0589645
0.395358
0.744737
1.44236
0.934442
0.592746
1.52745
0.279723
0.495244
0.332623
0.819157
1.15312
0.356317
0.519271
0.482559
1.42384
0.233806
1.04975
1.19822
1.25349
0.730642
0.226859
0.845307
1.32215
0.69343
1.23521
0.931926
0.241924
0.91788
0.42482
0.706876
0.825145
1.48346
1.38904
1.56318
0.775985
1.12687
0.624751
1.1181
0.944388
0.500443
0.451016
0.905081
0.407267
0.471195
0.938459
0.640978
0.196318
1.43789
0.147834
1.53757
0.0368483
0.523789
1.44307
0.183263
0.962293
1.0993
0.505287
1.05355
1.12634
0.70173
0.813411
0.570304
1.19746
0.648087
0.56336
0.987769
0.368822
0.583091
0.873966
0.792637
0.0506905
1.52259
0.800936
0.749871
1.17999
1.09571
1.00809
0.577256
0.0323751
1.32914
1.1962
0.333275
0.44007
0.422279
1.50098
0.838706
1.49678
0.880323
1.22715
0.654849
0.722575
1.00872
0.277624
0.464667
0.307977
0.759564
0.874926
0.293762
1.4017
0.779345
0.601842
0.783087
0.563823
0.408749
0.638167
0.959796
1.29461
1.34802
1.44138
0.62213
0.598125
1.55319
0.560197
0.868298
0.494566
0.837911
0.889467
1.1863
0.562584
0.818659
0.705362
0.80123
1.23856
0.674971
0.688758
0.526372
0.718841
0.424576
0.0722635
0.727587
0.219001
0.175622
0.623264
0.787038
0.0530228
0.519829
0.416581
0.92758
1.09775
0.517287
0.513695
0.784206
1.36274
1.30311
0.0953134
0.584181
0.473832
1.07248
1.40477
0.723557
0.492016
0.357764
0.69414
0.906807
0.89775
0.725695
0.805548
0.829953
1.008
0.318334
0.0297851
0.547109
0.732095
0.608878
1.41498
1.22163
1.3535
0.469697
0.42599
0.287075
0.441345
1.40682
0.73131
1.46964
0.630362
0.850402
0.930042
1.51174
0.605201
0.739565
0.757882
0.284066
0.0381073
0.0571946
1.50404
0.39476
1.03909
0.979938
0.73934
0.20385
0.566604
1.49302
0.899747
0.716889
1.39675
0.142118
0.703883
1.07317
0.261854
1.04423
1.16236
1.0156
0.464264
0.759767
0.751018
0.313324
1.38093
0.53368
1.00548
1.53032
0.650452
0.7912
0.98209
0.570593
1.26661
0.0867881
0.252231
1.23348
0.869875
1.54617
0.351821
0.808679
0.234817
1.20341
1.50942
1.02343
0.36865
0.792214
1.46037
0.195102
0.10176
0.269226
1.16698
0.993612
0.537037
1.49978
0.540009
0.371978
0.759434
0.656836
0.635333
0.459254
0.859487
1.01604
1.14599
1.35834
0.445672
0.557808
1.37027
0.595407
0.349366
0.567342
1.06125
0.807629
0.147073
1.21946
1.05833
0.829834
1.13045
1.46566
0.970336
0.49913
0.742169
0.480013
0.377255
1.15239
0.468453
0.782565
1.06526
1.18956
0.430408
1.00756
0.746473
0.769479
0.074731
0.00469641
0.441316
1.26798
0.0940816
0.0474502
1.45357
0.515324
0.102967
0.882227
1.25466
0.892783
0.714987
1.27494
0.584761
1.12083
1.489
1.26813
0.120584
0.665567
0.912978
0.817464
1.34724
1.27711
0.790386
0.27291
0.82465
1.42188
0.705351
1.40639
0.653008
0.546749
0.907618
0.972268
0.318469
0.998032
0.850686
0.109491
0.798424
0.280941
1.10171
0.366091
0.847121
1.33006
1.11305
1.49575
0.246674
0.582189
1.31448
1.06652
1.00795
0.901978
0.754895
1.51517
0.825243
1.27454
1.38302
1.27262
0.815301
1.04822
0.801439
0.0926895
0.847927
0.0193849
0.613177
0.8722
0.774412
0.336272
1.42582
1.1135
1.28723
0.911594
1.255
1.36965
0.672915
1.52253
0.801578
0.99547
1.3232
0.636925
0.200477
1.18433
0.745521
0.349817
0.291599
1.51386
0.631638
0.0011962
0.843166
0.781607
0.535655
0.529126
0.81014
1.0543
0.74521
1.03605
0.176673
0.428128
1.15562
1.56056
1.08817
0.65397
0.171782
0.775374
1.12442
1.34335
1.20734
0.830504
1.15075
0.395725
0.477636
0.721541
0.00528239
0.131226
1.20676
1.43018
1.51679
0.439629
0.239116
1.25389
1.03378
0.908142
0.693117
0.618785
0.897571
1.32059
0.565057
0.332263
0.927203
0.91967
1.08655
0.041618
1.21385
0.729499
0.907032
1.37657
0.57579
0.298016
0.787006
1.0782
0.130524
0.214854
1.12412
0.989175
0.635967
1.08491
0.196055
1.31685
0.270819
0.592619
1.18794
1.41266
0.31065
0.343142
0.88175
0.661521
0.0485701
0.787146
1.28314
0.99236
1.22105
0.819528
0.423417
1.13746
0.997318
0.329299
0.582218
1.51138
0.522252
0.56421
1.33665
1.06612
0.222841
1.15207
0.581358
0.883523
0.0432997
0.509634
0.715558
1.34919
1.0728
0.981771
0.9236
0.333658
0.322208
1.46092
1.52691
1.48178
0.233074
0.253001
0.829654
0.673579
0.675055
0.953389
0.794367
1.01998
0.946074
1.00283
1.52476
0.861887
0.879132
0.200643
0.814519
0.257942
0.832239
1.3891
0.204801
0.827713
0.545473
0.00361367
0.268028
1.04209
1.17933
0.243156
0.712685
1.43587
0.386456
0.780761
0.0677951
0.769926
0.47805
1.2343
0.848824
1.01348
0.738605
0.450517
1.1547
1.257
0.231294
0.806774
1.26572
0.0992901
0.77763
0.892607
0.326437
0.417231
1.27839
0.951706
0.807951
0.692998
1.01795
0.742445
1.44753
1.49752
0.0307489
1.17445
0.821757
0.616989
0.607841
0.875428
0.31053
0.848103
0.598288
1.37795
0.980497
0.705018
1.28049
1.37654
0.627831
0.656146
1.0573
0.316761
0.434903
0.798555
0.87127
1.09777
0.544307
0.742353
1.11719
0.821501
1.19488
1.24962
0.781593
1.43154
0.668308
0.6163
0.943607
1.16367
0.869976
0.873901
0.377378
1.12807
0.713892
0.211507
0.793832
1.18396
1.1542
0.798929
1.27948
1.01848
0.773736
0.744621
0.680171
0.46576
0.0345781
0.155343
0.564209
1.17417
0.870726
1.18069
1.35049
0.0954564
1.0517
0.793944
0.782808
0.916512
0.792902
1.0869
0.805508
1.112
0.477072
0.569203
0.793073
0.248153
0.339519
1.44455
0.750647
0.0347389
0.157399
0.835061
0.083567
0.976488
0.880525
1.3371
1.27736
1.16555
1.10569
1.27785
1.10263
0.803868
0.770438
1.00439
1.30739
0.877185
1.24741
0.344235
0.935395
0.864136
0.500296
1.24284
1.08801
1.03651
0.993417
0.602608
1.28878
0.824847
0.281156
1.01362
0.605196
0.888702
1.49875
0.845112
0.133066
1.13137
1.34193
1.27128
0.0883851
1.07847
0.155046
1.37675
0.221837
0.358244
0.875994
0.863163
0.407091
0.400335
0.670119
0.741411
1.31874
1.23483
0.124934
0.83602
0.958996
0.830408
0.725815
0.382499
0.0535335
0.770061
1.45575
1.31504
0.326874
0.675325
0.470352
1.02974
1.11474
1.43516
1.15932
0.25087
0.620306
1.49467
1.41334
0.971767
0.794575
0.811389
1.19868
0.516324
0.0138441
0.399659
0.44152
0.14098
1.04722
0.490129
0.207974
0.638275
0.993179
0.743349
0.819347
0.825934
0.964587
0.285512
0.37279
0.130737
1.53652
0.903071
0.880387
0.280562
1.38534
0.806609
0.563219
1.26705
0.694786
1.19934
1.50231
1.05097
1.08499
0.992416
0.554464
0.936468
1.48038
1.03949
0.725298
0.566782
0.960862
1.10363
1.29847
0.588275
0.640956
0.817345
0.725547
0.838808
0.349393
0.83698
0.476318
1.10112
0.980342
0.440182
0.873287
0.444463
1.14684
0.33591
1.23074
0.937378
0.761155
1.11912
0.749348
0.0145211
0.721247
0.613921
1.36077
1.46993
1.27458
1.14526
0.747246
0.9331
0.900385
1.18426
0.510709
0.365815
1.03264
0.486221
0.774717
1.22493
1.1543
1.34239
1.26247
0.340621
1.15924
0.476987
0.885908
0.92154
1.437
0.530494
0.732117
1.04792
0.676636
0.632073
1.06618
1.18544
0.55546
1.06573
0.0404492
1.20721
0.903891
0.704148
0.324833
0.81596
0.356492
0.636974
0.865997
0.936575
1.18133
0.390613
0.0310261
0.989174
0.355517
1.17207
0.40108
1.25128
1.10129
0.410889
0.761704
1.08851
0.632616
0.614135
0.590082
1.39251
0.496203
1.11697
0.539071
0.210656
0.797684
0.62902
0.227842
0.419113
1.15246
1.48489
0.643982
1.03672
0.726805
0.989098
0.930094
0.47625
1.24204
0.0842947
1.16855
1.08919
0.892829
0.444715
0.779916
0.336715
1.32945
0.771522
0.424033
1.06764
0.103737
0.68843
0.17691
1.07782
0.90084
1.12419
0.514018
1.15674
0.35113
1.36929
0.293947
0.808732
1.1578
0.877878
1.24898
0.798602
0.501917
1.20923
0.0743616
0.0191704
0.354983
0.500859
1.03324
0.471316
0.292736
0.28146
1.10894
0.05662
0.869285
0.650064
0.358391
1.13298
1.56601
0.697851
0.588707
0.757817
0.851893
1.4952
1.22891
1.2475
0.451294
1.19611
1.30291
1.44125
0.590913
1.47645
0.361409
0.0767653
0.470484
0.483874
0.812876
0.554827
0.0797086
0.978398
0.832043
1.19651
0.824625
0.854381
0.458552
1.33363
0.507384
0.128088
0.664284
0.763062
0.897156
0.457396
0.660544
0.120866
1.34455
0.341604
1.4628
0.0573172
0.61916
0.740635
0.834423
1.45379
1.25218
0.737273
1.26964
1.1363
0.412243
0.276284
0.076082
0.423878
1.3896
0.588363
0.238191
0.712718
0.791721
1.27823
1.08003
0.332113
0.370345
0.657452
1.13146
0.909723
0.552572
1.22733
1.52862
0.0274922
0.548913
0.985843
0.806272
0.141451
1.10428
0.584978
0.967028
0.748133
0.380342
0.456334
0.421263
0.39101
1.19539
0.656387
0.314844
1.54659
0.873711
0.7859
1.20923
1.20128
0.648393
0.201442
0.942673
1.14299
0.604216
0.922634
1.26385
0.890954
0.998414
0.570029
0.887773
0.207709
0.0945992
0.0413473
0.422617
1.31368
0.545077
0.559698
1.52168
0.0112327
0.744902
0.364254
0.898147
0.0728286
0.488772
0.421324
1.34268
0.311921
0.585067
1.3602
0.447459
0.922309
1.3328
0.697648
0.98637
0.242502
0.257238
1.3387
0.747444
1.42959
0.932876
0.40006
0.99254
1.57038
0.597711
0.443359
1.40613
0.177608
0.229616
1.45504
0.397222
1.03175
0.568875
0.484579
1.14582
1.48524
0.514275
0.491141
1.34699
0.230608
1.18214
0.319627
0.61645
1.48168
0.102679
0.475238
0.275415
0.38269
1.52391
0.816194
0.64638
1.06965
0.487654
0.941202
1.31591
0.778335
0.860409
0.728154
0.685212
0.59765
1.05032
0.0561619
1.2504
0.801894
0.806679
1.13666
0.0553306
0.907905
0.701844
0.830137
0.0399961
0.240748
0.191468
0.399118
0.925963
0.581773
0.543663
0.836041
0.0448977
0.641468
0.784595
0.739292
0.566978
1.30927
1.46744
0.650475
0.803255
0.426578
0.69501
1.54658
0.854706
0.0949948
0.182029
0.480037
1.32173
1.49394
1.46378
0.735668
0.697135
0.705577
1.25396
0.980206
1.03654
1.40441
1.48741
1.22564
0.177911
1.23079
0.88418
0.947067
0.529968
1.01367
1.1292
0.511019
0.945501
0.341723
0.461139
0.445909
0.48019
0.560155
1.23453
0.403696
1.04148
1.12836
1.55452
0.0827634
0.91804
0.630745
0.714114
0.352578
0.939515
1.39879
1.42004
0.723123
0.480392
1.11459
0.871804
1.32996
1.16537
0.920161
1.50114
0.942209
1.04446
0.499627
0.989208
0.409943
0.723659
0.0673066
0.623342
0.596177
0.00219551
1.26071
0.909583
0.417996
1.02512
1.00281
0.600185
0.174012
0.886123
0.81782
0.665579
1.14586
1.32436
0.227331
0.223225
0.741489
0.624632
0.848248
0.433939
0.631705
1.21977
0.0481497
0.115029
0.815374
0.528309
1.35781
0.403053
0.274556
1.03825
0.720485
0.733467
0.807268
1.5505
0.304168
0.681595
1.16407
0.708149
0.669986
0.704339
1.25296
0.852007
0.745586
0.57857
0.0151254
1.3529
0.714925
1.10402
0.661985
0.792889
0.681348
0.345753
0.762851
0.967145
0.764027
0.308762
0.901929
0.192101
0.516385
0.534456
1.17676
0.285091
0.0765811
0.216668
0.715407
0.070176
1.00367
0.849495
0.86784
0.936914
0.240443
0.91935
1.0135
0.787501
1.56097
1.43557
0.454
0.797759
1.01464
0.560561
0.942883
0.662603
0.95816
0.767977
1.23621
1.46012
0.418083
0.0539424
0.75213
1.38937
0.909785
0.550879
0.887494
0.280026
0.194406
1.16348
0.738658
0.0645479
0.276462
0.58356
0.844492
1.15956
0.801047
0.867137
0.740376
0.761876
0.511566
0.39243
0.130576
1.49593
0.0260485
0.836351
0.471369
1.2472
0.05423
0.227029
0.873753
0.600596
0.420057
1.32026
0.983282
1.06176
1.056
0.372888
1.29683
0.436848
0.817603
1.05448
0.0627911
0.721756
1.00284
0.6858
1.05763
0.11897
1.01223
1.50912
0.412904
0.758657
1.26556
1.37749
1.33712
0.876182
0.230685
0.80318
0.510873
0.100351
1.55722
1.33909
0.853502
1.25923
0.00188509
1.09838
1.23275
0.405774
0.566178
1.08815
1.02502
0.757549
0.551935
0.6836
1.01787
1.28678
0.733017
1.14585
0.226579
1.05627
1.16564
0.978337
1.11711
0.323381
0.509122
0.987995
0.550398
0.0941186
0.445633
0.389886
0.84844
1.03434
1.44516
0.133636
0.0829436
0.615085
0.528926
0.249005
0.522632
0.689739
0.904723
0.3535
0.865417
0.377727
0.994462
0.194927
0.672259
0.183627
0.077276
0.72572
0.542342
1.06788
0.768333
0.915382
1.45096
1.0346
0.476607
1.45964
0.375247
1.34542
1.25689
1.08208
0.895972
1.25344
0.00705307
0.951583
0.467876
1.14145
0.788255
0.641534
1.51673
1.51552
1.46847
1.22215
0.448673
0.930956
0.968471
0.382455
0.186117
1.16552
0.869532
1.36349
1.08975
1.53021
0.770544
1.18817
0.991981
0.582177
0.00790725
0.143161
0.692172
1.27045
0.759103
0.656817
0.957954
0.204458
0.317227
0.848945
0.522405
0.765068
0.945066
1.01073
0.594689
1.28658
0.952592
1.47535
1.45641
1.12548
0.156344
1.46787
1.02739
1.10978
1.11957
1.11437
0.470516
1.10294
0.987804
0.575543
0.665693
0.351973
0.113285
0.633217
0.291791
0.450244
0.595941
0.55654
1.37779
0.814464
0.366668
1.27542
1.14697
0.727358
0.0624916
1.24167
0.87057
0.97152
0.565433
1.00182
0.920762
0.885739
0.43005
0.80822
0.676755
1.20296
0.521876
0.850589
0.897277
0.735553
0.859208
0.3251
1.36106
1.50725
0.645919
1.14057
0.070551
0.298073
0.766891
1.12074
0.649294
0.843543
1.38513
0.942576
0.208445
0.264245
0.994068
0.799967
0.173537
0.359316
0.0898913
1.25632
0.417585
0.807645
1.05932
0.12289
0.315751
0.817185
1.18087
1.51347
0.865803
0.561486
1.34142
0.475079
0.643776
1.2776
0.0275349
0.402467
0.803586
0.273786
1.35214
1.27517
1.37107
1.50017
1.4593
0.410634
1.20738
0.114425
0.872042
0.194551
0.931132
0.927646
0.896203
1.07145
1.35604
0.491158
0.938969
1.0222
0.495175
0.72025
1.0183
0.299092
1.16517
0.973468
1.47572
0.757689
0.425476
1.39073
0.695351
0.184123
0.635915
1.27561
1.15272
0.521429
0.478543
0.568768
1.18642
0.0830716
0.358594
0.21496
0.431502
1.37731
1.49444
0.920911
1.39368
0.0938485
0.62819
0.810262
0.682085
1.40478
0.912452
0.296526
0.132116
0.802809
0.585146
0.611708
0.49721
0.904351
0.47972
1.42181
0.694043
0.693328
1.29966
0.783822
0.396371
0.544109
0.956925
0.520998
0.183629
1.3128
1.26655
0.591691
0.0424466
1.03967
0.516913
0.470616
0.519824
1.37731
0.667314
1.10821
0.926846
0.367118
1.30864
0.880353
0.765544
0.576127
0.526985
0.504719
0.658109
0.818618
0.669678
0.0543693
0.959971
0.653837
0.703808
0.789329
0.924632
0.136462
0.089902
1.06176
0.200498
0.953394
0.935987
1.27939
1.02315
1.10838
0.871501
0.218833
0.79209
1.5525
0.388096
0.566975
0.705841
0.940163
0.740417
0.0188768
0.687372
0.777145
0.863968
0.806416
1.36672
0.606998
0.651944
0.321838
0.588146
0.735273
0.768036
1.25376
0.616667
0.98299
0.947925
1.41978
1.01253
1.1848
1.19092
1.55201
0.274872
1.13627
0.567721
0.452923
1.32738
0.293548
0.634335
0.170266
0.711798
0.0110115
0.154384
0.0201793
1.47732
0.171539
1.36465
0.74823
0.0873234
0.429557
1.30732
0.973367
1.17828
1.10615
0.890381
0.417077
0.309338
0.895513
0.747462
0.295402
0.329061
0.316489
0.770785
0.163733
1.12351
0.474251
1.494
0.289797
0.53867
0.342076
0.923662
0.665521
0.0598067
0.885205
0.471359
0.760687
0.750268
1.29101
0.482255
1.00563
0.225046
0.113169
1.56244
0.71295
0.483582
0.35469
0.7778
0.156367
0.936213
0.514695
0.672141
0.03102
0.432327
0.803841
0.957728
1.04917
1.41082
0.00796662
0.080306
0.169957
1.42102
1.10164
0.867594
0.372281
1.27919
0.625498
0.479811
0.855557
1.32402
0.959156
0.941368
0.508588
0.807806
0.177796
0.265273
0.126863
0.212845
1.50331
0.271601
0.300933
0.658556
1.52733
0.379052
0.72599
0.995148
0.845089
0.577838
0.110515
1.53053
1.26404
0.654321
1.31887
0.902195
0.773142
0.757353
0.600455
1.32758
0.447606
0.403271
0.380949
0.699786
1.20153
0.896976
0.943255
0.544599
0.428741
1.36331
1.06224
0.0455124
0.0527702
0.778447
0.864946
1.3278
1.34619
1.02282
1.56034
1.18957
0.00470568
0.588556
0.853168
0.910549
1.39146
1.0242
0.612316
0.581505
1.04558
0.903028
0.397713
1.22065
1.1175
1.28578
0.477363
0.458504
1.02971
0.805816
1.29132
0.794766
1.52096
0.797162
0.32297
0.0418577
0.999197
0.828408
0.576444
1.09414
1.55344
0.702393
0.813137
0.768261
1.41382
1.29675
0.675394
0.856987
0.207974
0.632438
1.28349
0.677382
0.0618386
1.39155
1.18943
0.871818
0.973372
0.0460172
0.810231
1.52499
1.45354
1.5114
0.758781
1.55146
1.28753
1.39665
1.20568
0.379835
0.999512
0.936695
1.47311
1.0533
1.24341
0.0142491
0.905869
1.42022
1.00637
1.31307
0.778137
0.562973
0.682239
0.0561807
0.758121
1.38004
0.411453
0.802935
0.901264
0.63808
0.301811
0.571825
1.01725
0.360246
0.394022
1.18591
1.51516
1.19825
1.03186
0.898192
0.0519108
0.763507
1.55521
1.15176
0.236199
1.42815
1.39726
0.333034
0.0678912
1.18323
0.271865
0.728981
1.31466
0.223548
0.546856
1.36692
0.65778
1.08123
1.30063
0.850237
0.938706
0.722652
0.326079
0.791885
0.493387
0.98449
1.13606
0.553193
0.238769
1.46284
0.672676
1.20898
0.428448
0.887333
0.184621
0.0900339
0.592053
1.41608
0.713034
0.939725
1.00083
1.45828
1.19713
0.0724498
1.06513
1.15241
1.46547
0.859231
0.41847
1.17108
0.271822
0.376114
1.54796
0.715624
0.987976
1.06051
0.828016
0.846859
0.130259
0.522953
0.470295
1.03418
0.908694
0.153201
0.21934
1.12779
1.55263
0.385529
0.0233639
0.852735
0.974659
1.36616
0.911654
0.79264
1.07486
0.724479
1.08943
0.895719
0.390102
1.5573
0.66317
0.154786
0.787472
1.53272
0.634903
0.536038
0.651795
1.41527
1.17201
0.830288
1.24345
0.508846
0.740855
1.0639
0.817642
1.16797
0.63843
0.278429
0.852594
0.631069
0.623331
0.229453
0.948828
0.89204
0.931128
1.06938
0.971989
0.203717
0.573546
1.46015
1.0215
0.742935
0.704132
0.22073
0.8399
1.10336
0.705201
0.894768
1.53144
0.670144
1.14618
1.36876
0.534583
0.655157
0.190887
0.124478
0.52671
1.00771
0.314773
0.244229
1.07765
0.346905
0.395434
0.886958
0.53942
0.852222
1.00256
0.79347
0.717809
0.203745
1.18341
0.665585
0.678469
0.797498
