0.888933
0.865219
0.82531
0.770531
0.702931
0.625757
0.543626
0.462341
0.388381
0.327904
0.285584
0.263624
0.26141
0.275871
0.30233
0.335527
0.370496
0.403153
0.430519
0.450827
0.463449
0.468732
0.467816
0.462486
0.454808
0.44698
0.440987
0.438386
0.440119
0.446422
0.456886
0.470571
0.48625
0.50261
0.518519
0.533114
0.545862
0.556549
0.565115
0.571548
0.575729
0.577493
0.576599
0.57284
0.566059
0.556273
0.543729
0.528991
0.512835
0.496214
0.48019
0.465862
0.454232
0.446023
0.441663
0.441187
0.444251
0.450259
0.458408
0.467786
0.47745
0.486548
0.494426
0.500655
0.505061
0.507627
0.508446
0.507751
0.50588
0.503243
0.500349
0.497784
0.49609
0.495634
0.496599
0.499029
0.502769
0.507536
0.512979
0.518656
0.524027
0.528546
0.531722
0.533248
0.533041
0.531229
0.528121
0.524121
0.519597
0.514896
0.510225
0.505603
0.501001
0.49622
0.490963
0.48498
0.478121
0.470391
0.462053
0.453637
0.445895
0.439684
0.435805
0.434778
0.436731
0.441398
0.448242
0.456634
0.466069
0.476283
0.487192
0.498818
0.511083
0.523657
0.535924
0.547072
0.556217
0.562682
0.566008
0.566008
0.562818
0.556795
0.548498
0.538585
0.527772
0.51681
0.506316
0.496868
0.488952
0.482909
0.478875
0.476699
0.476076
0.476527
0.477511
0.478526
0.479185
0.479255
0.478672
0.477564
0.47621
0.474985
0.474308
0.474538
0.475919
0.478512
0.482116
0.486296
0.490449
0.493881
0.495942
0.496185
0.494469
0.49098
0.486151
0.48059
0.474938
0.469818
0.46581
0.463424
0.463123
0.465349
0.470415
0.478438
0.489243
0.50224
0.51651
0.530952
0.544408
0.555768
0.564114
0.568837
0.569704
0.566792
0.560501
0.55142
0.540346
0.528108
0.515505
0.503237
0.491839
0.481742
0.473211
0.466415
0.461445
0.458264
0.456725
0.456586
0.457456
0.458801
0.459987
0.460447
0.459781
0.457909
0.455185
0.452301
0.450181
0.449782
0.451989
0.457463
0.466544
0.479173
0.49484
0.51261
0.531269
0.549487
0.566017
0.579875
0.590364
0.597079
0.599859
0.598719
0.593777
0.585223
0.573328
0.558526
0.541412
0.522791
0.503582
0.484658
0.466828
0.450686
0.43669
0.425188
0.416516
0.411006
0.408896
0.410283
0.415031
0.422759
0.432928
0.444933
0.458197
0.472157
0.486253
0.499922
0.512539
0.523445
0.532005
0.537717
0.540291
0.539723
0.536255
0.530337
0.52264
0.513988
0.505187
0.496957
0.489913
0.484486
0.480931
0.479284
0.479419
0.481021
0.483626
0.486701
0.489748
0.492328
0.494116
0.495017
0.495191
0.495001
0.495012
0.495709
0.497373
0.499986
0.503273
0.506761
0.509891
0.512194
0.513488
0.513862
0.513776
0.513787
0.514433
0.516114
0.518979
0.52289
0.527478
0.532219
0.536508
0.539692
0.541084
0.539997
0.535794
0.527968
0.516355
0.501349
0.484035
0.466211
0.450143
0.438035
0.431376
0.430584
0.435077
0.443685
0.455086
0.468019
0.481339
0.493982
0.504989
0.513616
0.519405
0.522142
0.521923
0.519037
0.514011
0.507478
0.500131
0.492604
0.485466
0.479237
0.474377
0.471257
0.470207
0.471415
0.474852
0.480255
0.487067
0.494495
0.501698
0.507889
0.51245
0.515072
0.515706
0.514514
0.511827
0.508061
0.503673
0.499076
0.494716
0.491101
0.488632
0.48755
0.487844
0.489224
0.491263
0.493499
0.495529
0.497139
0.498397
0.499521
0.500781
0.502477
0.504796
0.507761
0.511225
0.514877
0.518273
0.520865
0.522197
0.521943
0.519941
0.516229
0.511047
0.504778
0.497875
0.490891
0.484353
0.478803
0.474625
0.471987
0.470853
0.470916
0.47175
0.472907
0.47403
0.474916
0.47544
0.475575
0.475415
0.475117
0.474952
0.475232
0.476332
0.47862
0.482304
0.487405
0.493726
0.500891
0.508492
0.516136
0.523461
0.530121
0.535753
0.540007
0.542584
0.543161
0.541575
0.537818
0.532105
0.52484
0.516596
0.507976
0.499585
0.491941
0.48547
0.48048
0.477113
0.475339
0.47498
0.475702
0.477042
0.478563
0.479791
0.480371
0.480023
0.47858
0.475954
0.472138
0.467318
0.461834
0.456207
0.451127
0.447408
0.445843
0.447109
0.451565
0.459217
0.469689
0.482286
0.496078
0.510051
0.52323
0.534786
0.544129
0.550856
0.554736
0.555761
0.554068
0.549972
0.543887
0.536353
0.527952
0.519308
0.511036
0.503717
0.497832
0.493715
0.491494
0.491043
0.492093
0.494337
0.497434
0.501044
0.504737
0.508093
0.510608
0.511866
0.511489
0.509261
0.505161
0.499336
0.492126
0.484017
0.475607
0.467534
0.46043
0.454845
0.451196
0.449694
0.450271
0.452629
0.456304
0.46079
0.465613
0.470449
0.475131
0.479649
0.484035
0.488239
0.49225
0.496084
0.499868
0.503772
0.507989
0.512551
0.51735
0.52216
0.526654
0.530557
0.533641
0.53577
0.536864
0.536851
0.535653
0.533174
0.52934
0.524213
0.518048
0.511229
0.504337
0.498042
0.492891
0.489344
0.487612
0.487669
0.489285
0.492056
0.495464
0.498928
0.501923
0.504061
0.505155
0.505236
0.504536
0.503427
0.502275
0.501353
0.500734
0.500354
0.50004
0.499676
0.49919
0.498642
0.498081
0.497522
0.496919
0.496168
0.49516
0.493871
0.492342
0.490629
0.488818
0.486919
0.484852
0.482531
0.479876
0.476913
0.473842
0.470982
0.468695
0.467316
0.467092
0.468195
0.470727
0.47471
0.480037
0.486471
0.493635
0.50105
0.508137
0.514326
0.519099
0.522019
0.522792
0.521302
0.517676
0.512349
0.506015
0.499562
0.493891
0.489785
0.487696
0.487615
0.489159
0.491769
0.494787
0.497612
0.49981
0.501163
0.501557
0.501026
0.499669
0.49765
0.495103
0.492127
0.488785
0.485141
0.48134
0.47749
0.473842
0.470693
0.468389
0.467329
0.467903
0.470527
0.47554
0.483103
0.493
0.5046
0.516855
0.528464
0.538195
0.545127
0.548896
0.549697
0.548109
0.544889
0.540772
0.536293
0.531698
0.526978
0.52197
0.516534
0.510649
0.504467
0.498365
0.492781
0.488118
0.48463
0.482309
0.48088
0.479895
0.478774
0.476998
0.474188
0.470197
0.465151
0.459483
0.453951
0.449497
0.447157
0.447833
0.452121
0.460115
0.471341
0.484784
0.499131
0.513088
0.525607
0.53586
0.543304
0.547575
0.548472
0.545947
0.540169
0.531608
0.52105
0.509485
0.498034
0.48774
0.479428
0.473542
0.470161
0.469032
0.469693
0.471707
0.47476
0.478626
0.483102
0.487911
0.492626
0.496757
0.499829
0.501524
0.50175
0.500703
0.498765
0.49647
0.494375
0.49298
0.492677
0.493657
0.495963
0.499471
0.503923
0.5089
0.513881
0.51829
0.52159
0.523298
0.523034
0.520582
0.5159
0.509032
0.500186
0.489741
0.478243
0.466427
0.455166
0.445445
0.438242
0.434391
0.434481
0.438711
0.446838
0.458228
0.471945
0.486831
0.501693
0.515392
0.526988
0.535756
0.541308
0.543643
0.543034
0.539993
0.535135
0.52909
0.522462
0.515697
0.509095
0.502816
0.496888
0.491239
0.485814
0.480691
0.476198
0.472763
0.470846
0.470724
0.472346
0.47541
0.479434
0.483861
0.488151
0.491858
0.494625
0.496261
0.496708
0.496042
0.494447
0.492251
0.48977
0.487425
0.485664
0.484898
0.485434
0.487419
0.490824
0.495444
0.500916
0.506746
0.512359
0.517154
0.520608
0.52232
0.52203
0.519718
0.515583
0.510052
0.503669
0.496976
0.490521
0.484726
0.479954
0.476537
0.474742
0.474697
0.476372
0.479463
0.48356
0.488153
0.492772
0.497033
0.500683
0.503662
0.506057
0.507966
0.509472
0.510618
0.511333
0.511495
0.510879
0.509269
0.506486
0.502455
0.49719
0.490893
0.483952
0.477011
0.470853
0.466312
0.464155
0.465004
0.469111
0.476363
0.486286
0.498041
0.510605
0.522909
0.533888
0.542598
0.548294
0.550428
0.548703
0.543115
0.533996
0.522014
0.508107
0.493478
0.479477
0.467406
0.458362
0.453081
0.451835
0.45442
0.460202
0.468267
0.477606
0.487232
0.496341
0.504383
0.511054
0.516269
0.520069
0.522581
0.523936
0.524219
0.523532
0.521958
0.51958
0.516471
0.512679
0.50829
0.503443
0.498379
0.493439
0.489057
0.48568
0.483681
0.483325
0.484721
0.487803
0.492373
0.498047
0.504354
0.510691
0.51642
0.520839
0.523355
0.523452
0.520843
0.515514
0.50774
0.498068
0.487241
0.476158
0.465773
0.456966
0.450435
0.446573
0.445482
0.447042
0.450978
0.456978
0.464708
0.473826
0.483958
0.494646
0.505294
0.515223
0.523713
0.530145
0.534069
0.535288
0.533852
0.53009
0.524515
0.517805
0.510746
0.50408
0.498456
0.494268
0.491747
0.490919
0.491618
0.493563
0.496385
0.499704
0.503096
0.506203
0.508721
0.510286
0.510607
0.50948
0.506823
0.502636
0.49703
0.490269
0.482713
0.474863
0.467362
0.460928
0.456319
0.454184
0.454929
0.458656
0.465058
0.473474
0.483052
0.492888
0.502125
0.510061
0.516179
0.520088
0.52155
0.520468
0.516924
0.511196
0.503755
0.495259
0.486536
0.478499
0.471973
0.467567
0.465573
0.466047
0.46883
0.473663
0.480296
0.488406
0.497682
0.507692
0.517931
0.527838
0.53687
0.544564
0.550516
0.554373
0.555808
0.554509
0.550306
0.543184
0.533427
0.52161
0.508605
0.495494
0.483547
0.473996
0.467822
0.465524
0.466893
0.471052
0.47662
0.482094
0.486118
0.487798
0.486908
0.483864
0.479609
0.475396
0.472401
0.471527
0.473225
0.477496
0.483965
0.491964
0.500681
0.509272
0.516891
0.52287
0.526668
0.527958
0.526714
0.52317
0.517789
0.511151
0.503936
0.496756
0.490087
0.48427
0.479454
0.475682
0.47296
0.471358
0.471003
0.472032
0.474514
0.478401
0.483515
0.489598
0.496345
0.503468
0.510618
0.517417
0.523347
0.527901
0.530598
0.5311
0.52931
0.525404
0.519796
0.513062
0.505804
0.498512
0.491576
0.485334
0.480026
0.475868
0.47305
0.471696
0.47186
0.473474
0.476409
0.48048
0.485504
0.491289
0.497536
0.503794
0.509509
0.514052
0.51684
0.517469
0.515798
0.511915
0.50615
0.499001
0.491126
0.911567
0.886092
0.853647
0.817147
0.779991
0.745567
0.716877
0.695953
0.683658
0.679623
0.682567
0.690592
0.701489
0.712922
0.722766
0.729574
0.732752
0.732698
0.730596
0.727809
0.725483
0.724169
0.723909
0.724453
0.725589
0.727169
0.729161
0.731583
0.734407
0.737538
0.740989
0.744956
0.749691
0.75535
0.761786
0.768559
0.774907
0.779887
0.782561
0.782124
0.778118
0.770386
0.759136
0.744787
0.727948
0.709418
0.690215
0.671562
0.654881
0.641705
0.633537
0.631632
0.636654
0.648499
0.666174
0.687845
0.711299
0.734535
0.756096
0.77509
0.790953
0.80321
0.811327
0.814855
0.813664
0.808082
0.798875
0.787188
0.774406
0.761968
0.751197
0.743171
0.738666
0.738036
0.741084
0.747032
0.754566
0.762265
0.768888
0.773573
0.775935
0.775908
0.773547
0.768812
0.761762
0.752666
0.742091
0.730847
0.71991
0.710291
0.702789
0.698011
0.696411
0.698161
0.703171
0.71111
0.721336
0.732934
0.744786
0.75575
0.764797
0.771131
0.774383
0.774626
0.77234
0.768278
0.763381
0.758644
0.754825
0.752309
0.751134
0.75104
0.751602
0.752344
0.752782
0.752375
0.750573
0.746963
0.741378
0.734036
0.725537
0.71685
0.709083
0.703216
0.699866
0.699113
0.700516
0.703231
0.706266
0.708741
0.70997
0.709674
0.707951
0.705199
0.702039
0.69909
0.696808
0.69535
0.694499
0.693872
0.693145
0.692379
0.692074
0.692974
0.69566
0.700388
0.706983
0.715194
0.724884
0.73595
0.748143
0.760965
0.773591
0.785076
0.794447
0.800787
0.803343
0.80151
0.795139
0.784738
0.771447
0.757008
0.743437
0.732535
0.725543
0.723008
0.724736
0.729825
0.736986
0.744811
0.752045
0.75766
0.760908
0.761224
0.758319
0.752344
0.743915
0.734234
0.72483
0.717105
0.711905
0.70935
0.709002
0.710282
0.712686
0.715797
0.719324
0.72305
0.726913
0.731072
0.735867
0.741623
0.748419
0.756075
0.76405
0.7716
0.777936
0.782467
0.78487
0.785157
0.783795
0.781546
0.779409
0.778324
0.778942
0.781344
0.785159
0.789705
0.794035
0.797248
0.79843
0.796763
0.791747
0.783186
0.771242
0.756326
0.739072
0.720395
0.701515
0.684078
0.669959
0.660848
0.657724
0.660574
0.668422
0.67975
0.692981
0.706837
0.720402
0.733057
0.74431
0.753592
0.760403
0.764453
0.765798
0.764854
0.762376
0.759134
0.755817
0.752813
0.750242
0.748085
0.746344
0.745089
0.744399
0.744253
0.744466
0.744731
0.744778
0.744517
0.744068
0.743684
0.74357
0.743795
0.744226
0.744518
0.744244
0.742971
0.740395
0.736446
0.731501
0.726358
0.722056
0.719466
0.719037
0.720756
0.724239
0.728947
0.734432
0.740445
0.746835
0.753404
0.759842
0.765668
0.770378
0.773627
0.775455
0.776292
0.7769
0.777989
0.779985
0.782706
0.785429
0.787163
0.786932
0.783954
0.777818
0.768551
0.756562
0.742551
0.72735
0.711861
0.697025
0.683953
0.673897
0.668099
0.667581
0.672973
0.684363
0.701287
0.722659
0.74661
0.77053
0.791335
0.805975
0.812068
0.808516
0.795813
0.77611
0.752836
0.729935
0.710833
0.69764
0.690942
0.69017
0.694038
0.701002
0.709521
0.718145
0.725645
0.73103
0.733563
0.732958
0.729367
0.723433
0.716313
0.709607
0.705101
0.704477
0.708984
0.719115
0.734592
0.754414
0.776868
0.7998
0.820863
0.837816
0.848826
0.852761
0.849209
0.838568
0.822095
0.80169
0.779602
0.758085
0.739054
0.72385
0.713161
0.707144
0.705561
0.707786
0.712981
0.7202
0.728451
0.736786
0.744332
0.750181
0.753611
0.754108
0.751543
0.746275
0.739071
0.730901
0.722707
0.71512
0.708455
0.702911
0.698808
0.696664
0.697019
0.700217
0.705991
0.713333
0.720789
0.727
0.73115
0.733251
0.733876
0.733876
0.733984
0.734565
0.735684
0.737119
0.738626
0.740131
0.741822
0.74406
0.747204
0.75136
0.756322
0.761574
0.766524
0.770646
0.773577
0.775186
0.775534
0.774766
0.773141
0.770974
0.768482
0.76564
0.762089
0.757149
0.75035
0.741731
0.732042
0.722769
0.715746
0.712649
0.714338
0.720529
0.72998
0.740916
0.751672
0.760942
0.767845
0.771877
0.772725
0.7703
0.764804
0.75674
0.746912
0.736235
0.725622
0.715879
0.70756
0.700967
0.696107
0.692647
0.690182
0.688753
0.688976
0.691958
0.698607
0.709006
0.722277
0.736883
0.751238
0.764059
0.774566
0.782235
0.786713
0.787861
0.785696
0.780421
0.772404
0.762191
0.750554
0.738437
0.726932
0.716968
0.709123
0.703627
0.700544
0.699877
0.7017
0.706091
0.713011
0.722246
0.733263
0.745186
0.757006
0.767756
0.77677
0.783621
0.788092
0.7901
0.789636
0.786789
0.781743
0.774964
0.767088
0.758922
0.751222
0.744628
0.739474
0.735799
0.733475
0.732273
0.731947
0.732246
0.732807
0.733247
0.733187
0.732329
0.730439
0.727391
0.723091
0.717499
0.710741
0.703181
0.69564
0.689385
0.685909
0.686502
0.691691
0.700859
0.712281
0.723859
0.73388
0.741513
0.746901
0.750827
0.754343
0.758382
0.763494
0.769604
0.776043
0.781747
0.785511
0.786471
0.784225
0.778971
0.771503
0.763042
0.754899
0.747994
0.742682
0.738902
0.736378
0.734966
0.734657
0.735523
0.737578
0.740701
0.744661
0.748997
0.753064
0.756178
0.757647
0.757091
0.75441
0.749938
0.744395
0.738753
0.734011
0.730944
0.729962
0.731115
0.734263
0.739257
0.745849
0.753744
0.762427
0.771064
0.778454
0.78324
0.78419
0.780617
0.772662
0.761327
0.748224
0.735143
0.723762
0.715306
0.710492
0.7095
0.711929
0.716709
0.722418
0.727406
0.730261
0.730083
0.726752
0.720896
0.713782
0.706806
0.701075
0.697149
0.69505
0.69449
0.695292
0.697603
0.701993
0.709103
0.719216
0.731895
0.745909
0.759544
0.77113
0.77955
0.784561
0.786726
0.787063
0.786571
0.785914
0.78521
0.784101
0.781905
0.778031
0.772318
0.765077
0.757069
0.749428
0.743312
0.739524
0.738329
0.73941
0.741937
0.744912
0.747388
0.748689
0.748506
0.746938
0.744367
0.741324
0.738347
0.73572
0.733459
0.731238
0.72864
0.725402
0.721464
0.717027
0.712482
0.708289
0.705017
0.703298
0.703806
0.707091
0.7134
0.722569
0.733807
0.745797
0.756803
0.765024
0.769036
0.768055
0.762174
0.752276
0.739896
0.726934
0.715278
0.706485
0.701591
0.701091
0.704996
0.712895
0.724039
0.737397
0.751772
0.765948
0.778767
0.789153
0.796202
0.799309
0.798097
0.79269
0.783701
0.772282
0.760007
0.74862
0.739565
0.733588
0.730579
0.729486
0.728771
0.726894
0.722834
0.716325
0.707945
0.698893
0.690673
0.684732
0.68207
0.683055
0.687377
0.694201
0.702536
0.711548
0.720729
0.729822
0.738746
0.747284
0.754922
0.76078
0.763785
0.763148
0.758734
0.751295
0.74246
0.734353
0.72885
0.726981
0.728617
0.732843
0.738386
0.744137
0.749358
0.753707
0.757159
0.759843
0.761938
0.763559
0.764679
0.765201
0.765048
0.764283
0.7631
0.761743
0.760329
0.758794
0.756802
0.753841
0.749408
0.743334
0.73598
0.728307
0.721751
0.717718
0.717077
0.719868
0.725424
0.732719
0.740698
0.748376
0.754843
0.759318
0.76118
0.76005
0.755984
0.74944
0.741337
0.733011
0.72592
0.721492
0.720669
0.723631
0.72972
0.737734
0.74641
0.754777
0.76207
0.767408
0.769766
0.768348
0.763105
0.754788
0.744846
0.735039
0.726983
0.721775
0.71987
0.720957
0.724123
0.728026
0.731301
0.732878
0.732296
0.729828
0.726428
0.723366
0.721766
0.722138
0.724354
0.727774
0.731635
0.735322
0.738685
0.742091
0.746244
0.75191
0.759543
0.768819
0.77854
0.786722
0.791252
0.790547
0.783917
0.771737
0.755271
0.736455
0.717639
0.701171
0.689012
0.682347
0.681354
0.685315
0.692918
0.702611
0.712858
0.722342
0.729939
0.73481
0.736526
0.735093
0.73114
0.725838
0.720794
0.717728
0.718001
0.722224
0.730016
0.740189
0.75129
0.762059
0.771656
0.779573
0.785427
0.788636
0.788547
0.784618
0.776858
0.766103
0.753935
0.742209
0.732517
0.725605
0.721298
0.718875
0.717565
0.717074
0.717765
0.720443
0.725845
0.734042
0.744239
0.755006
0.764673
0.771799
0.775566
0.77582
0.773077
0.768223
0.762304
0.756333
0.75107
0.747039
0.744378
0.743011
0.742679
0.743025
0.743883
0.745273
0.747237
0.749706
0.752328
0.754393
0.755009
0.753323
0.748742
0.741087
0.730532
0.717685
0.703511
0.689395
0.676935
0.667595
0.662417
0.661856
0.665825
0.673851
0.685306
0.699525
0.715824
0.733391
0.751246
0.768197
0.782913
0.794152
0.800801
0.802185
0.798133
0.789134
0.776193
0.760701
0.744235
0.728396
0.714608
0.703996
0.697344
0.695007
0.696931
0.702664
0.711277
0.721473
0.731683
0.740323
0.746132
0.748253
0.746369
0.740821
0.73267
0.723514
0.71536
0.710284
0.710182
0.716242
0.72847
0.745411
0.764405
0.782337
0.796396
0.804686
0.806445
0.801947
0.792204
0.77873
0.763381
0.748033
0.734388
0.723812
0.717203
0.715052
0.717615
0.725002
0.737043
0.752922
0.77067
0.787223
0.799278
0.804272
0.801268
0.791049
0.77592
0.759128
0.744227
0.734241
0.730899
0.734248
0.742811
0.754166
0.76574
0.775346
0.781428
0.783203
0.780546
0.773859
0.763932
0.75167
0.738
0.723775
0.709834
0.697073
0.68641
0.678824
0.675112
0.675654
0.680285
0.688253
0.698311
0.708985
0.718778
0.72646
0.731315
0.733208
0.732438
0.729677
0.725863
0.722084
0.719396
0.718523
0.719683
0.722676
0.727069
0.73239
0.738216
0.744151
0.749677
0.754196
0.757101
0.75782
0.756007
0.751696
0.745341
0.737837
0.730404
0.724469
0.721272
0.721496
0.725153
0.731615
0.7398
0.748517
0.75672
0.763536
0.768272
0.770569
0.770608
0.769278
0.768156
0.769045
0.773095
0.780268
0.789179
0.797794
0.80424
0.807145
0.805689
0.79952
0.788755
0.773894
0.755748
0.735364
0.714017
0.693111
0.674164
0.6586
0.647536
0.641565
0.943488
0.934326
0.921778
0.906674
0.890564
0.875629
0.864078
0.857568
0.856797
0.861543
0.87094
0.883879
0.899337
0.916311
0.933679
0.950053
0.96384
0.973537
0.9781
0.977128
0.970827
0.959851
0.945073
0.927739
0.909875
0.89436
0.884437
0.88216
0.886885
0.895579
0.904543
0.910885
0.913074
0.910873
0.905172
0.897895
0.891613
0.888791
0.890943
0.89816
0.909155
0.921677
0.933269
0.94184
0.946042
0.94544
0.940502
0.932547
0.923463
0.915419
0.910326
0.909255
0.912248
0.918679
0.927848
0.939011
0.950795
0.960944
0.966904
0.966798
0.960191
0.948082
0.932796
0.917484
0.905191
0.897946
0.896187
0.898845
0.903872
0.909167
0.913108
0.914805
0.91362
0.909055
0.90089
0.88952
0.875994
0.861925
0.849109
0.839283
0.833992
0.834468
0.841506
0.855113
0.874284
0.897087
0.921096
0.943789
0.9632
0.978128
0.988162
0.993196
0.993309
0.988776
0.980259
0.969032
0.957215
0.947336
0.941424
0.940349
0.943525
0.949443
0.956418
0.962906
0.967577
0.969179
0.966629
0.959119
0.946539
0.929472
0.909282
0.887957
0.867839
0.851198
0.839473
0.832916
0.830659
0.831281
0.833521
0.836991
0.84226
0.8505
0.862661
0.878734
0.897416
0.916494
0.933639
0.94717
0.956488
0.962038
0.964929
0.966403
0.967318
0.968013
0.968185
0.967177
0.964228
0.958615
0.949961
0.938322
0.924244
0.908934
0.894089
0.881564
0.873081
0.8699
0.872457
0.880198
0.891669
0.904735
0.917301
0.927782
0.935589
0.941162
0.945424
0.949182
0.952648
0.955409
0.956872
0.956541
0.954056
0.949353
0.942759
0.935001
0.927106
0.920101
0.914725
0.911327
0.909888
0.910244
0.912065
0.914988
0.918397
0.921535
0.923692
0.924577
0.924309
0.923303
0.921995
0.92071
0.919558
0.918473
0.917303
0.915928
0.914321
0.912593
0.910877
0.90893
0.90616
0.901714
0.895053
0.886427
0.876974
0.868266
0.861873
0.859116
0.861006
0.86795
0.879249
0.893022
0.90694
0.919052
0.928206
0.934036
0.936789
0.937042
0.935604
0.93325
0.930702
0.928467
0.926848
0.926057
0.926116
0.926865
0.928043
0.929242
0.930076
0.9303
0.929836
0.928863
0.927777
0.927149
0.927412
0.928541
0.93005
0.931095
0.930814
0.9285
0.923885
0.917175
0.909069
0.90059
0.893095
0.888072
0.88673
0.889287
0.894563
0.900253
0.903976
0.904378
0.901621
0.897117
0.892832
0.890519
0.891238
0.895434
0.902961
0.913092
0.924589
0.93589
0.945473
0.952103
0.95504
0.954226
0.950284
0.944365
0.93774
0.931444
0.926143
0.92229
0.920322
0.920727
0.923877
0.929849
0.938291
0.948368
0.95899
0.96894
0.976761
0.980904
0.979827
0.972327
0.957742
0.936177
0.908579
0.876903
0.844051
0.81355
0.789151
0.774174
0.770763
0.77945
0.798928
0.826428
0.858427
0.891514
0.92284
0.950392
0.97287
0.989339
0.999014
1.00127
0.995652
0.982291
0.962254
0.937673
0.911423
0.886653
0.866118
0.851715
0.844287
0.843837
0.849837
0.861466
0.877655
0.897092
0.918381
0.940392
0.962436
0.983924
1.00356
1.01902
1.02784
1.02856
1.02144
1.00821
0.991197
0.972369
0.952846
0.933162
0.913868
0.896041
0.881202
0.87092
0.866007
0.865984
0.869256
0.873807
0.877983
0.880921
0.882734
0.884171
0.886252
0.889884
0.895474
0.902857
0.911391
0.92024
0.928598
0.93599
0.942255
0.947371
0.950966
0.952241
0.950228
0.944318
0.934533
0.921683
0.90703
0.891955
0.877649
0.865284
0.856111
0.851408
0.852042
0.858084
0.868804
0.882849
0.89864
0.91481
0.930529
0.94543
0.959413
0.972051
0.98255
0.990141
0.994652
0.996607
0.996932
0.996482
0.995781
0.995086
0.994328
0.993145
0.990769
0.986155
0.978401
0.966971
0.952002
0.934318
0.915328
0.896606
0.879234
0.863539
0.849157
0.835453
0.822087
0.809375
0.798243
0.789756
0.784852
0.784184
0.788235
0.797324
0.811356
0.82975
0.851643
0.876016
0.901819
0.92788
0.95292
0.975635
0.994902
1.0099
1.01999
1.02472
1.02372
1.01682
1.00406
0.985908
0.96336
0.938015
0.912107
0.888201
0.868677
0.855197
0.84846
0.848219
0.85359
0.86324
0.875763
0.889891
0.904698
0.919635
0.934354
0.948321
0.960682
0.970468
0.976946
0.979966
0.979823
0.977016
0.971758
0.963912
0.953421
0.940877
0.927641
0.915504
0.906058
0.900063
0.897539
0.897766
0.89966
0.902
0.90389
0.905186
0.906569
0.909219
0.914089
0.92123
0.929596
0.937378
0.942537
0.943624
0.940218
0.933141
0.924105
0.915104
0.907785
0.902973
0.900703
0.900414
0.901404
0.902986
0.9046
0.905762
0.906105
0.905461
0.903904
0.901589
0.898608
0.894918
0.890463
0.885171
0.879119
0.872672
0.866684
0.862434
0.861325
0.864348
0.871625
0.882316
0.894986
0.908091
0.920412
0.931264
0.940566
0.948661
0.956093
0.963344
0.970601
0.97765
0.983855
0.988265
0.989773
0.98735
0.980573
0.969935
0.956848
0.943306
0.931328
0.922506
0.91779
0.917211
0.919988
0.924648
0.929455
0.932631
0.932729
0.92891
0.92127
0.910942
0.89979
0.889703
0.881953
0.876863
0.873962
0.872492
0.871851
0.871833
0.87288
0.87603
0.88239
0.892529
0.905705
0.919665
0.931512
0.938871
0.940732
0.937611
0.931123
0.923246
0.915594
0.908977
0.903339
0.89821
0.893227
0.888479
0.884828
0.883551
0.885845
0.892321
0.902764
0.91616
0.931029
0.945747
0.958771
0.968598
0.973935
0.97401
0.969138
0.961016
0.952099
0.944448
0.938661
0.933918
0.928842
0.922453
0.914834
0.906785
0.899357
0.893398
0.889417
0.887711
0.888465
0.891693
0.896926
0.903293
0.909734
0.91559
0.920883
0.92623
0.93239
0.939747
0.947914
0.955651
0.961175
0.962549
0.958151
0.94722
0.930272
0.909331
0.88772
0.86945
0.857761
0.854223
0.858486
0.868684
0.88226
0.896533
0.909322
0.919257
0.925854
0.929513
0.931152
0.93174
0.931758
0.931268
0.930082
0.928125
0.925849
0.924105
0.923894
0.925717
0.92934
0.934131
0.93978
0.9466
0.954789
0.963611
0.971239
0.975561
0.975011
0.968882
0.957435
0.941676
0.923086
0.903335
0.884014
0.866565
0.85236
0.842878
0.839447
0.842626
0.851871
0.865811
0.883194
0.90367
0.927442
0.953968
0.980775
1.0041
1.02031
1.02706
1.02358
1.0107
0.990703
0.96724
0.944611
0.926204
0.912859
0.902687
0.892713
0.880761
0.866304
0.850525
0.83596
0.825559
0.821513
0.824272
0.832373
0.843322
0.854707
0.864992
0.873705
0.881202
0.888162
0.89509
0.902115
0.90885
0.914514
0.91826
0.919411
0.917584
0.912979
0.906349
0.89913
0.8933
0.890894
0.893389
0.90095
0.912098
0.924266
0.934851
0.942127
0.945542
0.945404
0.942207
0.936482
0.92896
0.920682
0.912829
0.906239
0.901209
0.897745
0.895784
0.895429
0.897078
0.901176
0.907968
0.917131
0.927659
0.937983
0.946441
0.951789
0.953494
0.951694
0.947076
0.940656
0.933426
0.92629
0.919849
0.914176
0.908869
0.903279
0.896838
0.889456
0.881634
0.874377
0.868967
0.866439
0.867259
0.871293
0.877989
0.886673
0.896767
0.907689
0.918605
0.928445
0.936153
0.941056
0.94318
0.943141
0.941749
0.939593
0.936935
0.933813
0.930134
0.925881
0.921178
0.916267
0.911519
0.907513
0.90491
0.904195
0.905469
0.908347
0.91199
0.915581
0.918591
0.920893
0.922686
0.924228
0.92551
0.926094
0.925365
0.922726
0.917666
0.909918
0.899622
0.887622
0.875495
0.865275
0.858897
0.857856
0.862677
0.872739
0.886327
0.901074
0.914453
0.924456
0.930138
0.931832
0.930834
0.928958
0.928017
0.929246
0.932962
0.938612
0.94486
0.949967
0.952203
0.950121
0.942849
0.930193
0.912815
0.892285
0.870899
0.851274
0.83587
0.82658
0.82448
0.829774
0.841874
0.859559
0.881193
0.904772
0.928043
0.948812
0.965326
0.97666
0.982708
0.983868
0.981
0.97524
0.967723
0.959592
0.95182
0.945097
0.939507
0.934632
0.929715
0.924044
0.917362
0.910246
0.903844
0.899382
0.897641
0.899029
0.903762
0.911976
0.923388
0.93686
0.950246
0.96085
0.966113
0.964293
0.954841
0.938495
0.917105
0.893306
0.870008
0.849872
0.834826
0.82582
0.822641
0.824252
0.829237
0.836104
0.843498
0.850483
0.856686
0.862298
0.867994
0.874542
0.882449
0.891691
0.901837
0.912184
0.92184
0.929988
0.935991
0.939472
0.940291
0.938409
0.933989
0.927366
0.919162
0.910351
0.902095
0.895416
0.890801
0.888082
0.886532
0.885288
0.883886
0.882625
0.88255
0.884944
0.890813
0.900504
0.913563
0.928911
0.945058
0.960235
0.972542
0.980288
0.982375
0.978579
0.969665
0.957279
0.943401
0.929903
0.918287
0.909536
0.904004
0.901508
0.901608
0.904103
0.909228
0.917399
0.928817
0.942916
0.958287
0.972944
0.984737
0.991711
0.992542
0.986651
0.974167
0.955858
0.932927
0.906907
0.879578
0.853011
0.829624
0.811889
0.801935
0.80086
0.808274
0.822463
0.840815
0.860447
0.878476
0.892491
0.900906
0.903186
0.899967
0.89278
0.883796
0.875515
0.870355
0.869862
0.874291
0.882371
0.891827
0.900381
0.90641
0.909238
0.908997
0.906353
0.902216
0.897622
0.893421
0.890102
0.887818
0.886559
0.886389
0.887477
0.890006
0.89417
0.90013
0.907888
0.917089
0.926947
0.936379
0.944247
0.949418
0.951138
0.949271
0.944605
0.938841
0.934309
0.932926
0.935282
0.940631
0.947585
0.954971
0.962244
0.969363
0.976385
0.98311
0.988706
0.991677
0.990183
0.982744
0.96899
0.949951
0.927642
0.904216
0.881461
0.860828
0.843659
0.830856
0.822721
0.818994
0.819268
0.823428
0.831607
0.843782
0.859194
0.876334
0.893204
0.907971
0.919597
0.928001
0.933783
0.937522
0.939488
0.939617
0.937887
0.934547
0.93015
0.925325
0.920676
0.916741
0.914063
0.912967
0.913322
0.914342
0.914729
0.91314
0.908795
0.902171
0.895265
0.89118
0.892911
0.901925
0.917552
0.93752
0.968311
0.986877
1.00216
1.0131
1.01909
1.01968
1.0146
1.00402
0.988597
0.969673
0.949089
0.928911
0.910966
0.896468
0.885789
0.878533
0.87389
0.871017
0.86932
0.868429
0.868282
0.86891
0.870384
0.872788
0.876242
0.880821
0.88648
0.893123
0.900511
0.908294
0.915922
0.922546
0.927076
0.928647
0.927181
0.923581
0.919362
0.915736
0.913129
0.911286
0.909756
0.908422
0.907615
0.90814
0.911006
0.917089
0.926698
0.939284
0.95332
0.966516
0.976438
0.981084
0.979378
0.97144
0.958427
0.942014
0.924057
0.906102
0.889286
0.874385
0.862169
0.853346
0.848544
0.847954
0.851041
0.856585
0.863019
0.868871
0.873296
0.876408
0.879105
0.88266
0.888209
0.896465
0.907713
0.921946
0.938593
0.956377
0.973303
0.987202
0.996523
1.00071
1.0003
0.996559
0.991016
0.984992
0.979381
0.97438
0.9697
0.964648
0.958531
0.950733
0.940786
0.928555
0.914609
0.90056
0.888956
0.882388
0.881919
0.886626
0.89424
0.902452
0.909792
0.915687
0.919927
0.922319
0.922585
0.920448
0.915626
0.908114
0.89827
0.887082
0.87613
0.867325
0.862174
0.861227
0.864041
0.869609
0.876766
0.884504
0.891789
0.897487
0.900365
0.899517
0.894619
0.886338
0.87647
0.867613
0.862411
0.862688
0.869037
0.880995
0.897463
0.917221
0.939059
0.961626
0.983352
1.0025
1.0174
1.02685
1.03039
1.02835
1.02174
1.0119
1.00011
0.987459
0.974608
0.961837
0.949074
0.936146
0.922899
0.909436
0.896259
0.884209
0.87455
0.868768
0.868245
0.873699
0.884811
0.899993
0.916648
0.931692
0.942201
0.94613
0.942704
0.932597
0.917634
0.900186
0.882646
0.867182
0.855769
0.850171
0.851514
0.859783
0.873738
0.891271
0.90992
0.92748
0.942188
0.952702
0.958043
0.957847
0.952399
0.942675
0.930181
0.916453
0.902808
0.890122
0.878801
0.869113
0.861216
0.855275
0.8515
0.849946
0.850505
0.852836
0.856495
0.861283
0.86734
0.874984
0.884204
0.894394
0.904695
0.914509
0.923685
0.93235
0.940553
0.948036
0.954394
0.959427
0.963201
0.966011
0.968165
0.969942
0.971741
0.974054
0.977071
0.980354
0.982883
0.983478
0.98118
0.975593
0.967029
0.956501
0.945559
0.935875
0.928625
0.924128
0.921965
0.921379
0.921717
0.922378
0.922322
0.920219
0.915006
0.906364
0.894868
0.881762
0.868645
0.857103
0.848373
0.843274
0.841939
0.8438
0.847775
0.852708
0.857704
0.862357
0.866582
0.870446
0.873901
0.876745
0.878942
0.881264
0.885502
0.893996
0.908518
0.929198
0.954193
0.980239
1.00377
1.0219
1.03296
1.03658
1.0335
1.02516
1.01349
1.00058
0.988476
0.978743
0.971993
0.967611
0.963964
0.95921
0.951943
0.941557
0.928216
0.91279
0.896558
0.881067
0.867909
0.858581
0.854253
0.855501
0.862063
0.872738
0.885754
0.899248
0.911859
0.92279
0.931734
0.938549
0.942966
0.944736
0.944018
0.941456
0.937945
0.934218
0.930597
0.927137
0.923875
0.92106
0.919179
0.918708
0.91982
0.922141
0.924906
0.927086
0.927613
0.925576
0.920366
0.911871
0.900665
0.888075
0.87607
0.866764
0.861763
0.861638
0.865825
0.872861
0.881139
0.889368
0.896823
0.903424
0.90937
0.914824
0.919764
0.923925
0.927052
0.929073
0.930182
0.930701
0.930955
0.931045
0.930873
0.930276
0.929236
0.928026
0.927157
0.927288
0.928948
0.932429
0.937797
0.944882
0.953188
0.96174
0.969116
0.973695
0.974239
0.970331
0.962378
0.951491
0.939096
0.926679
0.915598
0.906825
0.900945
0.898076
0.897824
0.899225
0.900993
0.90178
0.900461
0.896657
0.890834
0.884072
0.877854
0.873572
0.872154
0.873749
0.877715
0.882847
0.887755
0.89122
0.8926
0.891982
0.890143
0.88842
0.888309
0.891108
0.897502
0.907312
0.919715
0.933633
0.947999
0.961801
0.973949
0.983305
0.988843
0.989704
0.98553
0.976688
0.964182
0.949466
0.93421
0.919935
0.907689
0.898182
0.891915
0.889121
0.889499
0.891974
0.89491
0.896469
0.8952
0.890693
0.883777
0.876314
0.870593
0.868565
0.871289
0.878977
0.891135
0.906743
0.924215
0.94148
0.956273
0.966592
0.971236
0.970168
0.964552
0.956441
0.948147
0.941457
0.937135
0.93485
0.933558
0.932107
0.929577
0.92544
0.919465
0.911652
0.902318
0.892146
0.882245
0.874062
0.868769
0.866791
0.867422
0.86914
0.870275
0.869771
0.867619
0.865023
0.863908
0.866244
0.87319
0.884795
0.899977
0.916866
0.933311
0.947631
0.959047
0.967852
0.974969
0.981408
0.987592
0.993094
0.996627
0.996481
0.991244
0.980365
0.964597
0.946082
0.927937
0.913405
0.904896
0.903242
0.90773
0.916424
0.926908
0.93697
0.944939
0.949873
0.951454
0.950032
0.946391
0.941457
0.935819
0.929448
0.921997
0.913219
0.903289
0.892952
0.88322
0.874945
0.86863
0.864403
0.862196
0.862073
0.864214
0.868844
0.87609
0.885688
0.896932
0.90867
0.919482
0.927929
0.93283
0.933591
0.930294
0.92371
0.915066
0.906101
0.898845
0.895286
0.896835
0.903802
0.915201
0.929005
0.942884
0.954863
0.963666
0.968753
0.970217
0.968544
0.964323
0.958136
0.950354
0.940983
0.929755
0.916283
0.900269
0.881851
0.861654
0.840959
0.821543
0.805575
0.795514
0.793427
0.800168
0.81484
0.835068
0.857864
0.880485
0.900974
0.918156
0.931499
0.940955
0.946894
0.949808
0.950348
0.949051
0.946525
0.943331
0.940043
0.937101
0.934769
0.93307
0.932025
0.931744
0.932637
0.935282
0.940113
0.947174
0.955776
0.964501
0.971495
0.975029
0.974029
0.968516
0.959598
0.949036
0.938785
0.930382
0.924609
0.921397
0.919949
0.919046
0.917511
0.914543
0.909771
0.903347
0.895827
0.888023
0.880877
0.875349
0.872351
0.872703
0.876868
0.884658
0.895025
0.906324
0.916826
0.925055
0.930228
0.932301
0.931738
0.92927
0.925551
0.920968
0.915612
0.909256
0.901598
0.892339
0.881317
0.868847
0.855731
0.84356
0.834539
0.831232
0.835724
0.848931
0.870059
0.896679
0.925459
0.95303
0.976554
0.994153
1.00507
1.0097
1.00933
1.00561
1.00017
0.99415
0.988105
0.982001
0.975305
0.967293
0.957287
0.944935
0.930279
0.913898
0.896868
0.880588
0.866417
0.855374
0.847847
0.843581
0.842051
0.842717
0.845292
0.849764
0.856329
0.865234
0.876383
0.88933
0.903313
0.917352
0.930569
0.942315
0.952208
0.960154
0.966288
0.970836
0.97385
0.975055
0.973884
0.969588
0.961565
0.9495
0.933528
0.91433
0.893197
0.872016
0.853119
0.838936
0.831218
0.830522
0.835938
0.845444
0.856519
0.86694
0.875214
0.880865
0.884326
0.886703
0.889499
0.894122
0.90154
0.911965
0.924687
0.93826
0.950925
0.961082
0.967659
0.970352
0.969536
0.966043
0.960789
0.954521
0.947764
0.940893
0.934382
0.928752
0.924422
0.921475
0.919683
0.918751
0.918643
0.919783
0.922872
0.928407
0.936335
0.945753
0.955165
0.962922
0.967759
0.969237
0.967964
0.965336
0.962856
0.961476
0.961118
0.960667
0.958479
0.953095
0.943672
0.930176
0.913293
0.894276
0.874621
0.856013
0.840122
0.828418
0.822048
0.821686
0.827459
0.838895
0.855086
0.874841
0.896802
0.919464
0.941246
0.960502
0.975717
0.985567
0.989393
0.987505
0.981235
0.972521
0.963311
0.954897
0.947702
0.941402
0.935492
0.929665
0.923828
0.917875
0.911405
0.903745
0.894192
0.882368
0.868503
0.853553
0.839223
0.827735
0.821376
0.821945
0.830189
0.845535
0.86624
0.889953
0.91422
0.936915
0.956523
0.972111
0.983444
0.990889
0.995274
0.997532
0.998401
0.998296
0.997339
0.995316
0.991785
0.986628
0.980581
0.975513
0.973536
0.975635
0.980856
0.986594
0.989522
0.98679
0.976955
0.960377
0.938868
0.914894
0.890831
0.868845
0.850974
0.839136
0.83481
0.838366
0.848816
0.864119
0.881989
0.900561
0.918533
0.93498
0.948794
0.958525
0.962824
0.960923
0.952735
0.938964
0.920965
0.900862
0.881081
0.863789
0.85033
0.841213
0.836656
0.83686
0.842249
0.852945
0.86858
0.888176
0.910359
0.933578
0.956326
0.977228
0.995109
1.00904
1.01827
1.02214
1.02011
1.01196
0.997878
0.978656
0.955846
0.93158
0.908322
0.888637
0.874669
0.867899
0.868689
0.875803
0.886708
0.898491
0.90889
0.916492
0.920542
0.920874
0.917964
0.912844
0.906644
0.900368
0.89491
0.8912
0.890332
0.893378
0.901079
0.91357
0.930157
0.949327
0.968994
0.98678
1.00037
1.0076
1.00689
0.997601
0.980362
0.957257
0.931438
0.906319
0.884837
0.868664
0.858301
0.853483
0.853606
0.857937
0.865615
0.875633
0.886778
0.897921
0.908007
0.916402
0.922745
0.926844
0.928657
0.928305
0.926016
0.922158
0.917129
0.91127
0.904978
0.898813
0.893577
0.890137
0.889283
0.891396
0.896381
0.903812
0.913116
0.923621
0.934454
0.94449
0.952618
0.957887
0.959721
0.957955
0.952918
0.94545
0.936784
0.928387
0.921572
0.917084
0.914935
0.914535
0.91502
0.915855
0.917246
0.92014
0.925661
0.9345
0.946394
0.96001
0.973328
0.984153
0.990356
0.990035
0.981816
0.96525
0.941329
0.912948
0.884782
0.862231
0.849171
0.84608
0.850476
0.859056
0.869543
0.880945
0.893128
0.906043
0.919191
0.931468
0.941487
0.948249
0.951472
0.951646
0.9496
0.946232
0.942306
0.938522
0.935333
0.933107
0.931917
0.931507
0.931327
0.930757
0.929506
0.927708
0.925921
0.924713
0.924258
0.924169
0.92372
0.922205
0.919204
0.9146
0.908392
0.900657
0.891802
0.882937
0.87584
0.872479
0.874304
0.881625
0.89352
0.908233
0.923828
0.938835
0.952417
0.964286
0.974352
0.982239
0.987023
0.987459
0.982372
0.971252
0.954762
0.93507
0.91552
0.899707
0.890082
0.887128
0.889362
0.894419
0.900072
0.904853
0.90808
0.909842
0.910714
0.911529
0.913104
0.915909
0.919944
0.924892
0.930198
0.935286
0.939564
0.9424
0.943154
0.941314
0.936416
0.927994
0.915596
0.933945
0.911352
0.887262
0.864561
0.8458
0.83263
0.825674
0.824953
0.830217
0.840951
0.856312
0.875092
0.895865
0.917168
0.937665
0.956197
0.971784
0.983618
0.991034
0.993759
0.992129
0.987046
0.980013
0.972747
0.966958
0.963844
0.963632
0.965409
0.967355
0.967563
0.964947
0.959767
0.953465
0.947854
0.944108
0.942274
0.94157
0.940924
0.939387
0.936317
0.931469
0.925036
0.917807
0.91123
0.907092
0.907059
0.911987
0.921492
0.933842
0.946548
0.957136
0.964154
0.967536
0.968516
0.969139
0.971193
0.975182
0.979901
0.982979
0.982313
0.977229
0.968745
0.958745
0.948945
0.940222
0.932668
0.925757
0.918788
0.911167
0.902794
0.894059
0.885752
0.878856
0.87441
0.873477
0.877124
0.886241
0.901057
0.920628
0.942729
0.964042
0.980982
0.990424
0.990341
0.980203
0.961223
0.936281
0.909412
0.885127
0.867559
0.859999
0.864001
0.878726
0.900769
0.925359
0.948041
0.965751
0.977034
0.981606
0.979842
0.972548
0.960903
0.946705
0.932465
0.92122
0.915856
0.918258
0.928761
0.946131
0.968133
0.992253
1.01606
1.03751
1.05482
1.06643
1.07106
1.06772
1.05599
1.03617
1.00921
0.97667
0.940515
0.903055
0.86676
0.834126
0.807392
0.788484
0.778911
0.77962
0.790768
0.811344
0.839118
0.870824
0.9028
0.931664
0.955024
0.971827
0.982474
0.988676
0.992828
0.99701
1.00228
1.00829
1.01385
1.01779
1.01939
1.01841
1.015
1.00947
1.00221
0.993631
0.98404
0.973574
0.962087
0.949274
0.934912
0.919159
0.902736
0.887023
0.873983
0.865817
0.864353
0.87034
0.883146
0.900819
0.920612
0.939701
0.955598
0.966543
0.971581
0.970454
0.963494
0.951388
0.935238
0.916619
0.897709
0.881013
0.868863
0.8627
0.862691
0.867757
0.876061
0.88582
0.895761
0.905402
0.914933
0.924887
0.935777
0.947836
0.960918
0.974378
0.987234
0.998291
1.0062
1.0098
1.00847
1.00256
0.993241
0.982011
0.96982
0.957041
0.94404
0.931968
0.922802
0.918666
0.92078
0.928976
0.941861
0.957455
0.97366
0.988637
1.00088
1.00938
1.01382
1.01432
1.01129
1.00519
0.996472
0.985467
0.972404
0.957574
0.94146
0.924971
0.909566
0.896992
0.88853
0.884405
0.883694
0.884559
0.884943
0.883216
0.878686
0.871897
0.864665
0.859462
0.858595
0.863372
0.873594
0.887783
0.903796
0.919436
0.932986
0.943431
0.950394
0.954059
0.955071
0.954472
0.953515
0.953525
0.955708
0.960791
0.968698
0.978451
0.98828
0.996089
0.999923
0.998472
0.991612
0.980575
0.967776
0.956058
0.947605
0.94305
0.941472
0.941192
0.940718
0.939264
0.93673
0.933613
0.930879
0.929734
0.931079
0.935303
0.942185
0.951275
0.96186
0.972811
0.982589
0.989374
0.991869
0.989776
0.983885
0.975907
0.968007
0.962095
0.959238
0.959276
0.96088
0.962006
0.960644
0.955454
0.946091
0.933244
0.918556
0.904215
0.8925
0.88514
0.882839
0.885271
0.891398
0.899881
0.909492
0.919306
0.928627
0.936676
0.942718
0.945911
0.945533
0.941224
0.933377
0.923304
0.913002
0.904682
0.900116
0.900209
0.904938
0.913634
0.925364
0.939125
0.953898
0.968505
0.98157
0.991531
0.996986
0.997456
0.993726
0.987726
0.98201
0.978792
0.979315
0.983671
0.990951
0.999534
1.00749
1.01289
1.01412
1.00985
0.999155
0.981791
0.958419
0.930969
0.902818
0.878301
0.861327
0.853539
0.853875
0.859622
0.868145
0.877791
0.887692
0.897253
0.905744
0.912478
0.917035
0.919387
0.920208
0.920842
0.92301
0.92813
0.936711
0.948285
0.961639
0.975162
0.987275
0.99642
1.00126
1.00087
0.995092
0.984829
0.971986
0.959142
0.948803
0.942594
0.940865
0.942955
0.947799
0.954493
0.962433
0.970988
0.979025
0.984898
0.986956
0.98401
0.975874
0.963457
0.94837
0.932481
0.917874
0.90662
0.900249
0.898971
0.901394
0.904843
0.906301
0.903569
0.89621
0.885976
0.876583
0.872335
0.876035
0.8876
0.904422
0.923044
0.940749
0.956064
0.96843
0.977768
0.984146
0.987952
0.989932
0.991109
0.992413
0.99447
0.997496
1.00104
1.00379
1.00406
1.00061
0.993383
0.983446
0.972566
0.962357
0.953794
0.947022
0.941595
0.936825
0.932205
0.927491
0.922547
0.917093
0.91059
0.902324
0.891864
0.879445
0.866179
0.853906
0.844783
0.841076
0.844644
0.856362
0.875693
0.900611
0.928066
0.954799
0.978048
0.995952
1.00761
1.01304
1.01296
1.00858
1.00144
0.993033
0.984617
0.976905
0.970242
0.964744
0.960524
0.957693
0.956298
0.955938
0.95549
0.953408
0.948068
0.938351
0.924085
0.906238
0.88668
0.867703
0.851534
0.839966
0.834246
0.835204
0.843128
0.857717
0.87793
0.902054
0.928013
0.953647
0.976874
0.995801
1.00907
1.01624
1.01801
1.01597
1.01187
1.00709
1.00223
0.997293
0.992176
0.986883
0.981785
0.977614
0.975172
0.974795
0.976038
0.977926
0.979547
0.98032
0.979819
0.977369
0.972049
0.96287
0.949243
0.93141
0.910651
0.889298
0.870288
0.856468
0.849822
0.850945
0.859092
0.872602
0.889444
0.907577
0.925289
0.941309
0.954891
0.965731
0.973839
0.979445
0.982925
0.98468
0.985109
0.98463
0.983581
0.982176
0.980776
0.979742
0.979464
0.980173
0.981729
0.98339
0.983856
0.981403
0.974549
0.962474
0.945271
0.923714
0.899067
0.873241
0.849155
0.830785
0.821911
0.824297
0.836757
0.855963
0.878087
0.899849
0.918878
0.933734
0.943796
0.949248
0.950955
0.950355
0.949013
0.948254
0.948826
0.950696
0.953259
0.955906
0.958496
0.961672
0.966601
0.974059
0.983528
0.993069
1.0002
1.00323
1.00194
0.997251
0.990334
0.981966
0.972571
0.962608
0.952867
0.944325
0.937848
0.93389
0.932194
0.931962
0.932299
0.93263
0.93297
0.933797
0.935542
0.938303
0.941746
0.945206
0.947935
0.949404
0.949358
0.947844
0.945318
0.942521
0.940363
0.939635
0.940649
0.942954
0.945374
0.946519
0.945243
0.941044
0.934274
0.925952
0.917475
0.910328
0.905794
0.904605
0.906794
0.91174
0.91845
0.926014
0.933912
0.942189
0.951279
0.961664
0.973401
0.985741
0.997047
1.00508
1.0077
1.00351
0.992292
0.975151
0.954305
0.932597
0.912845
0.897387
0.887565
0.883583
0.884559
0.888824
0.894469
0.899834
0.903932
0.906666
0.908648
0.910707
0.913264
0.916087
0.918655
0.920706
0.922547
0.924845
0.928233
0.932776
0.937887
0.942612
0.946183
0.948561
0.950391
0.952557
0.955521
0.958932
0.961729
0.962763
0.961406
0.957722
0.952535
0.94724
0.943275
0.941631
0.942374
0.944615
0.9469
0.947857
0.946642
0.943119
0.937655
0.930975
0.923946
0.917405
0.911985
0.908131
0.906086
0.905786
0.906912
0.908905
0.911181
0.913549
0.916621
0.921827
0.930336
0.941907
0.954765
0.966569
0.975452
0.980339
0.980877
0.977444
0.97112
0.963484
0.956206
0.950571
0.947359
0.946877
0.949072
0.953768
0.960642
0.969184
0.978682
0.988128
0.996308
1.00207
1.00441
1.00271
0.996818
0.986984
0.973595
0.956983
0.937348
0.91502
0.890743
0.865874
0.842466
0.822964
0.809892
0.805386
0.810917
0.826738
0.851468
0.882189
0.914892
0.945435
0.970424
0.987708
0.996562
0.997397
0.991506
0.980515
0.966287
0.950563
0.934879
0.920472
0.908275
0.898973
0.893096
0.891163
0.893598
0.900456
0.911205
0.924689
0.939342
0.953537
0.966051
0.97631
0.984363
0.990629
0.995571
0.999342
1.00166
1.0019
0.999383
0.993777
0.98512
0.973659
0.959793
0.944153
0.927552
0.911053
0.895878
0.883309
0.874669
0.871111
0.873462
0.881971
0.896107
0.914513
0.935102
0.95536
0.972781
0.985304
0.991532
0.990917
0.983741
0.971021
0.95444
0.936169
0.918596
0.904139
0.894841
0.891907
0.895476
0.904481
0.917098
0.931098
0.944332
0.955023
0.962008
0.964765
0.963381
0.958383
0.950457
0.940209
0.928177
0.914832
0.900643
0.88627
0.872649
0.861041
0.852932
0.849863
0.853088
0.863171
0.879752
0.901364
0.925538
0.94932
0.969843
0.985234
0.995123
1.00059
1.0034
1.00507
1.00603
1.00582
1.00387
0.999976
0.994541
0.988266
0.981889
0.975811
0.970028
0.964249
0.958042
0.95091
0.942437
0.932601
0.922108
0.912582
0.906073
0.904032
0.90657
0.912688
0.921245
0.931694
0.943902
0.957426
0.97112
0.983194
0.991889
0.99612
0.995803
0.991829
0.985441
0.977722
0.969188
0.959823
0.949356
0.937678
0.924972
0.911944
0.899993
0.891111
0.887588
0.891093
0.901811
0.918138
0.937343
0.956532
0.973208
0.985557
0.992643
0.994384
0.991353
0.984176
0.973013
0.957773
0.938819
0.917653
0.896983
0.880164
0.870176
0.868674
0.875564
0.889203
0.907144
0.926877
0.946336
0.96412
0.979324
0.991376
0.999905
1.00483
1.00625
1.0045
1.0001
0.993743
0.986038
0.977524
0.968654
0.959818
0.951254
0.943076
0.935226
0.927625
0.920337
0.913748
0.908737
0.90642
0.907856
0.913692
0.92392
0.937736
0.953641
0.969594
0.983451
0.993385
0.998127
0.997159
0.99077
0.979787
0.965371
0.948852
0.931527
0.914835
0.900372
0.889762
0.884429
0.885264
0.892335
0.904766
0.92076
0.937892
0.95347
0.965017
0.970718
0.969566
0.961544
0.947581
0.929337
0.908805
0.888151
0.869453
0.854564
0.844886
0.841288
0.844274
0.85401
0.870338
0.892482
0.918857
0.947088
0.974201
0.997146
1.01338
1.02107
1.01955
1.00923
0.991675
0.969221
0.9448
0.921474
0.90204
0.888815
0.88345
0.886538
0.897212
0.913195
0.931668
0.950232
0.96741
0.98243
0.994737
1.00367
1.00828
1.00738
1.00007
0.986207
0.966388
0.942127
0.915579
0.889158
0.865251
0.846048
0.833425
0.828884
0.833273
0.846425
0.866711
0.891292
0.917013
0.941255
0.962626
0.980963
0.996995
1.01176
1.02589
1.03904
1.04974
1.05564
1.05426
1.04395
1.02458
0.997968
0.967618
0.937845
0.912952
0.896194
0.889185
