1.2
1.20001
1.20002
1.20003
1.20005
1.20008
1.2001
1.20014
1.20017
1.20021
1.20026
1.20031
1.20036
1.20042
1.20049
1.20056
1.20063
1.20072
1.2008
1.20089
1.20099
1.20109
1.2012
1.20132
1.20144
1.20157
1.2017
1.20184
1.20199
1.20215
1.20231
1.20248
1.20266
1.20284
1.20303
1.20324
1.20345
1.20367
1.2039
1.20413
1.20438
1.20464
1.20491
1.20519
1.20548
1.20579
1.20611
1.20644
1.20678
1.20714
1.20751
1.20789
1.2083
1.20872
1.20915
1.2096
1.21008
1.21057
1.21108
1.21161
1.21217
1.21274
1.21334
1.21397
1.21462
1.2153
1.216
1.21674
1.2175
1.2183
1.21913
1.21999
1.22089
1.22182
1.22279
1.22381
1.22486
1.22596
1.2271
1.22829
1.22953
1.23081
1.23215
1.23354
1.23499
1.23649
1.23805
1.23967
1.24136
1.24311
1.24492
1.24679
1.24873
1.25074
1.2528
1.25493
1.25711
1.25935
1.26162
1.26393
1.26625
1.26858
1.27088
1.27314
1.27533
1.27742
1.27938
1.28118
1.28281
1.28425
1.2855
1.28655
1.28742
1.2881
1.28853
1.28867
1.28839
1.28756
1.28607
1.28385
1.28097
1.27764
1.2743
1.27155
1.27002
1.27021
1.27233
1.27622
1.28139
1.2872
1.29297
1.29815
1.30239
1.30563
1.30802
1.30981
1.31118
1.31212
1.31242
1.31182
1.31017
1.30757
1.30435
1.30102
1.29811
1.29607
1.29518
1.29558
1.29728
1.30021
1.30419
1.30899
1.31434
1.31995
1.3256
1.33107
1.33616
1.34071
1.34454
1.34756
1.34969
1.35093
1.3513
1.35087
1.34972
1.34798
1.34579
1.34331
1.3407
1.33811
1.33565
1.33342
1.3315
1.33003
1.3292
1.32921
1.33023
1.33224
1.33505
1.33829
1.34156
1.34448
1.34681
1.34843
1.34932
1.34957
1.34928
1.34861
1.34771
1.34675
1.34589
1.34526
1.34499
1.34515
1.34577
1.34684
1.34829
1.35002
1.35191
1.35386
1.35573
1.35746
1.35895
1.36018
1.36112
1.36176
1.3621
1.36214
1.36189
1.36133
1.36043
1.35918
1.35753
1.35548
1.35307
1.35041
1.3477
1.34524
1.34333
1.34224
1.34212
1.34293
1.34448
1.34644
1.34843
1.35006
1.35103
1.35118
1.35051
1.34931
1.34811
1.34754
1.34817
1.3502
1.35341
1.35721
1.36094
1.36402
1.36611
1.36706
1.36692
1.36587
1.36427
1.36258
1.36131
1.36091
1.36155
1.3631
1.36513
1.36708
1.36845
1.36891
1.36834
1.36686
1.36482
1.36265
1.36086
1.35978
1.35959
1.36024
1.36154
1.36329
1.36532
1.36747
1.36962
1.37166
1.37348
1.37503
1.37627
1.37723
1.37797
1.37856
1.37907
1.37954
1.37997
1.38032
1.38048
1.38034
1.37977
1.37867
1.377
1.37477
1.37213
1.36931
1.36662
1.36444
1.3631
1.36282
1.36367
1.36551
1.36809
1.37108
1.37418
1.37715
1.37987
1.38227
1.38437
1.38618
1.38775
1.38913
1.39036
1.39149
1.39255
1.39357
1.39458
1.39558
1.39656
1.39749
1.39833
1.399
1.39937
1.39934
1.39875
1.39748
1.39547
1.39273
1.38944
1.38594
1.38266
1.3801
1.37864
1.37849
1.37975
1.38235
1.3861
1.3906
1.39534
1.39971
1.40321
1.40543
1.40612
1.40516
1.40252
1.39823
1.39247
1.38551
1.37783
1.37005
1.36286
1.35698
1.35303
1.35147
1.35249
1.35587
1.36106
1.36727
1.37375
1.37994
1.38547
1.39016
1.39396
1.39688
1.39896
1.40028
1.40095
1.40104
1.40066
1.3999
1.39887
1.39768
1.39642
1.39522
1.39417
1.39337
1.39286
1.39269
1.39283
1.39325
1.39389
1.39469
1.39558
1.39652
1.39746
1.39838
1.39928
1.40014
1.40098
1.4018
1.40259
1.40337
1.40412
1.40484
1.40552
1.40613
1.40663
1.40698
1.4071
1.4069
1.40622
1.40487
1.40262
1.39915
1.39415
1.38743
1.37911
1.36996
1.36161
1.35614
1.3551
1.35851
1.36482
1.37193
1.37822
1.38288
1.3857
1.3868
1.38643
1.38488
1.38252
1.37978
1.37723
1.37543
1.37485
1.3757
1.37788
1.381
1.38455
1.38806
1.39117
1.39366
1.39544
1.39649
1.39686
1.39658
1.39568
1.39414
1.39189
1.38879
1.38467
1.37938
1.37293
1.36561
1.35822
1.35202
1.34845
1.34856
1.35244
1.35906
1.36686
1.37437
1.38061
1.38514
1.38791
1.3891
1.38894
1.38767
1.38557
1.38289
1.37997
1.37716
1.37487
1.37345
1.37311
1.37384
1.37543
1.37754
1.3798
1.38193
1.38373
1.38512
1.38606
1.38657
1.38665
1.38631
1.38553
1.3843
1.38255
1.38025
1.37734
1.37381
1.3697
1.36514
1.36041
1.35588
1.35198
1.34907
1.34731
1.34658
1.34654
1.34676
1.34687
1.34665
1.34604
1.34514
1.34412
1.34317
1.34247
1.34209
1.34204
1.34227
1.34278
1.34362
1.34489
1.34672
1.34916
1.35213
1.35542
1.35872
1.36174
1.36423
1.36602
1.36704
1.36729
1.36678
1.36559
1.36378
1.36149
1.35885
1.35607
1.35338
1.35103
1.34925
1.34816
1.34778
1.34802
1.34868
1.34957
1.35048
1.35128
1.35188
1.35223
1.35233
1.3522
1.35188
1.3514
1.35079
1.35008
1.34931
1.34848
1.34762
1.34674
1.34585
1.34495
1.34407
1.34325
1.34251
1.34194
1.34157
1.34145
1.34159
1.34198
1.34253
1.34317
1.34381
1.34437
1.34482
1.34518
1.34547
1.34578
1.34614
1.34658
1.34707
1.34753
1.34785
1.3479
1.34756
1.34677
1.34549
1.34379
1.34181
1.33977
1.33791
1.33648
1.33563
1.33541
1.33576
1.33654
1.33758
1.33879
1.34013
1.34164
1.34338
1.3454
1.34771
1.35025
1.35289
1.35549
1.35791
1.36003
1.36179
1.3632
1.36429
1.36514
1.36582
1.3664
1.36695
1.36747
1.36797
1.3684
1.36871
1.36883
1.36869
1.36823
1.36734
1.36589
1.36365
1.36031
1.35551
1.349
1.34105
1.33291
1.32685
1.32529
1.32918
1.33723
1.3468
1.35554
1.36218
1.36639
1.36837
1.36853
1.36736
1.36536
1.36304
1.36085
1.3591
1.35787
1.35701
1.35626
1.35543
1.35454
1.35386
1.35383
1.35483
1.35699
1.36013
1.36391
1.36791
1.37179
1.37532
1.37841
1.38103
1.38323
1.38506
1.38661
1.38794
1.38911
1.39016
1.39111
1.39197
1.39275
1.39346
1.39407
1.39459
1.39501
1.39533
1.39553
1.39562
1.3956
1.39546
1.39522
1.3949
1.3945
1.39404
1.39353
1.39298
1.39236
1.39162
1.39068
1.38945
1.38779
1.38555
1.38258
1.37876
1.37403
1.36852
1.36268
1.35738
1.35396
1.35372
1.35735
1.36436
1.37335
1.38269
1.39111
1.39798
1.40312
1.40666
1.40882
1.40984
1.40991
1.4092
1.40783
1.4059
1.40348
1.40069
1.39763
1.39445
1.39133
1.38848
1.38607
1.38419
1.38283
1.3818
1.38087
1.37978
1.37847
1.37718
1.37648
1.37709
1.37954
1.38387
1.38956
1.39581
1.40185
1.40715
1.41147
1.41477
1.41712
1.41864
1.41942
1.41954
1.41904
1.41793
1.4162
1.41382
1.41079
1.40711
1.40284
1.39813
1.39323
1.38853
1.3845
1.3816
1.38016
1.3803
1.38184
1.38444
1.3877
1.39128
1.39494
1.3985
1.40185
1.40485
1.40731
1.40901
1.40963
1.40887
1.40646
1.40239
1.3971
1.39178
1.3881
1.38763
1.39088
1.39697
1.40428
1.41129
1.41714
1.4216
1.42477
1.42695
1.4284
1.42936
1.43
1.43044
1.43073
1.43093
1.43107
1.43117
1.43126
1.43136
1.43153
1.43179
1.4322
1.43278
1.43357
1.43454
1.43563
1.43668
1.43748
1.43765
1.43671
1.43405
1.42913
1.42186
1.41317
1.40547
1.40199
1.4047
1.41271
1.42298
1.43244
1.4394
1.4434
1.44462
1.44331
1.43951
1.433
1.4234
1.41074
1.39647
1.38426
1.37891
1.38284
1.39382
1.40709
1.41894
1.42796
1.43433
1.43877
1.44202
1.44463
1.44697
1.44929
1.45168
1.45417
1.45666
1.45904
1.46113
1.46276
1.46374
1.46391
1.46315
1.46134
1.45849
1.4547
1.45025
1.44558
1.44129
1.43796
1.43607
1.43579
1.43703
1.43943
1.4425
1.44566
1.44832
1.44992
1.44991
1.44782
1.4434
1.43681
1.42904
1.42201
1.41804
1.41864
1.42343
1.43051
1.43775
1.44375
1.44801
1.45066
1.45208
1.45266
1.45274
1.45256
1.45221
1.45169
1.45091
1.44976
1.44811
1.44597
1.44345
1.44083
1.43843
1.43652
1.43517
1.43424
1.43344
1.43248
1.43119
1.42967
1.42822
1.42728
1.42721
1.42811
1.42976
1.43166
1.4333
1.43426
1.43437
1.43366
1.43231
1.43056
1.42871
1.42703
1.42571
1.42486
1.42443
1.42427
1.42414
1.42377
1.42286
1.42122
1.41877
1.41556
1.41182
1.40795
1.40439
1.40163
1.40004
1.39983
1.40093
1.40301
1.40551
1.40785
1.4095
1.41016
1.40977
1.40843
1.40643
1.40409
1.40177
1.39976
1.39831
1.39758
1.39765
1.39847
1.3999
1.40169
1.40358
1.40532
1.40678
1.40787
1.40863
1.40912
1.40941
1.4096
1.40974
1.40988
1.41004
1.41022
1.41042
1.41061
1.4108
1.41095
1.41107
1.41114
1.41117
1.41115
1.41107
1.41093
1.41073
1.41045
1.41009
1.40963
1.40906
1.40834
1.40747
1.40643
1.40522
1.40386
1.4024
1.40093
1.39957
1.39846
1.39772
1.39743
1.3976
1.39813
1.3989
1.39974
1.4005
1.40111
1.40152
1.40178
1.40193
1.40208
1.40229
1.40262
1.40312
1.40378
1.40457
1.40546
1.40638
1.40727
1.40805
1.40865
1.40901
1.40906
1.40875
1.40805
1.40694
1.40542
1.40351
1.40124
1.3987
1.39598
1.39321
1.39063
1.38854
1.38732
1.38729
1.38862
1.39122
1.39472
1.39857
1.4022
1.40503
1.40659
1.40638
1.40395
1.39885
1.39087
1.38035
1.36858
1.35791
1.3508
1.34847
1.20182
1.20587
1.2106
1.2153
1.21986
1.22433
1.22871
1.23286
1.23658
1.23971
1.24217
1.24394
1.24508
1.24567
1.24578
1.24551
1.24491
1.24402
1.24288
1.24147
1.23978
1.23779
1.23549
1.23285
1.22992
1.22678
1.2236
1.22062
1.21813
1.21641
1.21563
1.2158
1.21679
1.21834
1.22016
1.22198
1.22363
1.22499
1.22601
1.2267
1.22708
1.22717
1.22703
1.22667
1.22614
1.22548
1.22472
1.2239
1.22307
1.22228
1.22158
1.22101
1.22061
1.22037
1.2203
1.22034
1.22043
1.22049
1.22044
1.22023
1.2198
1.21917
1.21835
1.21742
1.21646
1.21558
1.21488
1.21443
1.21426
1.21439
1.21477
1.21535
1.21606
1.21683
1.21761
1.21833
1.21897
1.21946
1.21981
1.21997
1.21997
1.2198
1.21949
1.21909
1.21865
1.21824
1.21794
1.21785
1.21804
1.2186
1.21959
1.22104
1.22291
1.22511
1.22748
1.22988
1.23213
1.23411
1.23574
1.23699
1.23792
1.23862
1.23924
1.23995
1.24088
1.24214
1.24375
1.24567
1.24778
1.24994
1.25201
1.25385
1.25537
1.25651
1.25722
1.2575
1.25733
1.25671
1.25568
1.25424
1.25242
1.25025
1.24778
1.24503
1.24205
1.23889
1.23562
1.23234
1.22923
1.22651
1.2244
1.22309
1.22261
1.22277
1.22321
1.22346
1.22327
1.22276
1.22253
1.22348
1.22631
1.2312
1.23772
1.24516
1.25286
1.26036
1.26733
1.27358
1.27898
1.28345
1.28695
1.28951
1.29116
1.29194
1.29191
1.29111
1.28959
1.28741
1.28466
1.28147
1.27802
1.27451
1.27117
1.26814
1.26551
1.26325
1.26125
1.25938
1.25758
1.25589
1.25447
1.2535
1.25309
1.25324
1.25378
1.2545
1.25521
1.25582
1.25636
1.25695
1.25769
1.25871
1.26003
1.26161
1.26337
1.26521
1.26702
1.26874
1.27033
1.27178
1.27308
1.2742
1.27512
1.27582
1.27626
1.2764
1.27625
1.27578
1.27504
1.27408
1.27297
1.27182
1.27071
1.26974
1.26898
1.26848
1.26827
1.26838
1.26882
1.2696
1.27064
1.27184
1.27303
1.27402
1.27461
1.27468
1.27416
1.27303
1.27137
1.26935
1.2672
1.26521
1.26367
1.26273
1.26238
1.26243
1.26261
1.26271
1.26263
1.26235
1.26185
1.26107
1.2599
1.25832
1.25642
1.25439
1.25254
1.25109
1.25017
1.24977
1.24986
1.25042
1.25149
1.25313
1.25539
1.25823
1.26151
1.26501
1.26847
1.27167
1.27442
1.2766
1.27815
1.27907
1.2794
1.27922
1.27862
1.27771
1.27659
1.27538
1.27415
1.27298
1.27194
1.27108
1.27043
1.27
1.26981
1.26984
1.27008
1.27047
1.27095
1.27142
1.27174
1.27175
1.27128
1.27012
1.26808
1.26498
1.26079
1.25562
1.2499
1.24435
1.23988
1.23726
1.23681
1.23834
1.24129
1.245
1.24896
1.25282
1.25639
1.25954
1.26218
1.2643
1.26592
1.26706
1.2678
1.2682
1.26834
1.2683
1.26814
1.26791
1.26763
1.26731
1.26689
1.26632
1.26547
1.26421
1.26242
1.25999
1.25691
1.25327
1.24934
1.24552
1.24224
1.23986
1.23851
1.23807
1.23821
1.23861
1.23903
1.23937
1.23965
1.23995
1.24037
1.24097
1.2418
1.24286
1.24411
1.24553
1.24707
1.24867
1.2503
1.25188
1.25337
1.25473
1.25593
1.25694
1.25776
1.25839
1.25884
1.25911
1.25922
1.25916
1.25896
1.2586
1.25811
1.25749
1.25675
1.25591
1.25499
1.25403
1.25304
1.25207
1.25113
1.25025
1.24944
1.2487
1.24801
1.24732
1.24658
1.24571
1.2446
1.24315
1.24124
1.2388
1.23585
1.23259
1.22944
1.22704
1.2261
1.22709
1.23004
1.23446
1.2396
1.24473
1.24935
1.25319
1.25623
1.25852
1.26019
1.26136
1.26216
1.26267
1.26298
1.26312
1.26315
1.2631
1.26298
1.26283
1.26265
1.26248
1.26232
1.26219
1.2621
1.26207
1.26209
1.26215
1.26224
1.26233
1.26238
1.26238
1.26228
1.26206
1.2617
1.26116
1.26046
1.25962
1.25872
1.2579
1.2574
1.25745
1.25831
1.26011
1.26286
1.2664
1.27045
1.27469
1.27883
1.28263
1.2859
1.28855
1.29052
1.29177
1.29226
1.29196
1.29081
1.28878
1.28587
1.28222
1.27813
1.27414
1.27096
1.26929
1.26955
1.2717
1.2753
1.27967
1.28417
1.28833
1.2919
1.29475
1.29688
1.29833
1.29912
1.29932
1.29897
1.29814
1.29691
1.2954
1.29376
1.29219
1.29087
1.28999
1.28967
1.28997
1.29084
1.29221
1.29397
1.296
1.2982
1.30048
1.30276
1.30493
1.3069
1.30852
1.30966
1.31015
1.30983
1.30852
1.30606
1.30231
1.29724
1.29092
1.28364
1.27585
1.26817
1.26114
1.25518
1.25052
1.24734
1.24585
1.24629
1.24881
1.25324
1.25912
1.2657
1.27224
1.27816
1.28311
1.28703
1.29005
1.29238
1.29426
1.29588
1.29732
1.29861
1.29972
1.30059
1.30116
1.30139
1.30123
1.30064
1.29959
1.29802
1.29587
1.29307
1.2896
1.2855
1.28096
1.27633
1.27212
1.26888
1.26703
1.26669
1.26768
1.26959
1.27202
1.27468
1.27739
1.28012
1.28282
1.28547
1.288
1.2903
1.29228
1.29383
1.29484
1.29524
1.29495
1.29398
1.29238
1.29034
1.28819
1.28633
1.28518
1.28501
1.28583
1.28736
1.28917
1.29084
1.29212
1.29292
1.29335
1.29364
1.29405
1.29475
1.29583
1.29724
1.29881
1.30035
1.30165
1.30256
1.30294
1.30274
1.30189
1.30037
1.29813
1.29514
1.29136
1.2868
1.28157
1.27589
1.27016
1.26486
1.2605
1.25744
1.25588
1.25578
1.25703
1.2594
1.26264
1.26648
1.27066
1.27498
1.27932
1.28358
1.28771
1.29163
1.29525
1.29847
1.30119
1.30334
1.30488
1.30582
1.30618
1.30598
1.30524
1.30396
1.30213
1.29972
1.29669
1.29304
1.2888
1.28405
1.27892
1.27361
1.26834
1.26327
1.25852
1.25415
1.25025
1.24706
1.24493
1.24421
1.24506
1.24726
1.25031
1.2536
1.25665
1.25913
1.26095
1.26212
1.26274
1.26291
1.26272
1.26227
1.26159
1.26072
1.25969
1.25851
1.25719
1.25574
1.25418
1.25253
1.25081
1.24906
1.2473
1.24559
1.24396
1.24246
1.24114
1.24002
1.23915
1.23854
1.2382
1.23812
1.23826
1.23859
1.23905
1.2396
1.24017
1.24073
1.24124
1.2417
1.2421
1.24245
1.24275
1.24301
1.24322
1.24335
1.24336
1.24318
1.24274
1.24192
1.24066
1.23886
1.23649
1.23355
1.23011
1.22634
1.22253
1.21903
1.21625
1.21456
1.21419
1.21518
1.21737
1.22041
1.22388
1.22739
1.2306
1.23327
1.23529
1.23665
1.23739
1.23764
1.23753
1.23722
1.23687
1.23658
1.2364
1.23629
1.23614
1.23575
1.23486
1.23317
1.23044
1.22656
1.22173
1.21662
1.21235
1.21017
1.21083
1.2141
1.2189
1.2238
1.22769
1.22992
1.23032
1.22903
1.22641
1.223
1.21947
1.21653
1.21477
1.21454
1.21583
1.21833
1.2216
1.2252
1.22881
1.23223
1.23533
1.23808
1.24045
1.24244
1.24403
1.24523
1.24604
1.24646
1.2465
1.24615
1.24544
1.24436
1.24293
1.24117
1.23912
1.23682
1.23434
1.23177
1.22921
1.22676
1.22453
1.22258
1.22096
1.21967
1.21864
1.21782
1.21709
1.21637
1.21558
1.21469
1.2137
1.21261
1.21148
1.21035
1.20928
1.20828
1.2074
1.20666
1.20611
1.20582
1.20588
1.20638
1.20738
1.20888
1.21086
1.21322
1.21584
1.21858
1.2213
1.22385
1.22615
1.22813
1.22975
1.23101
1.23193
1.23254
1.23288
1.23298
1.23287
1.23258
1.23214
1.23157
1.23088
1.23009
1.22921
1.22825
1.22723
1.22616
1.22508
1.22402
1.22303
1.22219
1.22156
1.22122
1.22125
1.22169
1.22257
1.22389
1.22559
1.22759
1.22979
1.23209
1.23437
1.23654
1.23852
1.24024
1.24163
1.24263
1.24317
1.24322
1.24276
1.24183
1.24054
1.23906
1.23761
1.23643
1.23571
1.23559
1.23615
1.23743
1.23944
1.24211
1.24532
1.24889
1.25261
1.25636
1.26005
1.26368
1.26722
1.27065
1.27389
1.27682
1.2793
1.28122
1.28251
1.28314
1.28314
1.28253
1.28137
1.27969
1.2775
1.27477
1.27146
1.26754
1.26301
1.25807
1.25313
1.24897
1.24661
1.24695
1.25034
1.25636
1.26401
1.27216
1.27994
1.28682
1.2926
1.29727
1.30087
1.30349
1.30521
1.30607
1.30612
1.3054
1.30399
1.30199
1.29958
1.297
1.29456
1.29258
1.29129
1.29077
1.29092
1.29144
1.29199
1.29223
1.29194
1.29103
1.28955
1.28765
1.28555
1.28352
1.28182
1.28066
1.28016
1.2803
1.28096
1.28195
1.28306
1.28415
1.28512
1.28598
1.28678
1.28765
1.2887
1.29003
1.29171
1.29374
1.29607
1.2986
1.30121
1.30379
1.30623
1.30844
1.31038
1.31201
1.3133
1.31424
1.31479
1.31493
1.31462
1.3138
1.31243
1.31049
1.30798
1.30496
1.30155
1.29794
1.29442
1.29126
1.28872
1.28696
1.28603
1.28581
1.28614
1.28682
1.28771
1.28866
1.28957
1.29035
1.29091
1.29116
1.2911
1.29081
1.29046
1.2903
1.29055
1.29136
1.29266
1.29422
1.29572
1.29679
1.29714
1.2966
1.29512
1.29276
1.28968
1.28605
1.28208
1.27799
1.27399
1.2703
1.26718
1.26485
1.26345
1.26304
1.2636
1.26507
1.26731
1.27012
1.27319
1.27614
1.2786
1.28026
1.2809
1.28039
1.27866
1.2757
1.27156
1.26641
1.26054
1.25441
1.24865
1.24395
1.24091
1.23992
1.24101
1.24387
1.24793
1.25254
1.2571
1.26118
1.26447
1.26687
1.26835
1.26899
1.26889
1.26819
1.26703
1.26555
1.26387
1.26207
1.26024
1.25842
1.25665
1.25497
1.25342
1.25205
1.25092
1.25007
1.24954
1.24935
1.24949
1.24991
1.25056
1.25139
1.25234
1.20094
1.20195
1.20294
1.20387
1.20469
1.20535
1.20579
1.20593
1.20568
1.20497
1.20374
1.20199
1.19976
1.19719
1.19453
1.19209
1.19024
1.18935
1.18965
1.19121
1.19388
1.19734
1.2012
1.20505
1.20858
1.21157
1.21392
1.21558
1.21659
1.217
1.21689
1.21637
1.21557
1.21462
1.21367
1.21285
1.21225
1.21189
1.21175
1.21176
1.21181
1.2118
1.21165
1.21124
1.21048
1.20926
1.20752
1.2053
1.20282
1.20045
1.19866
1.19785
1.19814
1.19937
1.20113
1.20292
1.20433
1.20512
1.20521
1.20468
1.20371
1.20257
1.20157
1.201
1.20111
1.20207
1.20391
1.20659
1.20995
1.21376
1.2178
1.22183
1.22566
1.22913
1.23212
1.23459
1.23651
1.2379
1.23879
1.23924
1.23936
1.23924
1.23901
1.23877
1.23863
1.23867
1.2389
1.23931
1.23984
1.24039
1.24086
1.24116
1.2412
1.24091
1.24026
1.23924
1.23789
1.2363
1.23457
1.23288
1.23143
1.23041
1.22998
1.23025
1.23119
1.23267
1.23447
1.23628
1.23778
1.23864
1.23864
1.23769
1.23589
1.23358
1.23128
1.22955
1.22878
1.22905
1.23013
1.23164
1.23324
1.23473
1.23604
1.23719
1.23823
1.2392
1.24017
1.2412
1.24237
1.24376
1.24538
1.24723
1.24919
1.25116
1.25298
1.25455
1.25578
1.25666
1.25716
1.25729
1.25707
1.2565
1.25562
1.25448
1.25318
1.25186
1.25068
1.24984
1.24946
1.24963
1.25034
1.25155
1.25319
1.25521
1.25759
1.26033
1.26339
1.26668
1.27008
1.27341
1.27652
1.27927
1.28158
1.28341
1.28474
1.28559
1.28599
1.28598
1.28558
1.28483
1.28377
1.28244
1.2809
1.2792
1.27742
1.2756
1.27381
1.27207
1.27041
1.26882
1.26731
1.26588
1.26453
1.2633
1.2622
1.26128
1.26054
1.26
1.25965
1.25946
1.25938
1.25936
1.25936
1.25928
1.25906
1.25859
1.2578
1.25656
1.2548
1.25242
1.24938
1.24569
1.24144
1.23683
1.23223
1.22822
1.22554
1.22491
1.22665
1.23045
1.23534
1.24021
1.24426
1.24727
1.24952
1.25153
1.25374
1.25631
1.25907
1.26168
1.26377
1.26509
1.2655
1.26501
1.26368
1.26161
1.25895
1.25584
1.25246
1.24897
1.2455
1.24217
1.23905
1.23616
1.23352
1.23114
1.22907
1.2274
1.22622
1.22562
1.22559
1.22606
1.22688
1.22789
1.22892
1.22988
1.2307
1.23137
1.23192
1.23239
1.23282
1.23322
1.23361
1.23394
1.23413
1.23407
1.2336
1.23258
1.23088
1.2285
1.22555
1.22239
1.21957
1.21771
1.2173
1.21845
1.22084
1.22387
1.22684
1.22917
1.23046
1.23047
1.22908
1.22629
1.22223
1.21724
1.21194
1.20713
1.20361
1.20192
1.20213
1.20394
1.20692
1.2107
1.21499
1.21954
1.22409
1.22834
1.23203
1.23497
1.23705
1.23819
1.2384
1.23769
1.23608
1.23364
1.23046
1.2267
1.22261
1.21844
1.21451
1.21102
1.20807
1.2056
1.20343
1.20137
1.19929
1.19728
1.19561
1.19466
1.19475
1.19595
1.19801
1.20047
1.20285
1.2048
1.2062
1.20709
1.20764
1.20805
1.20848
1.20907
1.20987
1.21089
1.21206
1.21331
1.21451
1.21557
1.21641
1.21696
1.21722
1.21721
1.21698
1.21661
1.21619
1.21581
1.21553
1.21539
1.21538
1.21548
1.21565
1.21581
1.21592
1.21596
1.21589
1.21572
1.21545
1.21511
1.21472
1.21429
1.21386
1.21345
1.21305
1.21269
1.21237
1.21208
1.21181
1.21156
1.21131
1.21104
1.21073
1.21034
1.20987
1.20928
1.20856
1.2077
1.20672
1.20566
1.20461
1.20368
1.20303
1.20281
1.20314
1.20405
1.20552
1.20742
1.20957
1.2118
1.21393
1.21585
1.21745
1.21868
1.2195
1.21991
1.21989
1.21944
1.21859
1.21739
1.21594
1.21435
1.21278
1.2114
1.21032
1.20954
1.20899
1.20849
1.20786
1.20693
1.20567
1.20418
1.20272
1.20162
1.20122
1.20174
1.20327
1.20571
1.20883
1.21232
1.21584
1.21911
1.22187
1.22393
1.22513
1.22535
1.22446
1.22236
1.21897
1.21428
1.20843
1.20177
1.19496
1.18887
1.18445
1.18242
1.18295
1.18566
1.18972
1.1942
1.19837
1.20179
1.20433
1.20606
1.20717
1.20791
1.20848
1.20905
1.20971
1.2105
1.2114
1.21237
1.21333
1.21422
1.21499
1.21561
1.21606
1.21634
1.21646
1.21644
1.2163
1.21607
1.21579
1.21547
1.21516
1.21487
1.21464
1.21449
1.21443
1.2145
1.2147
1.21504
1.21552
1.21615
1.21692
1.21782
1.21884
1.21996
1.22116
1.22242
1.22369
1.22491
1.22602
1.2269
1.22739
1.2273
1.22633
1.22414
1.22038
1.21484
1.20774
1.20009
1.19372
1.19073
1.19219
1.19742
1.20445
1.21125
1.21659
1.22007
1.22184
1.22228
1.22183
1.22087
1.21979
1.21888
1.2184
1.21856
1.21946
1.22114
1.22354
1.22653
1.22994
1.23356
1.2372
1.24069
1.24388
1.24664
1.2489
1.25058
1.25163
1.25203
1.25176
1.25084
1.24934
1.24737
1.2451
1.24273
1.24049
1.23854
1.23698
1.23577
1.23481
1.23398
1.23321
1.23252
1.23204
1.23198
1.23256
1.23395
1.23623
1.23937
1.24323
1.24759
1.25217
1.2567
1.26095
1.26472
1.26788
1.27037
1.27217
1.2733
1.2738
1.27368
1.27297
1.27166
1.26968
1.26694
1.26331
1.25866
1.25295
1.24638
1.23951
1.23334
1.22903
1.22747
1.22876
1.23213
1.23642
1.24054
1.24384
1.24605
1.24725
1.24761
1.24738
1.24676
1.24586
1.24471
1.24326
1.24149
1.23958
1.23792
1.23708
1.23758
1.2396
1.24286
1.24671
1.25044
1.25349
1.25552
1.25643
1.25622
1.25495
1.25272
1.24961
1.24571
1.24119
1.23634
1.23158
1.22743
1.22441
1.22284
1.22276
1.22389
1.22582
1.2281
1.23044
1.23267
1.23473
1.23662
1.23835
1.23989
1.24121
1.24226
1.24298
1.24333
1.24327
1.24279
1.24191
1.24067
1.23915
1.23745
1.2357
1.23404
1.23264
1.23163
1.2311
1.2311
1.23163
1.23261
1.23393
1.23549
1.23717
1.23885
1.24046
1.24194
1.24325
1.24439
1.24534
1.24611
1.24673
1.24721
1.24758
1.24785
1.24804
1.24814
1.24814
1.24801
1.24768
1.24708
1.24613
1.24473
1.2428
1.24027
1.23715
1.23354
1.22964
1.22572
1.22213
1.21915
1.21695
1.21558
1.21499
1.21512
1.21594
1.21745
1.21962
1.2224
1.22565
1.22918
1.23279
1.23627
1.23945
1.24221
1.24447
1.24618
1.24733
1.2479
1.2479
1.24731
1.24616
1.24443
1.24219
1.23951
1.23656
1.23361
1.23097
1.22899
1.22795
1.22797
1.229
1.2308
1.23308
1.23551
1.23782
1.23981
1.24135
1.24236
1.24278
1.24263
1.24197
1.24091
1.23964
1.23841
1.23747
1.23698
1.23701
1.23747
1.23814
1.23876
1.23908
1.23895
1.23835
1.23745
1.2365
1.23585
1.2358
1.23653
1.23804
1.24016
1.2426
1.24505
1.24721
1.24885
1.24984
1.25011
1.24971
1.24873
1.24737
1.24591
1.24467
1.24393
1.2439
1.24464
1.24605
1.24793
1.25001
1.25205
1.25389
1.25539
1.25651
1.25721
1.25751
1.25739
1.25689
1.256
1.25477
1.25324
1.25145
1.24942
1.24713
1.24453
1.24155
1.23819
1.23469
1.23159
1.22968
1.22971
1.23197
1.23613
1.24136
1.2468
1.25177
1.25595
1.25926
1.26177
1.26359
1.26483
1.26554
1.26576
1.26543
1.2645
1.26284
1.26034
1.25689
1.25241
1.24696
1.24072
1.23409
1.22765
1.22206
1.21792
1.21547
1.21454
1.21457
1.21491
1.21509
1.21499
1.21483
1.21505
1.21603
1.21798
1.2208
1.22415
1.22762
1.2309
1.23382
1.23639
1.23872
1.24089
1.24291
1.24472
1.24619
1.24719
1.24763
1.24746
1.2467
1.24538
1.24359
1.24143
1.23904
1.2366
1.2343
1.23235
1.2309
1.23003
1.22972
1.22991
1.23049
1.23131
1.23228
1.23326
1.23417
1.2349
1.2354
1.23562
1.23559
1.23533
1.23492
1.23446
1.23403
1.23373
1.2336
1.23366
1.23387
1.23415
1.23441
1.23459
1.2347
1.23476
1.23484
1.235
1.23526
1.23558
1.23584
1.23591
1.23563
1.2349
1.23366
1.23192
1.22977
1.22738
1.225
1.22291
1.22141
1.22074
1.22103
1.22222
1.22409
1.22629
1.22841
1.23007
1.23099
1.231
1.23009
1.2284
1.22624
1.22397
1.22198
1.22054
1.21968
1.21917
1.21863
1.21768
1.21608
1.21386
1.21137
1.20917
1.20785
1.20778
1.20887
1.21068
1.21255
1.2139
1.21438
1.21391
1.21264
1.21087
1.209
1.2074
1.20637
1.20609
1.20658
1.20772
1.20931
1.21113
1.21298
1.21471
1.21624
1.21753
1.21862
1.21954
1.22033
1.22105
1.22173
1.22237
1.22299
1.22358
1.22415
1.22468
1.22517
1.22562
1.22602
1.22636
1.22662
1.22678
1.2268
1.22662
1.22619
1.22541
1.2242
1.22244
1.22007
1.21704
1.21338
1.20924
1.20493
1.20093
1.19779
1.19608
1.19614
1.19803
1.20149
1.206
1.21098
1.2159
1.22038
1.22422
1.22735
1.22978
1.23158
1.23283
1.23364
1.23407
1.23419
1.23406
1.23371
1.23319
1.23252
1.23173
1.23088
1.23002
1.22922
1.22856
1.22812
1.22797
1.22815
1.22865
1.22943
1.23044
1.23156
1.23273
1.23386
1.2349
1.23583
1.23662
1.23727
1.23776
1.23805
1.2381
1.23783
1.23714
1.23593
1.23418
1.23197
1.22951
1.22725
1.22573
1.22547
1.22675
1.22949
1.23322
1.23727
1.24093
1.24364
1.24503
1.24495
1.24345
1.24083
1.23758
1.23439
1.23197
1.23091
1.2315
1.23366
1.23697
1.24091
1.24494
1.24865
1.2518
1.25429
1.2561
1.25732
1.25805
1.2584
1.25849
1.2584
1.25816
1.25778
1.25718
1.2563
1.25506
1.19849
1.19677
1.19518
1.19406
1.19375
1.19442
1.196
1.19825
1.20081
1.20332
1.20552
1.20725
1.20848
1.20923
1.20959
1.20964
1.20951
1.20927
1.20903
1.20884
1.20875
1.20877
1.20889
1.20909
1.20934
1.20961
1.20989
1.21016
1.2104
1.2106
1.21076
1.21084
1.21083
1.21069
1.21038
1.2099
1.20925
1.20845
1.20757
1.20668
1.20586
1.20518
1.20466
1.20429
1.20399
1.20361
1.203
1.20201
1.20054
1.19857
1.19615
1.19339
1.19043
1.18743
1.18454
1.18197
1.18003
1.17914
1.17974
1.1821
1.18615
1.19144
1.19729
1.20307
1.20831
1.21279
1.21647
1.21944
1.22181
1.22367
1.22509
1.2261
1.22669
1.22684
1.22656
1.22584
1.22468
1.22314
1.22125
1.21908
1.21669
1.21413
1.21139
1.2084
1.20506
1.20127
1.19702
1.19254
1.18835
1.18525
1.18407
1.18526
1.18866
1.19358
1.19912
1.20452
1.20932
1.21334
1.2166
1.21922
1.22135
1.22314
1.22472
1.22618
1.22756
1.22889
1.23013
1.23124
1.23214
1.23279
1.2331
1.23305
1.23259
1.23171
1.23042
1.22874
1.22676
1.22457
1.22236
1.22031
1.21863
1.2175
1.217
1.21714
1.21785
1.21902
1.22054
1.22229
1.22413
1.22591
1.22744
1.2285
1.22889
1.22845
1.2271
1.22491
1.22212
1.21918
1.21667
1.2152
1.21517
1.21661
1.21916
1.22227
1.22535
1.22796
1.22986
1.23098
1.23134
1.23107
1.23029
1.22915
1.22781
1.22638
1.22499
1.22371
1.22258
1.22161
1.22078
1.22003
1.21928
1.21845
1.21745
1.21619
1.21455
1.21238
1.20952
1.20582
1.20125
1.19599
1.19068
1.18639
1.18435
1.1854
1.18949
1.19566
1.2026
1.20916
1.21465
1.21884
1.22173
1.22349
1.22432
1.22438
1.22384
1.22284
1.22148
1.21986
1.21806
1.21616
1.21423
1.21234
1.21055
1.20891
1.20748
1.20629
1.20538
1.20477
1.20449
1.20454
1.2049
1.2055
1.20624
1.20699
1.20758
1.20788
1.2078
1.20731
1.20646
1.20539
1.20422
1.20311
1.20212
1.20129
1.2006
1.20005
1.19968
1.19953
1.19966
1.2001
1.20081
1.20174
1.20281
1.20397
1.20524
1.20662
1.20816
1.20982
1.21156
1.21328
1.21484
1.21615
1.21713
1.21773
1.21797
1.21785
1.21744
1.2168
1.21599
1.21506
1.21406
1.21302
1.21194
1.21083
1.20967
1.20842
1.20704
1.20551
1.20379
1.20186
1.19971
1.19736
1.19484
1.1922
1.18954
1.18694
1.18454
1.18247
1.18083
1.17973
1.17921
1.17924
1.17976
1.18062
1.18168
1.18276
1.18374
1.18449
1.18495
1.18508
1.18487
1.18425
1.18316
1.18147
1.17901
1.17566
1.17141
1.16646
1.1613
1.15669
1.15346
1.15223
1.15319
1.15601
1.16004
1.16456
1.16898
1.17292
1.1762
1.17877
1.18065
1.18193
1.18269
1.18303
1.18304
1.18279
1.18235
1.18179
1.18116
1.18049
1.17981
1.17915
1.17852
1.17793
1.17739
1.17691
1.17652
1.17621
1.17601
1.17592
1.17593
1.17602
1.17617
1.17634
1.17649
1.17655
1.17648
1.17624
1.1758
1.17512
1.17421
1.17306
1.17169
1.17016
1.1685
1.16677
1.16505
1.16337
1.16177
1.16027
1.15889
1.15768
1.15673
1.15622
1.15636
1.15735
1.15923
1.16192
1.16517
1.16866
1.17206
1.17513
1.17771
1.17974
1.18121
1.18214
1.18258
1.18256
1.18211
1.18125
1.17998
1.17833
1.17628
1.17386
1.17108
1.16801
1.16471
1.16128
1.15786
1.15454
1.15142
1.14856
1.14596
1.14361
1.14151
1.13968
1.13821
1.1372
1.13679
1.13706
1.13801
1.13958
1.14162
1.14394
1.14633
1.14863
1.1507
1.15245
1.15382
1.15481
1.15543
1.15571
1.1557
1.15547
1.15513
1.15475
1.15446
1.15434
1.15448
1.15493
1.15569
1.15673
1.15799
1.15938
1.16082
1.16223
1.16353
1.16469
1.16565
1.16641
1.16692
1.16718
1.16716
1.16684
1.16619
1.1652
1.16385
1.16216
1.16015
1.15793
1.15561
1.15337
1.15143
1.14998
1.14918
1.14907
1.14959
1.15056
1.15176
1.15291
1.1538
1.15422
1.15404
1.15316
1.15155
1.14921
1.14629
1.14303
1.13981
1.13709
1.13524
1.13446
1.13464
1.13547
1.13656
1.13761
1.13848
1.13921
1.13991
1.14071
1.1417
1.14288
1.1442
1.14554
1.14685
1.14806
1.14914
1.15013
1.15104
1.15192
1.15278
1.15364
1.1545
1.15536
1.15621
1.15702
1.15779
1.1585
1.15913
1.15968
1.16015
1.16052
1.16081
1.161
1.1611
1.16111
1.16103
1.16087
1.16062
1.16028
1.15985
1.15934
1.15875
1.15808
1.15735
1.15655
1.15571
1.15482
1.1539
1.15294
1.15196
1.15093
1.14985
1.14872
1.14754
1.14632
1.14509
1.14392
1.1429
1.14215
1.14179
1.1419
1.14253
1.14365
1.14515
1.14688
1.14862
1.15016
1.15129
1.15181
1.15158
1.15045
1.14838
1.14536
1.14154
1.1372
1.1328
1.12893
1.12616
1.12491
1.12525
1.12692
1.12943
1.13224
1.13493
1.13725
1.13909
1.14046
1.14145
1.14217
1.14274
1.14328
1.14386
1.14452
1.14526
1.14605
1.14683
1.14757
1.14821
1.14874
1.14914
1.14938
1.14945
1.14933
1.14902
1.14854
1.14792
1.14718
1.14639
1.14557
1.14475
1.14394
1.14314
1.14234
1.14154
1.14071
1.1398
1.13869
1.13717
1.13497
1.13187
1.12785
1.12342
1.11964
1.11795
1.1194
1.12401
1.13074
1.13809
1.14488
1.15045
1.15468
1.15769
1.15973
1.16101
1.16175
1.16206
1.16207
1.16183
1.1614
1.16081
1.1601
1.15931
1.15848
1.15764
1.15682
1.15606
1.15535
1.15468
1.15403
1.15336
1.15265
1.15186
1.15101
1.15013
1.14928
1.14856
1.14802
1.14775
1.14776
1.14805
1.14859
1.14933
1.15022
1.15123
1.15234
1.15354
1.15484
1.15623
1.1577
1.15923
1.16078
1.16234
1.16386
1.16534
1.16675
1.16809
1.16936
1.17058
1.17174
1.17286
1.17395
1.17501
1.17603
1.17702
1.17793
1.17876
1.17947
1.18006
1.1805
1.18082
1.18103
1.18117
1.18131
1.1815
1.18181
1.18227
1.18291
1.18367
1.18449
1.18524
1.18578
1.18597
1.18569
1.18487
1.18346
1.18153
1.17921
1.17671
1.17434
1.17244
1.17137
1.17135
1.17246
1.17454
1.17729
1.18032
1.1833
1.186
1.18833
1.19031
1.19201
1.19356
1.19504
1.19648
1.1979
1.19924
1.20044
1.20143
1.20215
1.20257
1.20267
1.20244
1.20188
1.20097
1.19968
1.19797
1.19586
1.19343
1.19086
1.18847
1.18664
1.18577
1.18617
1.18795
1.19099
1.19494
1.19932
1.20367
1.2076
1.21085
1.21331
1.21494
1.21578
1.21591
1.21538
1.21427
1.21265
1.21057
1.20812
1.20539
1.20255
1.19977
1.19731
1.19541
1.19431
1.19417
1.19506
1.19688
1.19945
1.20251
1.20577
1.20894
1.2118
1.21418
1.21598
1.21715
1.21772
1.21774
1.21732
1.2166
1.21573
1.21488
1.2142
1.2138
1.21376
1.21409
1.21476
1.21568
1.21674
1.21783
1.21882
1.21963
1.2202
1.22048
1.22044
1.22003
1.21916
1.21773
1.21561
1.21272
1.20903
1.20467
1.19991
1.19514
1.19085
1.18742
1.18512
1.184
1.18397
1.18485
1.18644
1.18855
1.19101
1.19367
1.19639
1.19909
1.20167
1.20408
1.20623
1.20803
1.20935
1.20999
1.20966
1.20804
1.20485
1.20001
1.1939
1.1877
1.18317
1.18203
1.18485
1.19073
1.19789
1.20468
1.21016
1.21404
1.21638
1.21741
1.21732
1.21626
1.21435
1.21164
1.20817
1.20403
1.19931
1.19418
1.18884
1.18354
1.17857
1.17418
1.17065
1.16821
1.16701
1.16711
1.1684
1.17065
1.1735
1.1766
1.17964
1.18243
1.18486
1.18689
1.18853
1.18983
1.19086
1.1917
1.19243
1.19314
1.19392
1.19479
1.19577
1.19681
1.19783
1.19874
1.1994
1.19969
1.19951
1.19874
1.1973
1.19511
1.19215
1.1884
1.18397
1.17907
1.17416
1.16992
1.16724
1.16688
1.16914
1.17363
1.17944
1.18556
1.19119
1.19591
1.1996
1.20235
1.20434
1.20577
1.20683
1.20766
1.2084
1.20913
1.20991
1.21078
1.21174
1.21278
1.21386
1.21493
1.21589
1.21665
1.21707
1.217
1.21623
1.21451
1.21153
1.2069
1.20013
1.19072
1.17842
1.16382
1.14918
1.1386
1.13615
1.14274
1.15528
1.16931
1.18178
1.19155
1.19872
1.20381
1.20739
1.20988
1.2116
1.21277
1.21354
1.214
1.21422
1.21425
1.21412
1.21387
1.21352
1.21308
1.21259
1.21205
1.21151
1.21097
1.21048
1.21004
1.2097
1.20945
1.2093
1.20927
1.20934
1.20953
1.20982
1.21022
1.21073
1.21132
1.21195
1.21256
1.21303
1.21321
1.21291
1.21191
1.20999
1.20696
1.20268
1.19715
1.19057
1.18331
1.17599
1.16929
1.16391
1.16041
1.15916
1.16035
1.16384
1.16914
1.17546
1.18192
1.18779
1.1926
1.19618
1.19862
1.20013
1.20102
1.20155
1.20197
1.2024
1.20286
1.2033
1.20361
1.20368
1.20342
1.20279
1.2018
1.20049
1.19896
1.19736
1.19581
1.19443
1.19328
1.19237
1.19165
1.19103
1.19041
1.1897
1.18883
1.18777
1.18652
1.18509
1.18355
1.18197
1.18049
1.17929
1.17857
1.17854
1.17934
1.18098
1.18332
1.18612
1.18909
1.19196
1.19455
1.19675
1.1985
1.19981
1.20071
1.20124
1.20145
1.20138
1.20106
1.20055
1.19987
1.19907
1.19821
1.19732
1.19646
1.19567
1.195
1.19446
1.19407
1.19381
1.19365
1.19355
1.19346
1.19331
1.19303
1.19257
1.19188
1.1909
1.18966
1.18824
1.18682
1.18566
1.18509
1.18534
1.1865
1.18844
1.19087
1.19343
1.19584
1.19794
1.19965
1.20101
1.20205
1.20284
1.20347
1.20404
1.20055
1.20129
1.20223
1.2034
1.20476
1.20623
1.20775
1.20928
1.21079
1.21228
1.21377
1.21529
1.21685
1.21848
1.22016
1.22188
1.22362
1.22535
1.22703
1.22865
1.23017
1.23157
1.23281
1.23389
1.23477
1.23541
1.23581
1.23592
1.23573
1.23521
1.23437
1.23321
1.23175
1.23001
1.228
1.22568
1.22294
1.21965
1.21562
1.21073
1.20504
1.19885
1.19274
1.18747
1.1837
1.18182
1.18176
1.18307
1.18518
1.18754
1.18986
1.19208
1.19435
1.19682
1.1996
1.20267
1.20587
1.20899
1.21174
1.21385
1.21502
1.21504
1.21379
1.21126
1.20768
1.20346
1.19924
1.19572
1.19347
1.19279
1.1936
1.19551
1.19798
1.20047
1.20261
1.20416
1.20503
1.20525
1.20487
1.20399
1.20271
1.20114
1.19938
1.19755
1.19574
1.19404
1.19253
1.19124
1.19016
1.18924
1.18842
1.18763
1.18677
1.1858
1.18467
1.18336
1.18185
1.18016
1.1783
1.17629
1.17416
1.17194
1.16966
1.16735
1.16504
1.16278
1.16061
1.15856
1.15668
1.15502
1.15364
1.15261
1.15201
1.15193
1.15243
1.15352
1.15513
1.15714
1.15937
1.1616
1.16366
1.1654
1.16672
1.16754
1.16783
1.16756
1.16676
1.16542
1.1636
1.16139
1.15892
1.15637
1.15395
1.15186
1.15026
1.14921
1.14866
1.1485
1.14855
1.14868
1.14876
1.14873
1.14855
1.14823
1.14773
1.14704
1.14609
1.14478
1.143
1.14063
1.13757
1.13375
1.12922
1.12421
1.11923
1.11507
1.11268
1.11273
1.11529
1.11976
1.12515
1.13055
1.13533
1.13925
1.14228
1.1445
1.14598
1.14678
1.14691
1.14639
1.14526
1.14363
1.14176
1.13998
1.13872
1.13837
1.13915
1.14103
1.14377
1.14701
1.15038
1.15359
1.15647
1.15896
1.16103
1.16274
1.1641
1.16515
1.16589
1.16631
1.16636
1.16599
1.1651
1.16361
1.16143
1.1585
1.15479
1.15037
1.14535
1.13993
1.13437
1.12896
1.124
1.11975
1.11641
1.11405
1.11263
1.1121
1.1124
1.11356
1.11559
1.11846
1.12205
1.12618
1.13057
1.13498
1.13915
1.14294
1.14625
1.14906
1.15144
1.15347
1.15526
1.15689
1.15843
1.15989
1.1612
1.16228
1.163
1.16323
1.16284
1.16176
1.15997
1.15759
1.15488
1.15224
1.15017
1.14907
1.1492
1.15047
1.15259
1.15512
1.15766
1.15994
1.16183
1.16329
1.16437
1.16516
1.16573
1.16615
1.16649
1.16678
1.16705
1.16732
1.16759
1.16787
1.16817
1.16848
1.16881
1.16915
1.16952
1.1699
1.17031
1.17076
1.17126
1.17182
1.17247
1.17323
1.17412
1.17516
1.17636
1.17771
1.17921
1.18084
1.18257
1.18436
1.18618
1.18798
1.18972
1.19134
1.19277
1.19397
1.19488
1.19549
1.19582
1.19595
1.19602
1.1962
1.19667
1.19758
1.19896
1.20076
1.20283
1.20499
1.20704
1.20883
1.21024
1.21121
1.21168
1.21158
1.21083
1.20928
1.20679
1.2032
1.19846
1.1927
1.18643
1.18051
1.17607
1.17414
1.17523
1.1791
1.18497
1.19181
1.19876
1.20519
1.21078
1.21539
1.21903
1.2218
1.22389
1.22551
1.22694
1.22844
1.2302
1.23234
1.23484
1.23758
1.24038
1.24304
1.24538
1.24726
1.24858
1.24928
1.24933
1.24871
1.24743
1.24553
1.24309
1.24024
1.23717
1.23411
1.23133
1.22907
1.2275
1.22669
1.22661
1.22712
1.22805
1.2292
1.23041
1.23158
1.23261
1.23346
1.23411
1.23456
1.23484
1.23495
1.23493
1.23479
1.23455
1.23422
1.23383
1.23337
1.23289
1.23239
1.23192
1.23147
1.23105
1.2306
1.23004
1.22926
1.22812
1.22647
1.22419
1.22124
1.21763
1.21353
1.2092
1.205
1.2013
1.19853
1.1971
1.19736
1.19942
1.20308
1.2079
1.21338
1.2191
1.22471
1.22989
1.23436
1.23786
1.24026
1.2415
1.24163
1.24076
1.23897
1.23635
1.23289
1.22853
1.22316
1.21671
1.20927
1.20123
1.19341
1.18689
1.18262
1.18096
1.18154
1.18344
1.18577
1.18789
1.18954
1.19074
1.19165
1.19251
1.19351
1.19483
1.19653
1.19859
1.20089
1.20324
1.20545
1.2073
1.20862
1.20927
1.20915
1.20825
1.20663
1.20446
1.20204
1.19975
1.19803
1.19718
1.19733
1.19837
1.19998
1.20178
1.20341
1.20462
1.20525
1.20526
1.20466
1.20351
1.20191
1.2
1.19797
1.196
1.19431
1.1931
1.19252
1.19265
1.19344
1.19477
1.19645
1.19827
1.20001
1.20152
1.20268
1.20343
1.20375
1.20369
1.20329
1.20265
1.20187
1.20107
1.20036
1.19984
1.19957
1.19958
1.19986
1.20034
1.20096
1.20161
1.20222
1.20274
1.20316
1.20348
1.20378
1.20414
1.20469
1.20552
1.2067
1.20825
1.21013
1.21221
1.21433
1.21632
1.218
1.21928
1.22016
1.22073
1.22118
1.22173
1.22257
1.22378
1.22533
1.2271
1.22894
1.23073
1.23242
1.23398
1.23544
1.23684
1.23816
1.2394
1.24049
1.24136
1.24193
1.24214
1.24196
1.24142
1.24059
1.23959
1.23858
1.23772
1.2371
1.23681
1.2368
1.237
1.23728
1.23751
1.23757
1.2374
1.23696
1.23624
1.23522
1.23387
1.23218
1.23016
1.22788
1.22544
1.22299
1.22068
1.21868
1.21714
1.21618
1.21587
1.21625
1.21728
1.21887
1.22087
1.22316
1.22561
1.22813
1.23067
1.23317
1.23557
1.23779
1.23976
1.24137
1.24257
1.24327
1.24344
1.24305
1.24208
1.24051
1.23836
1.23562
1.23232
1.2285
1.22425
1.21976
1.21532
1.21138
1.20843
1.20687
1.20689
1.20835
1.21081
1.21373
1.21661
1.21909
1.22096
1.22215
1.22267
1.22259
1.22199
1.22095
1.21956
1.21793
1.21616
1.21435
1.21262
1.21105
1.20968
1.20854
1.20758
1.2067
1.2058
1.20472
1.20335
1.20156
1.19927
1.19643
1.19305
1.18923
1.18516
1.18116
1.17765
1.17505
1.1737
1.17372
1.17501
1.17727
1.18014
1.18328
1.18641
1.18933
1.19191
1.19407
1.19577
1.19701
1.19779
1.19817
1.19821
1.19796
1.1975
1.1969
1.19622
1.19552
1.19479
1.19403
1.19319
1.19224
1.19117
1.19005
1.18902
1.18829
1.18807
1.1885
1.18957
1.19112
1.19285
1.19444
1.19561
1.19613
1.19589
1.19486
1.19311
1.19077
1.18808
1.18528
1.18266
1.18046
1.17881
1.17773
1.17711
1.17673
1.17636
1.17585
1.17516
1.17445
1.17398
1.17408
1.175
1.17687
1.17957
1.18282
1.18624
1.18944
1.19213
1.19415
1.19544
1.19603
1.19604
1.1956
1.19488
1.19403
1.19322
1.19258
1.1922
1.19214
1.1924
1.19296
1.19375
1.19469
1.19567
1.1966
1.19741
1.19802
1.19838
1.19846
1.19825
1.19773
1.19693
1.19585
1.19454
1.19301
1.19133
1.18953
1.18769
1.18587
1.18419
1.18276
1.18172
1.1812
1.18131
1.1821
1.18355
1.18554
1.18795
1.1906
1.19334
1.19604
1.19858
1.20089
1.20291
1.2046
1.20593
1.2069
1.2075
1.20775
1.20768
1.20735
1.20681
1.20613
1.2054
1.20469
1.20407
1.20358
1.20326
1.20313
1.20318
1.20338
1.20369
1.20406
1.20444
1.20479
1.20507
1.20524
1.20527
1.20513
1.2048
1.20425
1.20344
1.20233
1.2009
1.19909
1.1969
1.19435
1.19148
1.18842
1.18532
1.18243
1.17997
1.17822
1.17739
1.17763
1.17898
1.18135
1.18456
1.18832
1.19235
1.19636
1.20012
1.20347
1.20632
1.20864
1.21042
1.21169
1.2125
1.21289
1.21291
1.21262
1.21205
1.21126
1.2103
1.20922
1.20806
1.20685
1.20562
1.20436
1.20303
1.20155
1.19979
1.19763
1.19492
1.19162
1.18779
1.18367
1.17967
1.17626
1.17376
1.17213
1.17095
1.1696
1.16747
1.16424
1.15996
1.15509
1.15035
1.14655
1.14427
1.14379
1.14498
1.14744
1.15064
1.1541
1.1575
1.16069
1.16368
1.16655
1.16941
1.17232
1.17529
1.17827
1.18121
1.18402
1.18667
1.18911
1.19131
1.19325
1.1949
1.19622
1.1972
1.19783
1.1981
1.19803
1.19765
1.19704
1.19627
1.19544
1.19466
1.19406
1.19373
1.19374
1.19413
1.19489
1.19596
1.19727
1.19871
1.20018
1.20157
1.20281
1.20379
1.20443
1.20468
1.20444
1.20367
1.2023
1.2003
1.19767
1.19445
1.19074
1.1867
1.18252
1.17846
1.17479
1.17182
1.16991
1.16939
1.17049
1.17324
1.17735
1.18233
1.18755
1.19247
1.19674
1.20016
1.20274
1.20456
1.20577
1.20654
1.207
1.20727
1.20743
1.20754
1.20764
1.20773
1.20782
1.20792
1.20801
1.20811
1.20822
1.20834
1.20851
1.20873
1.20903
1.20943
1.20997
1.21067
1.21157
1.21269
1.21405
1.21566
1.2175
1.21954
1.22171
1.22395
1.22617
1.22828
1.23021
1.23186
1.23316
1.23402
1.23436
1.2341
1.23313
1.23138
1.22877
1.22527
1.22094
1.21591
1.21046
1.20494
1.19969
1.19497
1.19082
1.1872
1.18412
1.18176
1.18049
1.18072
1.18268
1.18625
1.19094
1.196
1.20068
1.20435
1.20666
1.2076
1.20744
1.20671
1.20601
1.20589
1.20668
1.20841
1.21089
1.21384
1.21695
1.21998
1.22275
1.22517
1.22717
1.22875
1.22994
1.23079
1.23136
1.23172
1.23193
1.23204
1.23208
1.23206
1.232
1.23189
1.2317
1.23141
1.23101
1.23048
1.22979
1.22893
1.22791
1.22674
1.22542
1.22399
1.22247
1.2209
1.21928
1.21759
1.21576
1.21366
1.21104
1.20756
1.20277
1.19626
1.18789
1.17831
1.16933
1.16367
1.16353
1.16898
1.17788
1.18744
1.1957
1.20191
1.20608
1.20859
1.20985
1.21021
1.20991
1.20914
1.20802
1.20664
1.20506
1.20335
1.20162
1.19994
1.19842
1.19715
1.19617
1.19547
1.195
1.19464
1.19427
1.19379
1.19318
1.19249
1.19187
