1.76816
1.76816
1.76816
1.76816
1.76816
1.76816
1.76816
1.76816
1.76816
1.76816
1.76816
1.76815
1.76815
1.76815
1.76815
1.76813
1.76812
1.76809
1.76807
1.76804
1.76802
1.768
1.76796
1.76793
1.7679
1.76788
1.76786
1.76785
1.76782
1.76779
1.76776
1.76774
1.76772
1.7677
1.76768
1.76765
1.76762
1.7676
1.76758
1.76757
1.76756
1.76755
1.76753
1.76752
1.76751
1.7675
1.76748
1.76747
1.76745
1.76744
1.76744
1.76742
1.76741
1.7674
1.7674
1.76738
1.76737
1.76736
1.76735
1.76734
1.76733
1.76734
1.76733
1.76732
1.76731
1.76729
1.76728
1.76727
1.76726
1.76725
1.76724
1.76724
1.76723
1.76722
1.76721
1.76719
1.76719
1.76717
1.76716
1.76716
1.76715
1.76714
1.76714
1.76712
1.76711
1.7671
1.76709
1.76709
1.76709
1.76707
1.76706
1.76704
1.76703
1.76702
1.767
1.76699
1.76699
1.76698
1.76698
1.76698
1.76698
1.76698
1.76698
1.76698
1.76699
1.76701
1.76703
1.76704
1.76707
1.7671
1.76713
1.76715
1.76718
1.76722
1.76726
1.7673
1.76737
1.76746
1.76757
1.76768
1.76776
1.76778
1.76775
1.7676
1.76738
1.76709
1.7668
1.76656
1.76641
1.76636
1.7664
1.76652
1.76668
1.76683
1.76694
1.76701
1.76708
1.76716
1.76728
1.76743
1.76758
1.7677
1.76775
1.76772
1.76761
1.76745
1.76726
1.76706
1.76687
1.7667
1.76657
1.76647
1.76641
1.76639
1.7664
1.76644
1.76651
1.76661
1.76672
1.76685
1.76699
1.76712
1.76725
1.76737
1.76747
1.76755
1.76759
1.76762
1.76763
1.7676
1.76757
1.76753
1.76748
1.7674
1.76729
1.76715
1.767
1.76686
1.76677
1.76674
1.76675
1.76683
1.76694
1.76704
1.76714
1.76724
1.76731
1.76735
1.76737
1.76736
1.76734
1.76729
1.76722
1.76714
1.76707
1.767
1.76695
1.76692
1.76691
1.76692
1.76694
1.76697
1.767
1.76705
1.7671
1.76714
1.76719
1.76723
1.76727
1.76731
1.76736
1.76741
1.76748
1.76754
1.76759
1.76762
1.76761
1.76755
1.76744
1.7673
1.76716
1.76703
1.76694
1.76691
1.76694
1.76701
1.76713
1.76726
1.76736
1.7674
1.76735
1.7672
1.76699
1.76679
1.76666
1.76663
1.76668
1.76681
1.76697
1.76714
1.76729
1.7674
1.76745
1.76741
1.76731
1.76717
1.76701
1.7669
1.76688
1.76693
1.76705
1.76721
1.76737
1.76747
1.76751
1.76749
1.76741
1.76728
1.76715
1.76705
1.76697
1.76691
1.76689
1.76688
1.7669
1.76693
1.76698
1.76702
1.76706
1.7671
1.76712
1.76714
1.76715
1.76715
1.76716
1.76718
1.76722
1.76727
1.76734
1.76743
1.76752
1.76759
1.76764
1.76764
1.76759
1.76748
1.76733
1.76717
1.767
1.76688
1.7668
1.76676
1.76676
1.76679
1.76684
1.76689
1.76694
1.76698
1.767
1.76703
1.76705
1.76706
1.76707
1.76707
1.76707
1.76708
1.76708
1.76709
1.76712
1.76716
1.76721
1.76729
1.76737
1.76748
1.76759
1.7677
1.76776
1.76775
1.76768
1.76752
1.76734
1.76714
1.76694
1.76675
1.76661
1.76654
1.76654
1.76664
1.7668
1.76702
1.76728
1.76753
1.76779
1.76802
1.7682
1.76833
1.76839
1.76834
1.7682
1.76795
1.76762
1.76723
1.76686
1.76654
1.76633
1.76625
1.76626
1.76634
1.76646
1.76658
1.76672
1.76685
1.76698
1.76709
1.76718
1.76727
1.76733
1.76738
1.76741
1.76743
1.76744
1.76742
1.76739
1.76735
1.76729
1.76725
1.7672
1.76716
1.76714
1.76712
1.76711
1.7671
1.76711
1.76712
1.76714
1.76714
1.76714
1.76713
1.76714
1.76714
1.76714
1.76714
1.76716
1.76717
1.76719
1.76722
1.76727
1.76733
1.76741
1.76753
1.76768
1.7679
1.76814
1.76841
1.7686
1.76861
1.76831
1.76773
1.76701
1.76645
1.76618
1.76621
1.76643
1.76671
1.76698
1.76721
1.76742
1.76756
1.76765
1.76766
1.76759
1.76743
1.76721
1.76701
1.76684
1.76673
1.76671
1.76674
1.76682
1.76693
1.76704
1.76714
1.76723
1.76733
1.76742
1.76752
1.76764
1.76778
1.76795
1.76812
1.76828
1.76837
1.76829
1.76799
1.76749
1.7669
1.7664
1.76611
1.76606
1.76619
1.76643
1.7667
1.76694
1.76716
1.76733
1.76749
1.76759
1.76765
1.76766
1.76762
1.76751
1.76736
1.76719
1.76705
1.76695
1.76691
1.76691
1.76695
1.76701
1.76707
1.76713
1.7672
1.76726
1.76732
1.7674
1.76746
1.76754
1.76763
1.76773
1.76783
1.76789
1.76793
1.76794
1.76786
1.76774
1.76758
1.7674
1.76726
1.76719
1.76718
1.76722
1.76728
1.76734
1.76737
1.76737
1.76735
1.7673
1.76723
1.76719
1.76714
1.76709
1.76704
1.76696
1.76688
1.76679
1.76673
1.7667
1.76672
1.76679
1.76689
1.767
1.76713
1.76725
1.76736
1.76745
1.76754
1.7676
1.76763
1.76764
1.7676
1.76752
1.76741
1.76731
1.76721
1.76713
1.76708
1.76706
1.76706
1.76709
1.76713
1.76717
1.7672
1.76724
1.76727
1.76729
1.7673
1.76731
1.7673
1.76731
1.76731
1.76731
1.76732
1.76732
1.76732
1.7673
1.76729
1.76727
1.76723
1.76719
1.76715
1.76711
1.76708
1.76707
1.76707
1.76709
1.76711
1.76713
1.76714
1.76714
1.76712
1.76711
1.76711
1.76713
1.76716
1.76721
1.76728
1.76735
1.76742
1.76748
1.76751
1.7675
1.76745
1.76737
1.76728
1.76719
1.76712
1.76708
1.76705
1.76704
1.767
1.76696
1.76693
1.76688
1.76684
1.76681
1.7668
1.76682
1.76686
1.7669
1.76696
1.76701
1.76705
1.76708
1.76709
1.7671
1.7671
1.76711
1.76712
1.76713
1.76716
1.7672
1.76724
1.7673
1.76736
1.76747
1.76761
1.7678
1.76803
1.76828
1.76842
1.76827
1.76774
1.76692
1.76616
1.76575
1.76574
1.766
1.76636
1.76672
1.76702
1.76726
1.76742
1.7675
1.76751
1.76746
1.76738
1.76732
1.76728
1.76728
1.76729
1.76729
1.76722
1.76709
1.76691
1.76674
1.76662
1.76656
1.76656
1.7666
1.76666
1.76674
1.76681
1.76687
1.76692
1.76696
1.76699
1.76702
1.76704
1.76705
1.76705
1.76707
1.76707
1.76709
1.76709
1.76711
1.76713
1.76715
1.76717
1.76718
1.76719
1.76721
1.76722
1.76722
1.76724
1.76724
1.76725
1.76726
1.76728
1.76733
1.76739
1.76746
1.76756
1.76767
1.76781
1.76794
1.76803
1.76803
1.76784
1.76743
1.76687
1.7663
1.76589
1.76573
1.7658
1.766
1.76626
1.76651
1.76674
1.76693
1.76709
1.76722
1.76733
1.76742
1.76749
1.76755
1.76759
1.76764
1.76765
1.76763
1.76757
1.7675
1.76742
1.76735
1.76732
1.76733
1.76738
1.76741
1.76737
1.76721
1.76696
1.76667
1.7664
1.76627
1.76626
1.76635
1.7665
1.76666
1.76681
1.76694
1.76706
1.76717
1.76726
1.76735
1.76744
1.76753
1.76762
1.76771
1.76781
1.76789
1.76794
1.76795
1.76787
1.76773
1.76753
1.76729
1.76706
1.76688
1.76676
1.76669
1.76666
1.76666
1.76669
1.76673
1.7668
1.76691
1.76704
1.76723
1.76747
1.76773
1.76796
1.76806
1.76793
1.76753
1.76699
1.76647
1.76617
1.76612
1.76627
1.76646
1.76668
1.76685
1.76697
1.76706
1.76711
1.76714
1.76717
1.76718
1.76719
1.7672
1.76721
1.76721
1.76721
1.7672
1.76717
1.76715
1.76712
1.76709
1.76707
1.76706
1.76709
1.76716
1.76728
1.7675
1.76781
1.76817
1.76848
1.76853
1.76812
1.76727
1.76633
1.76576
1.7657
1.76599
1.76643
1.76687
1.76726
1.76762
1.768
1.76844
1.76893
1.76933
1.76933
1.76862
1.76728
1.76596
1.76528
1.7653
1.76568
1.76611
1.76645
1.76668
1.76681
1.76687
1.76689
1.76689
1.76689
1.76688
1.76688
1.76691
1.76696
1.76704
1.76715
1.76729
1.76744
1.7676
1.76775
1.76787
1.76794
1.76793
1.76782
1.76762
1.76738
1.76714
1.76693
1.7668
1.76675
1.76678
1.7669
1.76711
1.7674
1.76773
1.76809
1.76835
1.7684
1.7681
1.76747
1.76676
1.76626
1.7661
1.76623
1.76647
1.76674
1.76695
1.7671
1.7672
1.76724
1.76727
1.76729
1.76732
1.76736
1.76744
1.76751
1.76758
1.76762
1.76761
1.76755
1.76747
1.76738
1.76733
1.76734
1.76738
1.76744
1.76745
1.7674
1.76729
1.76715
1.76703
1.76695
1.76696
1.76703
1.76715
1.76728
1.76739
1.76746
1.7675
1.76749
1.76746
1.76737
1.7673
1.76724
1.76722
1.76724
1.7673
1.76739
1.76751
1.76763
1.76772
1.76778
1.76776
1.76767
1.76752
1.76733
1.76712
1.76694
1.76684
1.76683
1.7669
1.76703
1.7672
1.76737
1.76748
1.76755
1.76757
1.76754
1.76747
1.76737
1.76725
1.76713
1.76704
1.76696
1.76693
1.76694
1.76697
1.76703
1.76708
1.76713
1.76715
1.76718
1.76719
1.76719
1.7672
1.76719
1.76718
1.76718
1.76719
1.7672
1.7672
1.76719
1.7672
1.76721
1.76721
1.76722
1.76723
1.76723
1.76725
1.76726
1.76727
1.7673
1.76731
1.76734
1.76738
1.7674
1.76742
1.76742
1.76741
1.76738
1.76733
1.76726
1.76719
1.76713
1.76708
1.76706
1.76706
1.76707
1.76709
1.76712
1.76714
1.76715
1.76715
1.76713
1.76711
1.76707
1.76705
1.76703
1.76702
1.76701
1.76702
1.76703
1.76706
1.7671
1.76715
1.76721
1.76726
1.76732
1.76738
1.76743
1.76747
1.7675
1.76753
1.76753
1.76748
1.76737
1.76721
1.76701
1.7668
1.76664
1.76656
1.76655
1.76663
1.76679
1.76702
1.76732
1.76769
1.76811
1.76853
1.76885
1.76886
1.76849
1.76781
1.76712
1.54385
1.54367
1.54363
1.54366
1.54368
1.5437
1.54372
1.54376
1.54383
1.54393
1.54404
1.54413
1.54421
1.54429
1.54435
1.54439
1.54444
1.54448
1.54451
1.54455
1.5446
1.54465
1.5447
1.54474
1.54479
1.5448
1.54479
1.54474
1.54464
1.54452
1.54438
1.54425
1.54414
1.54408
1.54406
1.54408
1.54411
1.54416
1.5442
1.54425
1.54428
1.54433
1.54436
1.54437
1.5444
1.54442
1.54443
1.54444
1.54444
1.54442
1.54441
1.54438
1.54436
1.54433
1.54431
1.54429
1.54429
1.5443
1.54432
1.54435
1.54438
1.5444
1.54442
1.54444
1.54443
1.5444
1.54437
1.54432
1.54427
1.54423
1.54418
1.54417
1.54415
1.54415
1.54416
1.54417
1.54419
1.54422
1.54425
1.54427
1.54429
1.54431
1.54434
1.54435
1.54434
1.54433
1.5443
1.54425
1.5442
1.54415
1.54408
1.54402
1.54396
1.54392
1.5439
1.54393
1.54396
1.54401
1.54406
1.54411
1.54416
1.54418
1.54416
1.54415
1.5441
1.54405
1.544
1.54395
1.54394
1.54395
1.54398
1.54403
1.54408
1.54414
1.54419
1.54426
1.54433
1.5444
1.54446
1.54451
1.54457
1.54462
1.54467
1.5447
1.54472
1.54474
1.54474
1.54473
1.54468
1.5446
1.54449
1.54436
1.54426
1.54418
1.54419
1.54424
1.54431
1.54432
1.54421
1.54396
1.54364
1.54335
1.54315
1.54308
1.54309
1.54316
1.54324
1.54337
1.5435
1.54364
1.54379
1.54394
1.54407
1.54419
1.54431
1.54442
1.54452
1.54461
1.54468
1.54473
1.54477
1.54476
1.54471
1.54465
1.54459
1.54455
1.54453
1.54452
1.54451
1.54449
1.54444
1.54436
1.54427
1.5442
1.54416
1.54416
1.54416
1.54418
1.54419
1.54418
1.54414
1.54408
1.54403
1.54401
1.54398
1.54398
1.54399
1.54401
1.54403
1.54405
1.54408
1.54411
1.54414
1.54417
1.54421
1.54426
1.54431
1.54435
1.54439
1.54441
1.54443
1.54443
1.5444
1.54438
1.54435
1.54432
1.54427
1.54422
1.54416
1.54412
1.54409
1.54408
1.5441
1.54415
1.54422
1.54432
1.54441
1.5445
1.54457
1.54462
1.54462
1.54458
1.5445
1.5444
1.54431
1.54427
1.54428
1.5443
1.54433
1.54436
1.5444
1.54445
1.54451
1.54457
1.54461
1.5446
1.54456
1.54449
1.54441
1.54434
1.54426
1.54418
1.54409
1.544
1.54391
1.54385
1.54381
1.54379
1.54382
1.54388
1.54397
1.54405
1.54415
1.54423
1.54432
1.54439
1.54445
1.54449
1.54451
1.54452
1.54451
1.54449
1.54447
1.54444
1.5444
1.54436
1.54434
1.54431
1.54427
1.54424
1.54424
1.54425
1.54429
1.54435
1.54444
1.54456
1.54472
1.54488
1.54504
1.54516
1.5452
1.54511
1.54488
1.54455
1.54423
1.54398
1.54381
1.54374
1.54374
1.54378
1.54384
1.54391
1.54399
1.54406
1.54414
1.54421
1.54426
1.5443
1.54433
1.54436
1.54438
1.54439
1.54439
1.54441
1.54443
1.54447
1.54451
1.54458
1.54467
1.54476
1.54485
1.54491
1.54492
1.54488
1.54477
1.54463
1.54449
1.54437
1.54431
1.54429
1.5443
1.54431
1.54432
1.54431
1.54428
1.54426
1.54422
1.54418
1.54415
1.54413
1.54412
1.54411
1.54411
1.54412
1.54414
1.54417
1.5442
1.54423
1.54425
1.54428
1.54431
1.54433
1.54436
1.54438
1.54441
1.54445
1.54447
1.5445
1.5445
1.54451
1.54452
1.54453
1.54453
1.54452
1.54451
1.5445
1.54449
1.54449
1.54449
1.54451
1.54452
1.54454
1.54459
1.54465
1.54472
1.5448
1.54487
1.54489
1.54483
1.54466
1.54439
1.54409
1.54382
1.54366
1.54361
1.54366
1.54377
1.54389
1.54401
1.54411
1.5442
1.54426
1.5443
1.54433
1.54436
1.54438
1.54439
1.54441
1.54443
1.54443
1.54444
1.54442
1.54443
1.54442
1.54441
1.54441
1.5444
1.54439
1.54439
1.54439
1.54441
1.54442
1.54445
1.54446
1.54448
1.54451
1.54453
1.54454
1.54454
1.54452
1.54445
1.54434
1.54422
1.54408
1.54395
1.54386
1.54381
1.54379
1.54384
1.5439
1.54399
1.54409
1.5442
1.5443
1.54441
1.54453
1.54467
1.5448
1.54493
1.54503
1.54506
1.54499
1.54481
1.54453
1.54423
1.54398
1.54382
1.54375
1.54379
1.54386
1.54395
1.54406
1.54416
1.54426
1.54436
1.54445
1.54452
1.54459
1.54463
1.54467
1.54468
1.54465
1.54459
1.54452
1.54443
1.54435
1.54426
1.54419
1.54413
1.54409
1.54407
1.54406
1.54405
1.54408
1.54412
1.54418
1.54426
1.54438
1.54452
1.54469
1.54487
1.54508
1.54528
1.54545
1.54555
1.54558
1.54551
1.54537
1.5452
1.54499
1.54475
1.54448
1.54417
1.54387
1.54361
1.54345
1.5434
1.54345
1.54357
1.54372
1.54387
1.544
1.54409
1.54413
1.54417
1.54419
1.54423
1.54425
1.5443
1.54435
1.5444
1.54446
1.54453
1.5446
1.54469
1.54478
1.54489
1.54498
1.54507
1.54512
1.54509
1.54498
1.5448
1.54457
1.54434
1.54418
1.54408
1.54402
1.54402
1.54403
1.54402
1.54402
1.54404
1.54407
1.54412
1.54417
1.54424
1.54432
1.54442
1.54452
1.54463
1.54471
1.54475
1.54474
1.54466
1.54452
1.54437
1.54424
1.54416
1.54416
1.54421
1.54429
1.54435
1.54437
1.54438
1.54433
1.54428
1.54422
1.54417
1.54416
1.54419
1.54424
1.54431
1.54439
1.54449
1.54458
1.54469
1.54479
1.54492
1.54504
1.54516
1.54524
1.54527
1.54523
1.54513
1.54495
1.54474
1.54452
1.54429
1.54411
1.54396
1.54384
1.54378
1.54375
1.54374
1.54376
1.54378
1.5438
1.54384
1.54389
1.54396
1.54404
1.54412
1.54422
1.54431
1.5444
1.54447
1.54455
1.54463
1.54471
1.54479
1.54489
1.54497
1.54506
1.54513
1.54517
1.54518
1.54515
1.54511
1.54506
1.545
1.54492
1.54479
1.5446
1.54437
1.54415
1.54398
1.5439
1.54391
1.54398
1.54409
1.54419
1.54427
1.54434
1.5444
1.54445
1.54449
1.54452
1.54454
1.54456
1.54458
1.5446
1.54462
1.54463
1.54464
1.54465
1.54465
1.54464
1.54463
1.54461
1.54459
1.54455
1.54451
1.54448
1.54444
1.54439
1.54436
1.54433
1.54431
1.5443
1.54429
1.54429
1.54429
1.5443
1.5443
1.54431
1.5443
1.54431
1.54432
1.54433
1.54435
1.54437
1.5444
1.54446
1.54451
1.54458
1.54466
1.54476
1.54484
1.5449
1.54494
1.54492
1.54484
1.54469
1.54452
1.5443
1.54411
1.54395
1.54386
1.54382
1.54385
1.54391
1.54399
1.54409
1.54419
1.54428
1.54435
1.54439
1.54441
1.54441
1.54441
1.54439
1.54438
1.5444
1.54445
1.54455
1.54469
1.54486
1.54502
1.54511
1.54508
1.54485
1.54444
1.54401
1.54369
1.54357
1.54366
1.54387
1.54414
1.54442
1.54465
1.54481
1.54489
1.54485
1.5447
1.54449
1.54426
1.54406
1.5439
1.54383
1.5438
1.54382
1.54386
1.54391
1.54396
1.54403
1.54409
1.54415
1.54421
1.54427
1.54432
1.54438
1.54442
1.54448
1.54453
1.54459
1.54463
1.54468
1.54471
1.54473
1.54474
1.54474
1.54471
1.54467
1.54462
1.54457
1.54452
1.54449
1.54447
1.54445
1.54446
1.54448
1.54448
1.54449
1.5445
1.5445
1.54449
1.54448
1.54447
1.54445
1.54443
1.54438
1.54434
1.54429
1.54423
1.54416
1.54409
1.54402
1.54398
1.54395
1.54395
1.54398
1.54403
1.54407
1.54412
1.54418
1.54422
1.54427
1.54431
1.54435
1.54437
1.5444
1.54442
1.54445
1.54446
1.54447
1.54448
1.5445
1.54451
1.54452
1.54453
1.54453
1.54453
1.54451
1.54448
1.54444
1.54439
1.54432
1.54425
1.54418
1.54411
1.54406
1.54403
1.544
1.544
1.544
1.54403
1.54407
1.54411
1.54418
1.54425
1.54432
1.54439
1.54447
1.54453
1.54457
1.54459
1.54458
1.54452
1.54444
1.54434
1.54422
1.54411
1.544
1.5439
1.54384
1.5438
1.54378
1.54379
1.54379
1.54381
1.54383
1.54386
1.54389
1.54394
1.54402
1.5441
1.5442
1.5443
1.54439
1.54448
1.54456
1.54464
1.54473
1.54481
1.5449
1.545
1.54507
1.54512
1.54506
1.54485
1.54451
1.54405
1.54361
1.54329
1.54314
1.54314
1.54325
1.5434
1.54357
1.54374
1.5439
1.54404
1.54417
1.5443
1.54442
1.54452
1.54461
1.54468
1.54473
1.54473
1.54467
1.54459
1.54448
1.54437
1.54429
1.54427
1.54429
1.54435
1.54444
1.54454
1.54462
1.54466
1.54467
1.54464
1.54458
1.54449
1.54437
1.54428
1.54421
1.54418
1.54416
1.54418
1.54418
1.54419
1.54418
1.54417
1.54413
1.54408
1.54403
1.54398
1.54395
1.54394
1.54394
1.54395
1.54398
1.54401
1.54405
1.5441
1.54415
1.5442
1.54427
1.54434
1.5444
1.54448
1.54457
1.54465
1.54473
1.5448
1.54485
1.54486
1.54482
1.54474
1.54464
1.54452
1.5444
1.54431
1.54424
1.5442
1.54418
1.54418
1.54419
1.54422
1.54427
1.54432
1.54437
1.54439
1.54438
1.54434
1.54426
1.54418
1.54412
1.54411
1.54414
1.54424
1.54436
1.5445
1.54463
1.54475
1.54485
1.5449
1.54494
1.54494
1.54491
1.54483
1.54473
1.5446
1.54445
1.54431
1.54417
1.54405
1.54395
1.54388
1.54387
1.5439
1.54401
1.54414
1.5443
1.54449
1.54467
1.54486
1.54503
1.54516
1.54523
1.54523
1.54512
1.54492
1.54464
1.54433
1.54403
1.54381
1.54369
1.54366
1.5437
1.54378
1.54391
1.54405
1.54417
1.54428
1.54439
1.54447
1.54453
1.54456
1.54458
1.5446
1.54461
1.5446
1.54458
1.54456
1.54453
1.5445
1.54446
1.54442
1.54436
1.54432
1.54427
1.54424
1.54421
1.54419
1.54418
1.46544
1.46545
1.46545
1.46546
1.46548
1.46551
1.46554
1.4656
1.46565
1.46573
1.46581
1.46588
1.46595
1.46598
1.46596
1.46589
1.46577
1.46562
1.46543
1.46524
1.46509
1.46501
1.46498
1.46503
1.46509
1.46518
1.46529
1.46539
1.46549
1.46557
1.46566
1.4657
1.46574
1.46574
1.46573
1.46572
1.46568
1.46565
1.46563
1.46561
1.46562
1.46564
1.46567
1.46572
1.46577
1.46584
1.46592
1.46597
1.46598
1.46594
1.46582
1.46566
1.46549
1.46537
1.46534
1.46537
1.46545
1.46555
1.46564
1.46571
1.46575
1.46575
1.4657
1.46562
1.46549
1.46535
1.46522
1.4651
1.46503
1.46497
1.46496
1.46498
1.46502
1.46509
1.46518
1.46526
1.46534
1.46542
1.46549
1.46554
1.46559
1.46561
1.46562
1.46562
1.46559
1.46556
1.46553
1.46551
1.4655
1.4655
1.46552
1.46555
1.46558
1.46563
1.46568
1.46574
1.46578
1.4658
1.46582
1.46579
1.46574
1.46566
1.46556
1.46544
1.46535
1.46528
1.46525
1.46529
1.46537
1.46549
1.46562
1.46575
1.46584
1.46588
1.46582
1.46569
1.46553
1.46539
1.46529
1.46527
1.46527
1.46529
1.46532
1.46534
1.46535
1.46536
1.46535
1.46534
1.46532
1.46528
1.46524
1.46522
1.46521
1.46523
1.46525
1.46529
1.46534
1.46539
1.46544
1.46549
1.46553
1.46559
1.46564
1.46568
1.46569
1.46569
1.46566
1.46559
1.46551
1.46542
1.46534
1.46527
1.46521
1.46516
1.46509
1.46504
1.46501
1.46499
1.46499
1.46501
1.46505
1.46511
1.46517
1.46524
1.46531
1.46538
1.46545
1.4655
1.46556
1.46561
1.46566
1.46569
1.46572
1.46573
1.46574
1.46574
1.46573
1.46573
1.46571
1.46571
1.46569
1.46568
1.46566
1.46563
1.46561
1.46558
1.46554
1.46551
1.46548
1.46546
1.46544
1.46544
1.46544
1.46545
1.46548
1.46553
1.46559
1.46566
1.46575
1.46586
1.46595
1.46605
1.46612
1.46615
1.46612
1.46597
1.46571
1.46537
1.46503
1.46479
1.46472
1.4648
1.46495
1.4651
1.46517
1.46517
1.46511
1.46507
1.46506
1.46511
1.4652
1.46533
1.46547
1.4656
1.46573
1.46583
1.46591
1.46595
1.46598
1.46598
1.46596
1.46594
1.46591
1.46588
1.46584
1.4658
1.46574
1.46568
1.4656
1.46551
1.46542
1.46535
1.46532
1.46531
1.46532
1.46533
1.46536
1.46537
1.46539
1.46539
1.46538
1.46539
1.4654
1.46541
1.46545
1.46549
1.46557
1.46567
1.46578
1.46588
1.46594
1.46594
1.46584
1.46564
1.4654
1.46518
1.46504
1.465
1.46505
1.46519
1.46537
1.46557
1.46578
1.46598
1.46615
1.46624
1.46622
1.46609
1.46585
1.46556
1.4653
1.4651
1.46494
1.46485
1.4648
1.46477
1.46479
1.46486
1.46495
1.46508
1.46523
1.46537
1.4655
1.46565
1.46577
1.46589
1.46599
1.46605
1.46609
1.46609
1.46603
1.46596
1.46588
1.46582
1.46579
1.46578
1.46578
1.46576
1.46569
1.46555
1.46537
1.46522
1.46513
1.46511
1.46515
1.46524
1.46532
1.46539
1.46543
1.46544
1.46544
1.46541
1.46538
1.46536
1.46534
1.46534
1.46535
1.46537
1.4654
1.46544
1.46548
1.46551
1.46554
1.46555
1.46555
1.46554
1.46551
1.46548
1.46546
1.46544
1.46544
1.46545
1.46546
1.46547
1.46547
1.46549
1.4655
1.4655
1.46551
1.46551
1.46551
1.46551
1.46551
1.4655
1.46551
1.4655
1.4655
1.46549
1.4655
1.46551
1.46552
1.46552
1.46555
1.46556
1.46558
1.4656
1.46562
1.46562
1.46562
1.46559
1.46553
1.46545
1.46535
1.46528
1.4652
1.46516
1.46513
1.46514
1.46516
1.4652
1.46525
1.46531
1.46537
1.46544
1.4655
1.46557
1.46562
1.46566
1.46569
1.4657
1.46569
1.46565
1.4656
1.46556
1.46554
1.46555
1.46558
1.46564
1.46568
1.4657
1.46567
1.46558
1.46545
1.4653
1.46516
1.46503
1.46496
1.46493
1.46496
1.46502
1.46511
1.46523
1.46537
1.46553
1.4657
1.46588
1.46607
1.46626
1.46641
1.46649
1.46645
1.46627
1.46594
1.46555
1.46519
1.46492
1.46481
1.46481
1.46489
1.46502
1.46516
1.46527
1.46535
1.4654
1.46541
1.4654
1.46538
1.46535
1.46534
1.46534
1.46534
1.46536
1.46537
1.4654
1.46543
1.46545
1.46547
1.46549
1.46551
1.46552
1.46552
1.46552
1.46552
1.46552
1.46551
1.46549
1.46548
1.46546
1.46544
1.46541
1.46539
1.46536
1.46534
1.46533
1.46532
1.46531
1.4653
1.4653
1.4653
1.46531
1.46533
1.46539
1.46545
1.46556
1.46571
1.46592
1.46618
1.46643
1.4666
1.46655
1.46619
1.46555
1.46489
1.46447
1.46438
1.46454
1.46481
1.46508
1.46531
1.46547
1.46557
1.46562
1.46561
1.46555
1.46547
1.46536
1.46525
1.46513
1.46502
1.46494
1.4649
1.46489
1.46491
1.46494
1.465
1.46506
1.46515
1.46524
1.46535
1.46545
1.46554
1.46564
1.46572
1.46578
1.4658
1.4658
1.46577
1.46573
1.46567
1.46563
1.4656
1.46559
1.46559
1.46557
1.46552
1.46544
1.46533
1.46519
1.46504
1.46493
1.46484
1.46478
1.46477
1.4648
1.46485
1.46493
1.46503
1.46514
1.46524
1.46534
1.46544
1.46554
1.46564
1.46573
1.46584
1.46597
1.46613
1.46629
1.46644
1.46653
1.4665
1.46629
1.46593
1.46548
1.4651
1.46488
1.46484
1.46493
1.46508
1.46524
1.46539
1.46549
1.46555
1.4656
1.46564
1.46568
1.46573
1.46576
1.46575
1.46568
1.4655
1.46528
1.46506
1.46492
1.46489
1.46496
1.4651
1.46526
1.46543
1.46559
1.46574
1.46588
1.466
1.46611
1.46619
1.46621
1.46615
1.46602
1.46582
1.4656
1.46539
1.46525
1.46517
1.46514
1.46515
1.46518
1.46521
1.46524
1.46527
1.4653
1.46533
1.46538
1.46543
1.46549
1.46555
1.46562
1.46568
1.46574
1.46577
1.46579
1.46578
1.46576
1.46571
1.46564
1.46557
1.46548
1.46541
1.46534
1.4653
1.46528
1.46527
1.46528
1.46529
1.46531
1.46535
1.46538
1.46541
1.46544
1.46546
1.46546
1.46548
1.4655
1.46552
1.46553
1.46555
1.46558
1.46562
1.46567
1.46572
1.4658
1.46589
1.46597
1.46605
1.46611
1.46613
1.46611
1.46604
1.46594
1.46582
1.4657
1.46558
1.46547
1.46537
1.46528
1.46518
1.46509
1.46504
1.46501
1.46503
1.46507
1.46512
1.46518
1.46527
1.46536
1.46544
1.46553
1.46561
1.4657
1.46578
1.46586
1.46592
1.46598
1.466
1.46598
1.4659
1.46578
1.46562
1.46545
1.46532
1.46523
1.46518
1.46519
1.46522
1.46528
1.46536
1.46545
1.46553
1.46561
1.46569
1.46573
1.46574
1.46572
1.46566
1.46558
1.46551
1.46546
1.46545
1.46548
1.46554
1.46561
1.46567
1.4657
1.46568
1.4656
1.46548
1.46536
1.46525
1.46518
1.46515
1.46518
1.46524
1.46534
1.46544
1.46555
1.46564
1.46572
1.46576
1.46575
1.46569
1.4656
1.46547
1.46537
1.46529
1.46524
1.46523
1.46526
1.4653
1.46535
1.46541
1.46547
1.46554
1.4656
1.46566
1.46572
1.46577
1.4658
1.46584
1.46588
1.46592
1.46597
1.46602
1.46607
1.46604
1.46593
1.46568
1.46536
1.46504
1.46482
1.46474
1.46477
1.46487
1.465
1.46512
1.46524
1.46533
1.46541
1.4655
1.46557
1.46567
1.46578
1.46589
1.46604
1.4662
1.46635
1.46648
1.46657
1.46658
1.46651
1.46633
1.46608
1.46583
1.46564
1.46554
1.46555
1.46559
1.46562
1.46562
1.46552
1.46539
1.46524
1.46513
1.46509
1.4651
1.46516
1.46522
1.46527
1.4653
1.46533
1.46535
1.4654
1.46546
1.46554
1.46562
1.46571
1.46581
1.4659
1.46595
1.466
1.46601
1.46601
1.46597
1.4659
1.46581
1.46573
1.46565
1.46558
1.46554
1.46551
1.4655
1.4655
1.46553
1.46556
1.4656
1.46564
1.46567
1.46569
1.46571
1.46571
1.4657
1.46567
1.46565
1.46562
1.46561
1.46561
1.46561
1.46563
1.46565
1.46565
1.46564
1.46563
1.46561
1.46561
1.46563
1.46568
1.46573
1.46581
1.4659
1.46597
1.46602
1.46604
1.46602
1.46596
1.46585
1.46571
1.46556
1.46544
1.46537
1.46536
1.46541
1.4655
1.46563
1.46577
1.4659
1.466
1.46603
1.46601
1.46594
1.46586
1.46579
1.46577
1.46581
1.46589
1.466
1.46606
1.46606
1.46597
1.46579
1.4656
1.46547
1.46542
1.46546
1.46558
1.46572
1.46585
1.46594
1.46598
1.46596
1.46588
1.46577
1.46566
1.46555
1.46546
1.46541
1.46539
1.46541
1.46544
1.46547
1.4655
1.46553
1.46555
1.46557
1.46557
1.46558
1.46559
1.46559
1.46559
1.46559
1.4656
1.46561
1.46561
1.46561
1.46562
1.46563
1.46566
1.46568
1.46572
1.46576
1.46582
1.46589
1.46599
1.46609
1.46618
1.46626
1.46631
1.46629
1.4662
1.46602
1.46577
1.4655
1.46524
1.46505
1.46494
1.46492
1.46497
1.46506
1.46516
1.46527
1.46536
1.46545
1.46553
1.46559
1.46564
1.46568
1.46571
1.46573
1.46576
1.46578
1.46579
1.46579
1.46578
1.46576
1.46573
1.46569
1.46564
1.46559
1.46553
1.46549
1.46547
1.46546
1.46547
1.46548
1.4655
1.46551
1.46553
1.46556
1.46558
1.46561
1.46566
1.46572
1.46579
1.46587
1.46595
1.46601
1.46601
1.46594
1.46579
1.46557
1.46533
1.46513
1.46505
1.46506
1.46516
1.46534
1.46555
1.46577
1.46596
1.4661
1.46614
1.46607
1.46589
1.46565
1.4654
1.4652
1.46507
1.46501
1.46503
1.46511
1.46521
1.4653
1.4654
1.46549
1.46555
1.4656
1.46563
1.46566
1.46568
1.4657
1.46573
1.46579
1.46585
1.38363
1.38364
1.3836
1.38349
1.38335
1.38321
1.38309
1.38302
1.383
1.38303
1.3831
1.38317
1.38324
1.38331
1.38336
1.38339
1.38342
1.38342
1.38341
1.38339
1.38337
1.38335
1.38333
1.38332
1.38331
1.38332
1.38331
1.38331
1.38333
1.38334
1.38335
1.38336
1.38338
1.38341
1.38343
1.38347
1.38349
1.3835
1.38351
1.3835
1.38349
1.38346
1.38344
1.38342
1.38343
1.38345
1.3835
1.38358
1.38365
1.38372
1.38379
1.38382
1.38383
1.38382
1.3838
1.38373
1.38361
1.3834
1.38316
1.3829
1.38267
1.38253
1.38249
1.38255
1.38266
1.38277
1.38289
1.38298
1.38306
1.38314
1.3832
1.38326
1.38332
1.38338
1.38344
1.3835
1.38356
1.38362
1.38366
1.3837
1.38373
1.38375
1.38378
1.38384
1.38389
1.38397
1.38403
1.38403
1.38393
1.3837
1.38336
1.383
1.38271
1.38255
1.38252
1.38259
1.38271
1.38282
1.38294
1.38303
1.38309
1.38313
1.38315
1.38316
1.38318
1.38319
1.38321
1.38324
1.38328
1.38332
1.38337
1.38344
1.38349
1.38356
1.38362
1.38366
1.3837
1.38371
1.3837
1.38365
1.38358
1.38349
1.38339
1.3833
1.38323
1.38317
1.38313
1.3831
1.3831
1.38311
1.38317
1.38326
1.38338
1.38351
1.38364
1.38375
1.38381
1.38379
1.38367
1.38348
1.38323
1.38303
1.3829
1.38287
1.38291
1.383
1.38311
1.38322
1.38332
1.38341
1.38346
1.38351
1.38354
1.38355
1.38354
1.38352
1.3835
1.38347
1.38345
1.38344
1.38345
1.38348
1.38352
1.38357
1.38364
1.38373
1.38384
1.38396
1.38408
1.38414
1.38406
1.38379
1.38336
1.38289
1.38249
1.38229
1.38228
1.3824
1.38259
1.3828
1.38299
1.38314
1.38326
1.38336
1.38344
1.3835
1.38354
1.38357
1.3836
1.38361
1.3836
1.38358
1.38356
1.38353
1.3835
1.38345
1.3834
1.38335
1.38331
1.38325
1.38322
1.38318
1.38317
1.38317
1.38322
1.38327
1.38333
1.38339
1.38343
1.38345
1.38345
1.38344
1.38341
1.38339
1.38337
1.38335
1.38333
1.38329
1.38324
1.38319
1.38315
1.38312
1.38311
1.3831
1.38308
1.38306
1.38304
1.38302
1.38303
1.38304
1.38307
1.38312
1.38317
1.38323
1.38329
1.38333
1.38338
1.38341
1.38343
1.38345
1.38345
1.38346
1.38345
1.38346
1.38346
1.38347
1.38349
1.38352
1.38355
1.38359
1.38362
1.38364
1.38366
1.38368
1.38367
1.38365
1.38361
1.38355
1.38348
1.3834
1.38331
1.38323
1.38316
1.38313
1.38311
1.38312
1.38315
1.38319
1.38324
1.38329
1.38334
1.38341
1.38349
1.38359
1.3837
1.38384
1.38397
1.38404
1.38401
1.38386
1.3836
1.38328
1.38296
1.38273
1.38261
1.38259
1.38264
1.38273
1.38283
1.38293
1.38303
1.38312
1.38319
1.38324
1.38329
1.38332
1.38335
1.38336
1.38336
1.38336
1.38337
1.38336
1.38336
1.38336
1.38335
1.38334
1.38333
1.38332
1.3833
1.38329
1.38327
1.38327
1.38327
1.38327
1.38329
1.3833
1.38332
1.38336
1.38339
1.38343
1.38347
1.38351
1.38355
1.38356
1.38357
1.38358
1.38358
1.38358
1.38355
1.38353
1.38352
1.38348
1.38343
1.38334
1.38323
1.3831
1.38296
1.38286
1.38281
1.3828
1.38284
1.3829
1.38299
1.38308
1.38316
1.38323
1.38331
1.38338
1.38345
1.38352
1.38357
1.38363
1.38368
1.38374
1.38379
1.38382
1.38384
1.38385
1.38383
1.38381
1.38378
1.38374
1.38369
1.38365
1.38361
1.38356
1.3835
1.38342
1.38332
1.38321
1.38311
1.38303
1.38297
1.38294
1.38293
1.38296
1.38301
1.38305
1.3831
1.38315
1.38321
1.38327
1.3833
1.38332
1.38333
1.38332
1.38331
1.38327
1.38323
1.38318
1.38313
1.38309
1.38306
1.38305
1.38306
1.38308
1.38309
1.38311
1.38314
1.38317
1.38322
1.38326
1.38331
1.38336
1.38341
1.38346
1.38352
1.38356
1.38361
1.38363
1.38362
1.38359
1.38353
1.38344
1.38333
1.38323
1.38314
1.3831
1.38308
1.3831
1.38315
1.38323
1.38333
1.38344
1.38355
1.38365
1.38372
1.38374
1.38369
1.38358
1.38343
1.38328
1.38315
1.3831
1.38308
1.3831
1.38312
1.38313
1.38312
1.3831
1.38307
1.38305
1.38304
1.38304
1.38306
1.38308
1.38309
1.3831
1.38311
1.38312
1.38311
1.3831
1.38311
1.38311
1.38312
1.38312
1.38313
1.38315
1.38316
1.38318
1.38319
1.3832
1.38321
1.38322
1.38324
1.38325
1.38327
1.38328
1.3833
1.38331
1.38332
1.38334
1.38334
1.38334
1.38336
1.38337
1.38338
1.38339
1.38339
1.38339
1.3834
1.38341
1.38342
1.38343
1.38343
1.38344
1.38344
1.38343
1.3834
1.38335
1.38328
1.3832
1.38312
1.38305
1.383
1.38299
1.38301
1.38306
1.38313
1.38323
1.38335
1.38349
1.38362
1.38376
1.38386
1.38391
1.38387
1.38373
1.38352
1.38329
1.38306
1.3829
1.38281
1.38281
1.38285
1.38292
1.38301
1.38307
1.38312
1.38315
1.38316
1.38315
1.38314
1.38313
1.38312
1.38313
1.38314
1.38315
1.38316
1.38317
1.3832
1.38322
1.38326
1.38329
1.38332
1.38335
1.38337
1.38339
1.3834
1.3834
1.38339
1.38339
1.38338
1.38338
1.38337
1.38338
1.38341
1.38345
1.38352
1.38365
1.38379
1.38391
1.3839
1.38368
1.38326
1.38275
1.38234
1.38215
1.38216
1.38231
1.38252
1.38271
1.38288
1.38301
1.38311
1.38318
1.38325
1.38329
1.38332
1.38334
1.38337
1.38338
1.38339
1.38339
1.38338
1.38338
1.38338
1.38338
1.38337
1.38338
1.38338
1.38339
1.38341
1.38342
1.38342
1.38342
1.38339
1.38336
1.38332
1.38326
1.38322
1.38319
1.38317
1.38314
1.38312
1.3831
1.38308
1.38307
1.38306
1.38305
1.38305
1.38305
1.38306
1.38307
1.38308
1.38308
1.38309
1.3831
1.38311
1.38311
1.38312
1.38313
1.38313
1.38314
1.38315
1.38315
1.38317
1.3832
1.38323
1.38326
1.38328
1.38329
1.3833
1.3833
1.38329
1.38327
1.38325
1.38323
1.3832
1.38321
1.38323
1.38327
1.38334
1.38342
1.38351
1.38359
1.38366
1.3837
1.38369
1.38364
1.38355
1.3834
1.38323
1.38306
1.38294
1.38287
1.38286
1.38289
1.38294
1.38299
1.38303
1.38307
1.3831
1.3831
1.38311
1.38312
1.38313
1.38317
1.38321
1.38325
1.3833
1.38335
1.3834
1.38345
1.38349
1.38355
1.38362
1.38368
1.38372
1.38371
1.38366
1.38355
1.38337
1.38318
1.38297
1.38281
1.38271
1.38268
1.38272
1.38281
1.38292
1.38304
1.38316
1.38327
1.38338
1.38347
1.38356
1.38363
1.3837
1.38375
1.38379
1.38379
1.38377
1.3837
1.38359
1.38346
1.38331
1.38316
1.38303
1.38293
1.38289
1.38289
1.38293
1.38299
1.38307
1.38316
1.38326
1.38335
1.38343
1.38349
1.38352
1.38353
1.38351
1.38349
1.38344
1.38338
1.38333
1.38328
1.38324
1.38322
1.38322
1.38324
1.38327
1.38332
1.38336
1.38341
1.38347
1.38355
1.38364
1.38375
1.38387
1.38397
1.38405
1.38408
1.38403
1.38394
1.38379
1.38362
1.38344
1.38329
1.38317
1.38309
1.38304
1.38299
1.38297
1.38298
1.38298
1.38301
1.38304
1.38308
1.38314
1.38323
1.38336
1.38354
1.38375
1.384
1.38424
1.38436
1.38423
1.38383
1.38323
1.38268
1.38236
1.38232
1.38247
1.38271
1.38295
1.38316
1.38334
1.3835
1.38363
1.38375
1.38386
1.38397
1.38406
1.38414
1.38418
1.3842
1.38417
1.38411
1.38399
1.38385
1.38367
1.38347
1.38329
1.38313
1.38302
1.38296
1.38296
1.38298
1.38303
1.3831
1.38317
1.38322
1.38327
1.3833
1.38333
1.38333
1.38332
1.38331
1.38329
1.38328
1.38327
1.38329
1.38332
1.38337
1.38344
1.38352
1.38362
1.38373
1.38385
1.38396
1.38406
1.38415
1.38419
1.38415
1.38397
1.38367
1.38328
1.3829
1.38262
1.38251
1.38254
1.38265
1.38281
1.38296
1.38308
1.38318
1.38326
1.3833
1.38332
1.38333
1.38332
1.38331
1.3833
1.38328
1.38327
1.38328
1.38329
1.38332
1.38337
1.38343
1.38351
1.38363
1.3838
1.38401
1.3843
1.38466
1.38508
1.3855
1.38571
1.38541
1.38443
1.38302
1.38184
1.38132
1.38139
1.38177
1.38218
1.38253
1.38279
1.38297
1.38311
1.3832
1.38327
1.38331
1.38335
1.38339
1.38342
1.38344
1.38346
1.38347
1.38348
1.38349
1.38348
1.38349
1.38348
1.38347
1.38345
1.38343
1.38343
1.38341
1.3834
1.38339
1.38337
1.38335
1.38333
1.38332
1.3833
1.38331
1.38332
1.38336
1.38341
1.38351
1.38363
1.38378
1.38396
1.38414
1.38433
1.38445
1.38451
1.38447
1.38432
1.38407
1.38375
1.38339
1.38302
1.38272
1.3825
1.38242
1.38247
1.38261
1.38278
1.38297
1.38313
1.38324
1.38331
1.38334
1.38334
1.38334
1.38334
1.38334
1.38338
1.38343
1.38348
1.38354
1.3836
1.38363
1.38364
1.38364
1.38362
1.3836
1.38356
1.38352
1.3835
1.38349
1.3835
1.38351
1.38353
1.38356
1.38359
1.38362
1.38364
1.38363
1.38359
1.38354
1.38345
1.38334
1.3832
1.38309
1.38301
1.38297
1.38296
1.38299
1.38305
1.38312
1.38317
1.38323
1.3833
1.38336
1.3834
1.38343
1.38346
1.38349
1.38351
1.38352
1.38352
1.38352
1.38351
1.3835
1.38347
1.38344
1.38343
1.38341
1.3834
1.3834
1.38341
1.38342
1.38344
1.38347
1.38351
1.38356
1.3836
1.38362
1.3836
1.38354
1.38342
1.3833
1.38317
1.38308
1.38303
1.38304
1.38306
1.38312
1.38318
1.38323
1.38327
1.38329
1.38331
1.38331
1.3771
1.37707
1.37703
1.377
1.37697
1.37695
1.37694
1.37694
1.37694
1.37694
1.37694
1.37693
1.37693
1.37692
1.37691
1.37689
1.37689
1.3769
1.3769
1.37692
1.37693
1.37694
1.37698
1.37701
1.37705
1.37707
1.37713
1.37717
1.37722
1.37727
1.37731
1.37736
1.3774
1.37744
1.37748
1.37752
1.37759
1.37769
1.37781
1.37793
1.37803
1.37806
1.378
1.37781
1.37753
1.37723
1.37698
1.37682
1.37674
1.37674
1.37675
1.37675
1.37673
1.37669
1.37664
1.37662
1.37661
1.37664
1.37672
1.37684
1.377
1.37718
1.37739
1.37757
1.3777
1.37776
1.3777
1.37753
1.37731
1.37707
1.37688
1.37676
1.37673
1.37676
1.37684
1.37694
1.37704
1.37713
1.37722
1.37728
1.37733
1.37737
1.37739
1.37739
1.37738
1.37737
1.37733
1.37731
1.37728
1.37726
1.37725
1.37726
1.37727
1.37729
1.37732
1.37734
1.37737
1.37741
1.37744
1.37745
1.37746
1.37747
1.37748
1.37748
1.37748
1.37746
1.37745
1.37743
1.3774
1.37736
1.37732
1.37725
1.37717
1.37709
1.377
1.37691
1.37685
1.37681
1.37678
1.37679
1.37683
1.3769
1.37697
1.37705
1.37713
1.37721
1.37729
1.37737
1.37745
1.37749
1.37751
1.37751
1.37747
1.37742
1.37733
1.37726
1.37719
1.37715
1.37714
1.37713
1.37714
1.37716
1.37718
1.37721
1.37724
1.37728
1.37732
1.37739
1.37747
1.37757
1.37768
1.3778
1.37789
1.37793
1.37786
1.37767
1.37733
1.37694
1.37659
1.37638
1.37633
1.37638
1.3765
1.37663
1.37676
1.37687
1.37698
1.37708
1.37718
1.37727
1.37736
1.37741
1.37742
1.37736
1.37726
1.37709
1.37692
1.37677
1.37668
1.37663
1.37664
1.37668
1.37673
1.37679
1.37684
1.3769
1.37694
1.37699
1.37703
1.37709
1.37715
1.37722
1.37732
1.37741
1.37752
1.37764
1.37775
1.37785
1.37792
1.37797
1.37796
1.37791
1.37781
1.37768
1.37755
1.3774
1.37727
1.37714
1.37702
1.37689
1.37676
1.37665
1.37656
1.3765
1.37649
1.3765
1.37655
1.37662
1.3767
1.37677
1.37683
1.37687
1.3769
1.37692
1.37694
1.37696
1.37699
1.37704
1.37711
1.37719
1.37729
1.3774
1.37751
1.37758
1.37759
1.37755
1.37743
1.37725
1.37707
1.37692
1.37683
1.3768
1.37682
1.37689
1.37695
1.37701
1.37706
1.3771
1.37712
1.37715
1.37715
1.37716
1.37716
1.37716
1.37716
1.37716
1.37716
1.37715
1.37715
1.37715
1.37715
1.37716
1.37715
1.37715
1.37714
1.37713
1.37711
1.3771
1.37708
1.37706
1.37704
1.37701
1.37699
1.37697
1.37697
1.37696
1.37696
1.37697
1.37699
1.37701
1.37705
1.37709
1.37714
1.37718
1.37722
1.37724
1.37724
1.37721
1.37715
1.37708
1.37701
1.37696
1.37694
1.37694
1.37697
1.37702
1.37708
1.37715
1.37723
1.37732
1.37744
1.37757
1.37773
1.3779
1.37807
1.3782
1.37821
1.37806
1.37774
1.37731
1.37686
1.3765
1.37628
1.37621
1.37625
1.37636
1.37649
1.37665
1.37678
1.3769
1.37698
1.37702
1.37702
1.37699
1.37694
1.37688
1.37684
1.37682
1.37682
1.37686
1.37691
1.37698
1.37708
1.37718
1.37729
1.37738
1.37747
1.37756
1.37762
1.37766
1.37767
1.37765
1.37759
1.3775
1.37738
1.37726
1.37717
1.3771
1.37706
1.37704
1.37704
1.37706
1.37707
1.3771
1.37713
1.37716
1.37719
1.37721
1.37723
1.37725
1.37727
1.37728
1.37729
1.3773
1.3773
1.37731
1.3773
1.3773
1.3773
1.37732
1.37733
1.37737
1.37744
1.37755
1.37765
1.37774
1.37783
1.37789
1.37789
1.37784
1.37773
1.37755
1.37731
1.37704
1.37677
1.37656
1.37642
1.37636
1.37634
1.37639
1.37648
1.37661
1.37677
1.37694
1.37711
1.37726
1.37742
1.37755
1.37769
1.37781
1.37794
1.3781
1.37826
1.37837
1.3784
1.37829
1.37801
1.37763
1.37725
1.37699
1.37686
1.37685
1.37692
1.377
1.37706
1.37709
1.37708
1.37704
1.37699
1.37693
1.37687
1.37685
1.37685
1.37689
1.37697
1.37705
1.37716
1.37728
1.37738
1.37748
1.37755
1.37755
1.37749
1.37738
1.37724
1.37709
1.37698
1.37693
1.37693
1.37697
1.37704
1.37714
1.37724
1.37733
1.37741
1.37747
1.37749
1.3775
1.37747
1.3774
1.37731
1.37721
1.37709
1.37701
1.37695
1.37691
1.3769
1.37692
1.37697
1.37704
1.37711
1.37716
1.37722
1.37727
1.3773
1.3773
1.37729
1.37727
1.37724
1.37721
1.37716
1.37712
1.3771
1.37709
1.3771
1.37712
1.37713
1.37714
1.37715
1.37715
1.37714
1.3771
1.37706
1.377
1.37694
1.37691
1.37689
1.3769
1.37692
1.37697
1.37704
1.37709
1.37712
1.37712
1.3771
1.37704
1.37699
1.37695
1.37692
1.37693
1.37694
1.37696
1.37697
1.37698
1.37699
1.377
1.37702
1.37704
1.37707
1.37713
1.37719
1.37724
1.3773
1.37733
1.37735
1.37734
1.37731
1.37726
1.37721
1.37716
1.37714
1.37714
1.37716
1.37719
1.37723
1.37728
1.37733
1.37738
1.37743
1.37749
1.37753
1.37756
1.37758
1.37757
1.37753
1.37746
1.37737
1.37727
1.37717
1.37707
1.37698
1.37689
1.37684
1.37681
1.37679
1.37678
1.37679
1.3768
1.37683
1.37686
1.37691
1.37697
1.37704
1.37712
1.3772
1.37728
1.37737
1.37745
1.37754
1.37762
1.37771
1.37778
1.37782
1.37784
1.3778
1.37768
1.37749
1.37726
1.37703
1.37684
1.37674
1.37671
1.37676
1.37684
1.37694
1.37704
1.37714
1.37723
1.3773
1.37735
1.37739
1.37743
1.37743
1.37742
1.37739
1.37737
1.37732
1.3773
1.37728
1.37728
1.37728
1.37732
1.37738
1.37745
1.37753
1.37762
1.37769
1.37776
1.37778
1.37772
1.37761
1.37744
1.37724
1.37703
1.37686
1.37674
1.37668
1.37666
1.37669
1.37673
1.37679
1.37687
1.37694
1.37702
1.37709
1.37715
1.37719
1.37724
1.37726
1.37728
1.37728
1.37728
1.37728
1.37728
1.3773
1.37731
1.37732
1.37732
1.3773
1.37724
1.37716
1.37705
1.37697
1.37692
1.37692
1.37696
1.37705
1.37716
1.37728
1.37741
1.37751
1.37757
1.37761
1.37759
1.37753
1.37746
1.37737
1.37729
1.37724
1.37722
1.37724
1.37727
1.37729
1.37728
1.37721
1.37709
1.37696
1.37682
1.37673
1.37668
1.37669
1.37675
1.37683
1.37694
1.37705
1.37714
1.37722
1.37727
1.3773
1.3773
1.37728
1.37724
1.37718
1.37713
1.37707
1.37703
1.377
1.37699
1.37699
1.377
1.37702
1.37706
1.37711
1.37715
1.37719
1.37723
1.37727
1.37732
1.37735
1.37739
1.3774
1.37741
1.3774
1.37739
1.37736
1.37731
1.37725
1.37716
1.37707
1.37696
1.37687
1.3768
1.37676
1.37674
1.37675
1.37677
1.3768
1.37684
1.37688
1.37694
1.377
1.37707
1.37712
1.37717
1.3772
1.37724
1.37727
1.37728
1.37728
1.37727
1.37726
1.37723
1.3772
1.37716
1.37714
1.37711
1.37709
1.37709
1.37709
1.3771
1.3771
1.37713
1.37714
1.37717
1.37721
1.37724
1.37728
1.37732
1.37737
1.37743
1.37748
1.37753
1.37757
1.37759
1.37757
1.37752
1.37743
1.37731
1.37715
1.37698
1.37682
1.37668
1.37657
1.37651
1.37651
1.37653
1.37658
1.37666
1.37673
1.37682
1.3769
1.37698
1.37705
1.3771
1.37716
1.3772
1.37724
1.37726
1.37729
1.37731
1.37731
1.37733
1.37734
1.37736
1.37737
1.37741
1.37745
1.37752
1.3776
1.37768
1.37774
1.37776
1.37771
1.37758
1.37744
1.37733
1.37731
1.37738
1.37753
1.3777
1.37783
1.37787
1.37779
1.37759
1.37733
1.37706
1.37685
1.3767
1.37663
1.37663
1.37667
1.3767
1.37672
1.37673
1.37672
1.37671
1.3767
1.37671
1.37672
1.37674
1.37677
1.37682
1.37685
1.37689
1.37694
1.37698
1.37703
1.37708
1.37714
1.37717
1.37722
1.37724
1.37726
1.37726
1.37724
1.37721
1.37717
1.37712
1.37706
1.37702
1.37698
1.37695
1.37695
1.37695
1.37697
1.377
1.37704
1.37709
1.37715
1.37723
1.37732
1.37742
1.37751
1.3776
1.37768
1.37775
1.37778
1.37778
1.37775
1.37766
1.37752
1.37734
1.37711
1.37685
1.37662
1.37646
1.37638
1.37639
1.37647
1.37658
1.37671
1.37684
1.37695
1.37703
1.37708
1.37713
1.37716
1.37716
1.37717
1.37717
1.37717
1.37717
1.37716
1.37716
1.37715
1.37715
1.37715
1.37714
1.37714
1.37712
1.3771
1.37708
1.37706
1.37702
1.37699
1.37695
1.37691
1.37687
1.37685
1.37683
1.37682
1.37683
1.37685
1.37689
1.37695
1.377
1.37708
1.37716
1.37727
1.37738
1.3775
1.37763
1.37777
1.37789
1.37798
1.37801
1.37799
1.37791
1.37783
1.37775
1.37768
1.37759
1.37746
1.37725
1.377
1.37674
1.37653
1.37641
1.37641
1.37653
1.37672
1.37693
1.37713
1.37726
1.3773
1.37724
1.37712
1.37698
1.37685
1.37675
1.3767
1.3767
1.37672
1.37678
1.37684
1.37691
1.37697
1.37702
1.37707
1.3771
1.37714
1.37715
1.37716
1.37717
1.37717
1.37718
1.37719
1.3772
1.37723
1.37725
1.37728
1.37731
1.37733
1.37736
1.37738
1.37741
1.37742
1.37743
1.37744
1.37746
1.37748
1.37751
1.37756
1.37766
1.37782
1.37805
1.37834
1.37859
1.37866
1.37835
1.37764
1.37672
1.37601
1.37574
1.37582
1.3761
1.37642
1.37671
1.37693
1.37709
1.37721
1.37729
1.37734
1.37739
1.37742
1.37744
1.37746
1.37746
1.37744
1.37741
1.37737
1.37732
1.37728
1.37725
1.37724
1.37726
1.37727
1.37729
1.3773
1.37727
