1.8
1.80001
1.80003
1.80005
1.80008
1.80011
1.80015
1.8002
1.80026
1.80032
1.80039
1.80046
1.80055
1.80064
1.80073
1.80084
1.80095
1.80107
1.8012
1.80134
1.80149
1.80164
1.8018
1.80198
1.80216
1.80235
1.80255
1.80276
1.80299
1.80322
1.80346
1.80372
1.80398
1.80426
1.80455
1.80485
1.80517
1.8055
1.80584
1.8062
1.80657
1.80696
1.80737
1.80779
1.80823
1.80868
1.80916
1.80965
1.81017
1.8107
1.81126
1.81184
1.81244
1.81307
1.81373
1.81441
1.81512
1.81585
1.81662
1.81742
1.81825
1.81911
1.82002
1.82095
1.82193
1.82295
1.824
1.82511
1.82625
1.82745
1.82869
1.82998
1.83133
1.83273
1.83419
1.83571
1.83729
1.83894
1.84065
1.84243
1.84429
1.84622
1.84822
1.85031
1.85248
1.85474
1.85708
1.85951
1.86204
1.86466
1.86737
1.87019
1.8731
1.87611
1.87921
1.8824
1.88567
1.88902
1.89243
1.89589
1.89938
1.90286
1.90632
1.90971
1.91299
1.91613
1.91907
1.92177
1.92421
1.92637
1.92824
1.92983
1.93114
1.93214
1.9328
1.933
1.93258
1.93134
1.92911
1.92578
1.92145
1.91646
1.91146
1.90732
1.90502
1.90532
1.9085
1.91433
1.92209
1.9308
1.93946
1.94722
1.95359
1.95844
1.96202
1.96471
1.96677
1.96818
1.96863
1.96773
1.96526
1.96136
1.95653
1.95153
1.94716
1.9441
1.94277
1.94337
1.94593
1.95032
1.95629
1.96349
1.9715
1.97992
1.98839
1.9966
2.00425
2.01106
2.01681
2.02133
2.02453
2.02639
2.02695
2.0263
2.02458
2.02197
2.01869
2.01497
2.01105
2.00717
2.00348
2.00013
1.99725
1.99505
1.9938
1.99382
1.99534
1.99836
2.00257
2.00744
2.01234
2.01672
2.02021
2.02264
2.02398
2.02436
2.02393
2.02292
2.02157
2.02013
2.01883
2.01789
2.01749
2.01773
2.01866
2.02026
2.02243
2.02503
2.02787
2.03079
2.0336
2.03618
2.03843
2.04028
2.04168
2.04264
2.04315
2.04322
2.04283
2.04199
2.04065
2.03877
2.03629
2.03322
2.0296
2.02561
2.02156
2.01786
2.01499
2.01336
2.01317
2.0144
2.01673
2.01967
2.02264
2.02509
2.02655
2.02677
2.02577
2.02397
2.02216
2.02131
2.02225
2.0253
2.03011
2.03582
2.04141
2.04603
2.04916
2.05059
2.05038
2.04881
2.0464
2.04386
2.04197
2.04136
2.04233
2.04465
2.04769
2.05062
2.05268
2.05337
2.05251
2.0503
2.04722
2.04398
2.04128
2.03967
2.03939
2.04035
2.04231
2.04494
2.04798
2.05121
2.05444
2.05749
2.06022
2.06254
2.0644
2.06584
2.06695
2.06784
2.0686
2.06931
2.06996
2.07047
2.07072
2.07051
2.06966
2.06801
2.06549
2.06216
2.0582
2.05396
2.04994
2.04666
2.04464
2.04423
2.0455
2.04827
2.05214
2.05662
2.06126
2.06572
2.0698
2.07341
2.07655
2.07926
2.08162
2.08369
2.08554
2.08723
2.08882
2.09036
2.09187
2.09337
2.09484
2.09624
2.0975
2.09849
2.09906
2.099
2.09812
2.09623
2.09321
2.0891
2.08416
2.0789
2.074
2.07016
2.06796
2.06774
2.06962
2.07353
2.07914
2.0859
2.093
2.09957
2.10481
2.10814
2.10918
2.10774
2.10378
2.09735
2.0887
2.07827
2.06675
2.05507
2.0443
2.03547
2.02955
2.02721
2.02873
2.03381
2.04159
2.0509
2.06063
2.0699
2.0782
2.08525
2.09094
2.09531
2.09844
2.10043
2.10142
2.10156
2.10099
2.09985
2.09831
2.09652
2.09463
2.09283
2.09126
2.09005
2.08929
2.08903
2.08924
2.08988
2.09084
2.09204
2.09337
2.09477
2.09618
2.09757
2.09891
2.10021
2.10147
2.1027
2.10389
2.10505
2.10618
2.10726
2.10828
2.10919
2.10995
2.11047
2.11065
2.11034
2.10932
2.10731
2.10392
2.09872
2.09123
2.08114
2.06866
2.05495
2.04241
2.0342
2.03265
2.03777
2.04723
2.05789
2.06734
2.07432
2.07855
2.08021
2.07965
2.07733
2.07377
2.06967
2.06584
2.06314
2.06227
2.06356
2.06682
2.07149
2.07682
2.08209
2.08675
2.09049
2.09315
2.09474
2.09529
2.09487
2.09352
2.09121
2.08783
2.08319
2.07701
2.06908
2.05939
2.04842
2.03733
2.02803
2.02267
2.02285
2.02865
2.03859
2.0503
2.06156
2.07091
2.0777
2.08187
2.08365
2.0834
2.08151
2.07835
2.07434
2.06995
2.06574
2.0623
2.06017
2.05966
2.06076
2.06314
2.0663
2.0697
2.07289
2.0756
2.07768
2.07909
2.07985
2.07997
2.07946
2.0783
2.07644
2.07383
2.07037
2.06601
2.06071
2.05455
2.04772
2.04061
2.03382
2.02797
2.02361
2.02097
2.01987
2.01981
2.02014
2.02031
2.01998
2.01907
2.01771
2.01618
2.01476
2.01371
2.01314
2.01305
2.01341
2.01417
2.01543
2.01734
2.02008
2.02375
2.0282
2.03313
2.03809
2.04261
2.04634
2.04903
2.05057
2.05093
2.05017
2.04838
2.04568
2.04223
2.03827
2.0341
2.03007
2.02655
2.02387
2.02224
2.02167
2.02203
2.02303
2.02436
2.02573
2.02692
2.02781
2.02834
2.02849
2.02831
2.02782
2.0271
2.02618
2.02512
2.02396
2.02272
2.02143
2.02011
2.01877
2.01743
2.01611
2.01487
2.01377
2.0129
2.01235
2.01217
2.01239
2.01297
2.0138
2.01476
2.01572
2.01656
2.01723
2.01776
2.01821
2.01866
2.01921
2.01987
2.0206
2.02129
2.02177
2.02185
2.02135
2.02015
2.01823
2.01569
2.01272
2.00965
2.00687
2.00472
2.00344
2.00312
2.00365
2.00481
2.00637
2.00819
2.0102
2.01246
2.01507
2.01811
2.02157
2.02538
2.02934
2.03324
2.03686
2.04004
2.04269
2.0448
2.04644
2.04771
2.04873
2.0496
2.05042
2.05121
2.05195
2.0526
2.05306
2.05324
2.05304
2.05234
2.05101
2.04883
2.04547
2.04047
2.03326
2.02349
2.01158
1.99937
1.99027
1.98793
1.99377
2.00584
2.0202
2.03331
2.04327
2.04958
2.05255
2.0528
2.05105
2.04805
2.04456
2.04128
2.03865
2.0368
2.03551
2.03439
2.03315
2.0318
2.03079
2.03075
2.03225
2.03548
2.0402
2.04587
2.05186
2.05768
2.06298
2.06762
2.07155
2.07484
2.0776
2.07992
2.08191
2.08367
2.08523
2.08666
2.08795
2.08913
2.09018
2.09111
2.09189
2.09252
2.09299
2.0933
2.09343
2.0934
2.09319
2.09284
2.09235
2.09175
2.09106
2.0903
2.08947
2.08854
2.08743
2.08603
2.08418
2.08168
2.07832
2.07387
2.06814
2.06105
2.05279
2.04401
2.03607
2.03093
2.03058
2.03602
2.04654
2.06003
2.07403
2.08667
2.09697
2.10468
2.10999
2.11323
2.11476
2.11487
2.1138
2.11175
2.10884
2.10523
2.10103
2.09644
2.09167
2.087
2.08272
2.0791
2.07629
2.07424
2.07271
2.0713
2.06967
2.0677
2.06577
2.06472
2.06563
2.06931
2.0758
2.08434
2.09371
2.10277
2.11072
2.1172
2.12215
2.12568
2.12796
2.12913
2.12931
2.12856
2.12689
2.12429
2.12074
2.11619
2.11067
2.10427
2.0972
2.08985
2.0828
2.07675
2.0724
2.07025
2.07045
2.07275
2.07665
2.08155
2.08692
2.09241
2.09775
2.10278
2.10727
2.11097
2.11351
2.11445
2.11331
2.1097
2.10358
2.09566
2.08766
2.08215
2.08145
2.08632
2.09546
2.10641
2.11693
2.12571
2.13239
2.13716
2.14042
2.1426
2.14404
2.14501
2.14565
2.1461
2.1464
2.14661
2.14676
2.14689
2.14705
2.14729
2.14768
2.14829
2.14918
2.15036
2.15181
2.15344
2.15503
2.15622
2.15648
2.15506
2.15107
2.1437
2.13279
2.11976
2.10821
2.10298
2.10705
2.11907
2.13447
2.14866
2.1591
2.16511
2.16693
2.16496
2.15927
2.14951
2.13511
2.11611
2.0947
2.07639
2.06836
2.07425
2.09073
2.11063
2.12841
2.14194
2.15149
2.15816
2.16303
2.16694
2.17046
2.17394
2.17753
2.18125
2.18499
2.18856
2.1917
2.19413
2.19561
2.19587
2.19472
2.19201
2.18774
2.18205
2.17537
2.16837
2.16193
2.15695
2.1541
2.15369
2.15554
2.15915
2.16375
2.16849
2.17249
2.17488
2.17486
2.17173
2.16509
2.15521
2.14356
2.13301
2.12707
2.12796
2.13514
2.14577
2.15663
2.16562
2.17202
2.176
2.17811
2.17899
2.17911
2.17884
2.17831
2.17753
2.17637
2.17463
2.17217
2.16895
2.16518
2.16125
2.15765
2.15478
2.15275
2.15136
2.15016
2.14871
2.14679
2.1445
2.14233
2.14092
2.14081
2.14217
2.14464
2.1475
2.14994
2.15139
2.15156
2.1505
2.14846
2.14584
2.14307
2.14055
2.13857
2.13728
2.13664
2.1364
2.13622
2.13565
2.13429
2.13183
2.12815
2.12334
2.11774
2.11192
2.10658
2.10244
2.10007
2.09975
2.1014
2.10451
2.10827
2.11177
2.11425
2.11524
2.11465
2.11265
2.10964
2.10614
2.10265
2.09964
2.09747
2.09638
2.09647
2.0977
2.09984
2.10253
2.10537
2.10799
2.11016
2.11181
2.11295
2.11367
2.11411
2.11439
2.11461
2.11482
2.11506
2.11533
2.11563
2.11592
2.11619
2.11643
2.1166
2.11672
2.11676
2.11672
2.1166
2.1164
2.11609
2.11568
2.11514
2.11445
2.11358
2.11251
2.1112
2.10964
2.10782
2.10579
2.1036
2.1014
2.09936
2.09769
2.09658
2.09615
2.09639
2.0972
2.09835
2.0996
2.10076
2.10166
2.10229
2.10267
2.1029
2.10312
2.10343
2.10394
2.10468
2.10567
2.10686
2.10819
2.10957
2.1109
2.11207
2.11298
2.11351
2.11359
2.11313
2.11208
2.11041
2.10813
2.10526
2.10187
2.09805
2.09397
2.08982
2.08595
2.08282
2.08097
2.08093
2.08294
2.08684
2.09208
2.09786
2.10329
2.10755
2.10988
2.10957
2.10592
2.09828
2.08631
2.07052
2.05287
2.03686
2.0262
2.0227
1.80273
1.80881
1.81591
1.82295
1.82978
1.83649
1.84307
1.84928
1.85486
1.85956
1.86325
1.86591
1.86763
1.8685
1.86868
1.86827
1.86736
1.86604
1.86431
1.8622
1.85967
1.85669
1.85323
1.84928
1.84488
1.84017
1.8354
1.83093
1.8272
1.82461
1.82344
1.8237
1.82519
1.82752
1.83024
1.83298
1.83544
1.83748
1.83902
1.84005
1.84062
1.84076
1.84054
1.84001
1.83922
1.83822
1.83708
1.83585
1.83461
1.83342
1.83237
1.83152
1.83091
1.83056
1.83045
1.83051
1.83064
1.83073
1.83066
1.83034
1.82971
1.82875
1.82752
1.82612
1.82469
1.82337
1.82231
1.82164
1.82139
1.82158
1.82215
1.82302
1.82409
1.82525
1.82641
1.8275
1.82845
1.8292
1.82971
1.82996
1.82995
1.82969
1.82923
1.82863
1.82797
1.82736
1.82692
1.82677
1.82705
1.8279
1.82939
1.83156
1.83437
1.83766
1.84122
1.84482
1.8482
1.85117
1.85361
1.85549
1.85688
1.85793
1.85886
1.85992
1.86132
1.86321
1.86563
1.86851
1.87167
1.87492
1.87801
1.88077
1.88306
1.88476
1.88584
1.88625
1.88599
1.88507
1.88352
1.88136
1.87863
1.87538
1.87167
1.86755
1.86308
1.85833
1.85342
1.84851
1.84385
1.83976
1.8366
1.83464
1.83391
1.83416
1.83481
1.8352
1.83491
1.83414
1.8338
1.83522
1.83947
1.8468
1.85658
1.86774
1.8793
1.89053
1.90099
1.91037
1.91847
1.92517
1.93043
1.93427
1.93674
1.93791
1.93787
1.93667
1.93439
1.93112
1.927
1.92221
1.91703
1.91177
1.90675
1.90221
1.89827
1.89488
1.89187
1.88907
1.88636
1.88383
1.88171
1.88025
1.87964
1.87986
1.88067
1.88174
1.88281
1.88373
1.88455
1.88542
1.88654
1.88807
1.89005
1.89242
1.89506
1.89781
1.90053
1.90311
1.9055
1.90768
1.90962
1.9113
1.91269
1.91373
1.91439
1.91461
1.91437
1.91368
1.91257
1.91112
1.90946
1.90772
1.90606
1.90461
1.90347
1.90271
1.9024
1.90257
1.90324
1.90439
1.90596
1.90776
1.90955
1.91102
1.91192
1.91203
1.91123
1.90954
1.90706
1.90403
1.9008
1.89782
1.8955
1.89409
1.89358
1.89365
1.89392
1.89407
1.89395
1.89353
1.89278
1.8916
1.88986
1.88749
1.88462
1.88159
1.87881
1.87664
1.87525
1.87466
1.8748
1.87563
1.87723
1.87969
1.88309
1.88735
1.89227
1.89751
1.9027
1.9075
1.91163
1.9149
1.91722
1.9186
1.91909
1.91882
1.91793
1.91656
1.91489
1.91306
1.91122
1.90947
1.90792
1.90662
1.90564
1.905
1.90471
1.90476
1.90511
1.90571
1.90643
1.90712
1.90761
1.90763
1.90692
1.90519
1.90212
1.89748
1.89118
1.88343
1.87485
1.86653
1.85982
1.85589
1.85522
1.85752
1.86193
1.86749
1.87343
1.87924
1.88459
1.8893
1.89327
1.89645
1.89887
1.90059
1.90169
1.9023
1.90251
1.90245
1.90221
1.90186
1.90145
1.90096
1.90034
1.89947
1.8982
1.89631
1.89363
1.88999
1.88536
1.87991
1.87402
1.86827
1.86335
1.85979
1.85777
1.8571
1.85732
1.85792
1.85855
1.85905
1.85947
1.85992
1.86055
1.86146
1.86271
1.86428
1.86616
1.86829
1.8706
1.87301
1.87544
1.87782
1.88006
1.88209
1.88389
1.88541
1.88664
1.88759
1.88826
1.88867
1.88883
1.88875
1.88844
1.88791
1.88717
1.88623
1.88512
1.88386
1.88249
1.88104
1.87956
1.8781
1.87669
1.87538
1.87416
1.87305
1.87201
1.87098
1.86987
1.86856
1.8669
1.86472
1.86186
1.8582
1.85378
1.84889
1.84416
1.84056
1.83915
1.84064
1.84506
1.85168
1.8594
1.8671
1.87402
1.87979
1.88434
1.88778
1.89028
1.89204
1.89324
1.89401
1.89447
1.89469
1.89473
1.89465
1.89448
1.89424
1.89398
1.89372
1.89347
1.89328
1.89316
1.89311
1.89314
1.89323
1.89336
1.89349
1.89357
1.89357
1.89342
1.89309
1.89254
1.89174
1.89069
1.88943
1.88808
1.88686
1.8861
1.88618
1.88747
1.89017
1.89429
1.89959
1.90567
1.91204
1.91825
1.92394
1.92885
1.93283
1.93578
1.93765
1.93839
1.93794
1.93622
1.93317
1.92881
1.92332
1.91719
1.91121
1.90645
1.90394
1.90432
1.90755
1.91294
1.9195
1.92625
1.9325
1.93785
1.94213
1.94533
1.94749
1.94868
1.94898
1.94846
1.94721
1.94537
1.9431
1.94065
1.93829
1.93631
1.93499
1.93451
1.93495
1.93626
1.93832
1.94096
1.94401
1.94731
1.95073
1.95414
1.9574
1.96035
1.96278
1.96449
1.96523
1.96474
1.96277
1.95908
1.95347
1.94586
1.93638
1.92545
1.91378
1.90225
1.89171
1.88276
1.87577
1.871
1.86877
1.86944
1.87321
1.87986
1.88867
1.89855
1.90837
1.91723
1.92466
1.93054
1.93507
1.93857
1.9414
1.94382
1.94598
1.94792
1.94958
1.95089
1.95174
1.95208
1.95184
1.95096
1.94939
1.94703
1.9438
1.9396
1.9344
1.92825
1.92144
1.9145
1.90818
1.90332
1.90054
1.90004
1.90152
1.90439
1.90804
1.91202
1.91609
1.92018
1.92424
1.92821
1.932
1.93546
1.93843
1.94074
1.94226
1.94285
1.94243
1.94097
1.93857
1.93551
1.93228
1.92949
1.92777
1.92752
1.92874
1.93103
1.93375
1.93627
1.93818
1.93937
1.94003
1.94047
1.94107
1.94213
1.94375
1.94586
1.94822
1.95052
1.95248
1.95383
1.95441
1.95411
1.95284
1.95055
1.9472
1.94271
1.93704
1.9302
1.92236
1.91384
1.90524
1.89729
1.89075
1.88617
1.88381
1.88368
1.88555
1.8891
1.89396
1.89972
1.90599
1.91247
1.91898
1.92537
1.93156
1.93744
1.94288
1.94771
1.95179
1.95501
1.95732
1.95873
1.95927
1.95897
1.95786
1.95595
1.9532
1.94957
1.94503
1.93957
1.9332
1.92607
1.91838
1.91042
1.9025
1.8949
1.88778
1.88122
1.87538
1.87059
1.86739
1.86632
1.86759
1.87089
1.87546
1.8804
1.88497
1.88869
1.89142
1.89318
1.8941
1.89436
1.89409
1.8934
1.89238
1.89108
1.88953
1.88776
1.88578
1.88361
1.88127
1.8788
1.87622
1.87359
1.87096
1.86839
1.86594
1.86369
1.8617
1.86003
1.85873
1.85781
1.8573
1.85718
1.85739
1.85789
1.85858
1.8594
1.86025
1.86109
1.86186
1.86255
1.86315
1.86367
1.86412
1.86451
1.86482
1.86502
1.86504
1.86478
1.8641
1.86289
1.86099
1.8583
1.85474
1.85032
1.84516
1.83951
1.83379
1.82855
1.82438
1.82184
1.82129
1.82277
1.82605
1.83061
1.83583
1.84109
1.8459
1.8499
1.85294
1.85497
1.85609
1.85645
1.85629
1.85584
1.85531
1.85487
1.85459
1.85443
1.85421
1.85362
1.85229
1.84976
1.84567
1.83985
1.8326
1.82493
1.81852
1.81525
1.81624
1.82115
1.82834
1.83571
1.84154
1.84489
1.84548
1.84354
1.83961
1.8345
1.82921
1.82479
1.82216
1.82181
1.82374
1.82749
1.83239
1.8378
1.84322
1.84834
1.853
1.85712
1.86068
1.86366
1.86605
1.86785
1.86907
1.8697
1.86975
1.86923
1.86816
1.86654
1.8644
1.86176
1.85868
1.85523
1.85152
1.84766
1.84382
1.84014
1.83679
1.83387
1.83145
1.8295
1.82797
1.82672
1.82563
1.82455
1.82337
1.82204
1.82054
1.81891
1.81722
1.81553
1.81392
1.81243
1.8111
1.80998
1.80916
1.80873
1.80883
1.80958
1.81107
1.81332
1.81628
1.81983
1.82376
1.82788
1.83195
1.83578
1.83923
1.84219
1.84462
1.84651
1.8479
1.84882
1.84932
1.84946
1.8493
1.84887
1.84821
1.84735
1.84632
1.84514
1.84382
1.84238
1.84084
1.83924
1.83762
1.83603
1.83455
1.83328
1.83234
1.83183
1.83187
1.83253
1.83386
1.83583
1.83838
1.84138
1.84469
1.84813
1.85155
1.85481
1.85779
1.86036
1.86245
1.86394
1.86475
1.86483
1.86414
1.86274
1.8608
1.85858
1.85642
1.85465
1.85357
1.85338
1.85422
1.85614
1.85915
1.86317
1.86798
1.87333
1.87892
1.88454
1.89008
1.89551
1.90083
1.90598
1.91084
1.91523
1.91895
1.92183
1.92377
1.92472
1.92471
1.92379
1.92206
1.91954
1.91625
1.91216
1.90719
1.9013
1.89452
1.8871
1.87969
1.87346
1.86992
1.87043
1.87551
1.88455
1.89602
1.90825
1.91991
1.93023
1.93891
1.9459
1.9513
1.95524
1.95781
1.9591
1.95917
1.9581
1.95599
1.95299
1.94937
1.9455
1.94184
1.93886
1.93693
1.93616
1.93638
1.93717
1.93798
1.93834
1.9379
1.93655
1.93433
1.93147
1.92832
1.92527
1.92273
1.921
1.92025
1.92046
1.92144
1.92292
1.9246
1.92622
1.92768
1.92896
1.93017
1.93147
1.93305
1.93505
1.93757
1.94061
1.9441
1.9479
1.95181
1.95568
1.95934
1.96266
1.96557
1.96802
1.96995
1.97136
1.97219
1.9724
1.97193
1.9707
1.96865
1.96574
1.96197
1.95744
1.95232
1.94692
1.94163
1.93688
1.93308
1.93045
1.92904
1.92871
1.92921
1.93024
1.93156
1.93298
1.93436
1.93553
1.93636
1.93674
1.93666
1.93622
1.93569
1.93545
1.93583
1.93704
1.93898
1.94134
1.94358
1.94518
1.94571
1.94489
1.94267
1.93914
1.93451
1.92907
1.92313
1.91699
1.91098
1.90545
1.90077
1.89727
1.89517
1.89456
1.89541
1.8976
1.90097
1.90518
1.90979
1.91421
1.9179
1.92039
1.92134
1.92058
1.91799
1.91355
1.90734
1.89961
1.8908
1.88162
1.87298
1.86592
1.86136
1.85988
1.86152
1.86581
1.8719
1.87881
1.88566
1.89176
1.89671
1.90031
1.90253
1.90348
1.90333
1.90228
1.90055
1.89833
1.8958
1.89311
1.89036
1.88763
1.88497
1.88245
1.88013
1.87808
1.87638
1.87511
1.87432
1.87403
1.87423
1.87486
1.87585
1.87709
1.87851
1.80141
1.80292
1.8044
1.8058
1.80704
1.80803
1.80869
1.80889
1.80851
1.80745
1.80562
1.80299
1.79964
1.79579
1.79179
1.78813
1.78537
1.78403
1.78448
1.78681
1.79081
1.79601
1.8018
1.80758
1.81287
1.81736
1.82087
1.82337
1.82488
1.8255
1.82534
1.82456
1.82336
1.82193
1.82051
1.81928
1.81838
1.81784
1.81763
1.81763
1.81771
1.81771
1.81747
1.81687
1.81572
1.81389
1.81128
1.80796
1.80423
1.80068
1.798
1.79677
1.79721
1.79906
1.80169
1.80437
1.80649
1.80768
1.80782
1.80702
1.80557
1.80386
1.80235
1.8015
1.80167
1.8031
1.80587
1.80989
1.81492
1.82064
1.8267
1.83275
1.83849
1.84369
1.84819
1.85189
1.85477
1.85685
1.85818
1.85887
1.85904
1.85886
1.85851
1.85815
1.85795
1.858
1.85835
1.85896
1.85975
1.86058
1.86129
1.86174
1.8618
1.86136
1.86038
1.85886
1.85684
1.85444
1.85185
1.84932
1.84714
1.84561
1.84497
1.84537
1.84678
1.84901
1.85171
1.85443
1.85666
1.85796
1.85796
1.85653
1.85384
1.85037
1.84692
1.84432
1.84317
1.84358
1.8452
1.84746
1.84986
1.85209
1.85406
1.85578
1.85734
1.8588
1.86025
1.8618
1.86356
1.86564
1.86808
1.87084
1.87379
1.87674
1.87947
1.88182
1.88368
1.88499
1.88574
1.88594
1.8856
1.88475
1.88343
1.88172
1.87977
1.87778
1.87602
1.87476
1.87419
1.87444
1.87552
1.87733
1.87978
1.88281
1.88639
1.89049
1.89508
1.90002
1.90511
1.91011
1.91478
1.91891
1.92238
1.92511
1.92711
1.92838
1.92899
1.92897
1.92837
1.92725
1.92566
1.92366
1.92135
1.9188
1.91612
1.9134
1.91071
1.9081
1.90561
1.90323
1.90097
1.89882
1.8968
1.89495
1.8933
1.89191
1.89081
1.89001
1.88948
1.88918
1.88907
1.88905
1.88903
1.88892
1.88858
1.88789
1.8867
1.88484
1.88219
1.87863
1.87407
1.86853
1.86216
1.85524
1.84835
1.84234
1.83832
1.83736
1.83998
1.84567
1.85301
1.86032
1.86639
1.8709
1.87427
1.87729
1.88061
1.88447
1.88861
1.89252
1.89566
1.89763
1.89826
1.89752
1.89551
1.89241
1.88842
1.88377
1.8787
1.87345
1.86825
1.86325
1.85857
1.85425
1.85029
1.84672
1.84361
1.8411
1.83933
1.83843
1.83839
1.83909
1.84032
1.84183
1.84338
1.84482
1.84605
1.84706
1.84789
1.84859
1.84922
1.84983
1.85041
1.8509
1.85119
1.8511
1.8504
1.84887
1.84633
1.84274
1.83832
1.83359
1.82936
1.82657
1.82595
1.82767
1.83126
1.8358
1.84026
1.84375
1.84569
1.84571
1.84363
1.83944
1.83334
1.82587
1.81791
1.81069
1.80542
1.80288
1.80319
1.8059
1.81038
1.81604
1.82248
1.82932
1.83614
1.84251
1.84805
1.85246
1.85557
1.85729
1.8576
1.85653
1.85412
1.85045
1.84569
1.84006
1.83391
1.82767
1.82176
1.81652
1.8121
1.80839
1.80514
1.80205
1.79894
1.79593
1.79341
1.79198
1.79212
1.79392
1.79702
1.80071
1.80428
1.8072
1.8093
1.81064
1.81146
1.81207
1.81272
1.81361
1.81481
1.81633
1.81809
1.81996
1.82176
1.82336
1.82461
1.82544
1.82583
1.82581
1.82547
1.82491
1.82428
1.82371
1.82329
1.82308
1.82307
1.82323
1.82347
1.82371
1.82389
1.82394
1.82384
1.82358
1.82318
1.82267
1.82208
1.82144
1.8208
1.82017
1.81958
1.81904
1.81855
1.81811
1.81772
1.81734
1.81697
1.81656
1.81609
1.81552
1.8148
1.81392
1.81284
1.81155
1.81008
1.80849
1.80691
1.80552
1.80455
1.80422
1.80471
1.80608
1.80828
1.81112
1.81435
1.8177
1.8209
1.82377
1.82617
1.82801
1.82926
1.82987
1.82983
1.82916
1.82789
1.82609
1.8239
1.82152
1.81917
1.81711
1.81547
1.81431
1.81348
1.81274
1.81178
1.81039
1.8085
1.80628
1.80409
1.80244
1.80183
1.80261
1.80491
1.80857
1.81325
1.81848
1.82377
1.82867
1.83281
1.8359
1.8377
1.83802
1.83669
1.83355
1.82846
1.82143
1.81265
1.80266
1.79244
1.78331
1.77668
1.77363
1.77443
1.77849
1.78458
1.7913
1.79756
1.80269
1.80649
1.80909
1.81076
1.81186
1.81272
1.81357
1.81456
1.81575
1.81711
1.81855
1.81999
1.82133
1.82249
1.82342
1.82409
1.82451
1.82469
1.82465
1.82445
1.82411
1.82368
1.82321
1.82274
1.8223
1.82196
1.82173
1.82165
1.82175
1.82205
1.82256
1.82329
1.82423
1.82538
1.82673
1.82826
1.82994
1.83175
1.83363
1.83553
1.83737
1.83903
1.84034
1.84109
1.84095
1.8395
1.83621
1.83057
1.82225
1.81161
1.80013
1.79059
1.78609
1.78829
1.79613
1.80667
1.81688
1.82488
1.8301
1.83276
1.83342
1.83274
1.83131
1.82968
1.82832
1.8276
1.82784
1.82919
1.83171
1.83531
1.8398
1.84491
1.85034
1.85581
1.86104
1.86582
1.86996
1.87335
1.87587
1.87745
1.87804
1.87764
1.87626
1.87401
1.87105
1.86764
1.8641
1.86073
1.85782
1.85547
1.85365
1.85221
1.85097
1.84981
1.84878
1.84806
1.84797
1.84883
1.85092
1.85434
1.85906
1.86485
1.87138
1.87825
1.88505
1.89142
1.89708
1.90182
1.90556
1.90826
1.90996
1.91069
1.91052
1.90946
1.90749
1.90452
1.90041
1.89497
1.88799
1.87943
1.86957
1.85927
1.85
1.84354
1.84121
1.84314
1.8482
1.85463
1.86081
1.86575
1.86908
1.87087
1.87141
1.87107
1.87014
1.8688
1.86707
1.86488
1.86224
1.85937
1.85687
1.85562
1.85637
1.85941
1.86429
1.87006
1.87566
1.88023
1.88328
1.88464
1.88432
1.88243
1.87909
1.87441
1.86856
1.86179
1.85451
1.84737
1.84115
1.83661
1.83426
1.83413
1.83584
1.83873
1.84215
1.84566
1.849
1.85209
1.85493
1.85752
1.85983
1.86182
1.86339
1.86448
1.86499
1.8649
1.86418
1.86286
1.861
1.85872
1.85617
1.85354
1.85106
1.84896
1.84744
1.84665
1.84665
1.84744
1.84891
1.8509
1.85324
1.85575
1.85827
1.86069
1.86291
1.86488
1.86658
1.868
1.86917
1.87009
1.87082
1.87137
1.87178
1.87206
1.87221
1.87221
1.87201
1.87152
1.87062
1.8692
1.8671
1.86419
1.8604
1.85573
1.85031
1.84445
1.83858
1.83319
1.82872
1.82542
1.82336
1.82248
1.82268
1.82391
1.82617
1.82943
1.8336
1.83847
1.84377
1.84918
1.8544
1.85917
1.86331
1.8667
1.86927
1.87099
1.87185
1.87184
1.87097
1.86923
1.86665
1.86328
1.85926
1.85485
1.85041
1.84646
1.84349
1.84193
1.84196
1.8435
1.8462
1.84962
1.85326
1.85673
1.85972
1.86203
1.86354
1.86418
1.86395
1.86295
1.86136
1.85946
1.85762
1.8562
1.85547
1.85551
1.8562
1.85721
1.85814
1.85862
1.85842
1.85753
1.85617
1.85475
1.85377
1.8537
1.85479
1.85706
1.86024
1.8639
1.86757
1.87081
1.87327
1.87476
1.87517
1.87456
1.87309
1.87106
1.86887
1.867
1.86589
1.86585
1.86696
1.86908
1.87189
1.87501
1.87808
1.88083
1.88309
1.88476
1.88582
1.88626
1.88609
1.88533
1.884
1.88216
1.87986
1.87717
1.87412
1.8707
1.8668
1.86233
1.85729
1.85203
1.84738
1.84452
1.84457
1.84796
1.85419
1.86204
1.87019
1.87765
1.88392
1.88889
1.89265
1.89538
1.89724
1.89832
1.89864
1.89815
1.89675
1.89427
1.89052
1.88533
1.87862
1.87044
1.86109
1.85114
1.84147
1.83309
1.82688
1.82321
1.82181
1.82185
1.82236
1.82263
1.82248
1.82225
1.82257
1.82405
1.82698
1.8312
1.83622
1.84144
1.84635
1.85073
1.85459
1.85808
1.86134
1.86437
1.86708
1.86928
1.87078
1.87144
1.87119
1.87005
1.86807
1.86538
1.86214
1.85855
1.85489
1.85145
1.84853
1.84635
1.84504
1.84459
1.84487
1.84573
1.84697
1.84842
1.84989
1.85125
1.85235
1.85309
1.85344
1.85338
1.85299
1.85238
1.85168
1.85104
1.85059
1.8504
1.8505
1.85081
1.85122
1.85161
1.85189
1.85205
1.85214
1.85226
1.8525
1.8529
1.85337
1.85376
1.85386
1.85345
1.85235
1.85049
1.84788
1.84466
1.84108
1.8375
1.83437
1.83212
1.83112
1.83154
1.83332
1.83613
1.83943
1.84261
1.84511
1.84648
1.8465
1.84513
1.8426
1.83935
1.83595
1.83298
1.83082
1.82951
1.82875
1.82795
1.82652
1.82412
1.8208
1.81705
1.81375
1.81178
1.81166
1.81331
1.81602
1.81882
1.82085
1.82157
1.82086
1.81896
1.81631
1.8135
1.8111
1.80956
1.80914
1.80987
1.81157
1.81396
1.8167
1.81948
1.82207
1.82436
1.8263
1.82793
1.82931
1.8305
1.83158
1.83259
1.83356
1.83449
1.83538
1.83622
1.83702
1.83775
1.83843
1.83902
1.83953
1.83993
1.84017
1.8402
1.83994
1.83928
1.83812
1.83629
1.83367
1.83011
1.82556
1.82006
1.81385
1.80739
1.80139
1.79669
1.79411
1.7942
1.79705
1.80223
1.809
1.81647
1.82385
1.83057
1.83634
1.84102
1.84467
1.84736
1.84925
1.85046
1.85111
1.85129
1.85109
1.85057
1.84978
1.84877
1.8476
1.84632
1.84503
1.84383
1.84284
1.84218
1.84196
1.84222
1.84297
1.84415
1.84565
1.84734
1.84909
1.85079
1.85236
1.85375
1.85493
1.8559
1.85663
1.85708
1.85715
1.85674
1.8557
1.8539
1.85128
1.84795
1.84427
1.84088
1.8386
1.83821
1.84013
1.84424
1.84983
1.8559
1.86139
1.86546
1.86755
1.86743
1.86518
1.86125
1.85637
1.85158
1.84795
1.84637
1.84725
1.85048
1.85546
1.86137
1.86741
1.87298
1.87771
1.88143
1.88415
1.88598
1.88707
1.8876
1.88774
1.8876
1.88725
1.88667
1.88578
1.88444
1.88258
1.79774
1.79516
1.79277
1.7911
1.79063
1.79162
1.794
1.79738
1.80122
1.80499
1.80828
1.81088
1.81272
1.81385
1.81438
1.81446
1.81426
1.81391
1.81355
1.81327
1.81313
1.81315
1.81333
1.81363
1.81401
1.81442
1.81484
1.81524
1.8156
1.8159
1.81614
1.81627
1.81625
1.81603
1.81558
1.81486
1.81388
1.81268
1.81136
1.81002
1.80879
1.80776
1.80699
1.80644
1.80598
1.80541
1.8045
1.80302
1.80082
1.79786
1.79423
1.79009
1.78565
1.78114
1.77681
1.77295
1.77004
1.76871
1.76961
1.77315
1.77923
1.78716
1.79594
1.80461
1.81247
1.81918
1.8247
1.82916
1.83271
1.83551
1.83764
1.83915
1.84003
1.84027
1.83984
1.83876
1.83703
1.83471
1.83187
1.82861
1.82503
1.82119
1.81708
1.8126
1.8076
1.80191
1.79553
1.78881
1.78252
1.77788
1.77611
1.77789
1.78299
1.79037
1.79868
1.80679
1.81398
1.82001
1.8249
1.82883
1.83202
1.83471
1.83708
1.83927
1.84135
1.84333
1.8452
1.84686
1.84822
1.84918
1.84965
1.84957
1.84888
1.84756
1.84562
1.84311
1.84013
1.83686
1.83354
1.83046
1.82795
1.82625
1.8255
1.82571
1.82677
1.82853
1.83081
1.83343
1.8362
1.83887
1.84116
1.84276
1.84334
1.84268
1.84066
1.83737
1.83318
1.82876
1.82501
1.8228
1.82276
1.82491
1.82874
1.8334
1.83802
1.84194
1.84479
1.84647
1.84702
1.8466
1.84543
1.84373
1.84171
1.83957
1.83748
1.83556
1.83387
1.83242
1.83117
1.83004
1.82891
1.82767
1.82617
1.82428
1.82182
1.81857
1.81428
1.80874
1.80187
1.79399
1.78603
1.77959
1.77653
1.77811
1.78424
1.7935
1.8039
1.81373
1.82198
1.82825
1.8326
1.83524
1.83647
1.83657
1.83577
1.83426
1.83222
1.82979
1.82709
1.82424
1.82135
1.81851
1.81582
1.81337
1.81122
1.80943
1.80807
1.80716
1.80674
1.80682
1.80735
1.80825
1.80937
1.81048
1.81137
1.81182
1.8117
1.81096
1.80969
1.80808
1.80634
1.80467
1.80319
1.80193
1.8009
1.80008
1.79952
1.79929
1.79949
1.80015
1.80122
1.80261
1.80421
1.80596
1.80786
1.80994
1.81223
1.81473
1.81735
1.81991
1.82226
1.82423
1.82569
1.8266
1.82695
1.82678
1.82617
1.8252
1.82398
1.82259
1.82109
1.81952
1.81792
1.81625
1.8145
1.81263
1.81057
1.80827
1.80568
1.80279
1.79956
1.79604
1.79226
1.7883
1.7843
1.78041
1.77681
1.7737
1.77125
1.7696
1.76881
1.76886
1.76963
1.77093
1.77251
1.77414
1.7756
1.77673
1.77742
1.77763
1.7773
1.77638
1.77474
1.7722
1.76851
1.76348
1.75711
1.74969
1.74196
1.73504
1.73019
1.72835
1.72978
1.73402
1.74006
1.74684
1.75347
1.75938
1.7643
1.76815
1.77098
1.77289
1.77404
1.77455
1.77456
1.77418
1.77352
1.77268
1.77173
1.77073
1.76972
1.76873
1.76778
1.76689
1.76608
1.76537
1.76478
1.76432
1.76401
1.76387
1.76389
1.76403
1.76426
1.76452
1.76473
1.76482
1.76472
1.76436
1.76369
1.76268
1.76131
1.75959
1.75754
1.75524
1.75274
1.75016
1.74757
1.74505
1.74266
1.74041
1.73834
1.73651
1.73509
1.73433
1.73455
1.73602
1.73885
1.74288
1.74776
1.75299
1.75809
1.76269
1.76656
1.76961
1.77181
1.77321
1.77387
1.77384
1.77316
1.77187
1.76998
1.76749
1.76442
1.76079
1.75663
1.75201
1.74706
1.74193
1.73679
1.73181
1.72713
1.72284
1.71894
1.71542
1.71226
1.70952
1.70731
1.7058
1.70519
1.70558
1.70702
1.70937
1.71243
1.7159
1.7195
1.72294
1.72605
1.72867
1.73073
1.73222
1.73314
1.73356
1.73355
1.73321
1.73269
1.73213
1.73168
1.73151
1.73172
1.73239
1.73354
1.7351
1.73699
1.73908
1.74123
1.74334
1.7453
1.74703
1.74848
1.74961
1.75038
1.75077
1.75074
1.75025
1.74928
1.74779
1.74577
1.74323
1.74023
1.73689
1.73341
1.73006
1.72715
1.72498
1.72377
1.7236
1.72438
1.72584
1.72763
1.72937
1.7307
1.73133
1.73106
1.72975
1.72732
1.72382
1.71943
1.71454
1.70972
1.70563
1.70287
1.70169
1.70196
1.7032
1.70483
1.70641
1.70772
1.70882
1.70986
1.71107
1.71256
1.71433
1.71629
1.71832
1.72027
1.72208
1.72372
1.7252
1.72656
1.72787
1.72916
1.73045
1.73175
1.73304
1.73431
1.73553
1.73669
1.73775
1.7387
1.73953
1.74022
1.74079
1.74121
1.7415
1.74165
1.74167
1.74155
1.7413
1.74092
1.74041
1.73977
1.73901
1.73812
1.73712
1.73602
1.73483
1.73356
1.73223
1.73085
1.72942
1.72793
1.72639
1.72478
1.72309
1.72131
1.71947
1.71763
1.71587
1.71435
1.71323
1.71268
1.71285
1.7138
1.71548
1.71773
1.72032
1.72293
1.72524
1.72693
1.72772
1.72736
1.72568
1.72257
1.71804
1.71231
1.7058
1.6992
1.69339
1.68924
1.68736
1.68788
1.69038
1.69414
1.69836
1.7024
1.70587
1.70863
1.71069
1.71218
1.71326
1.71411
1.71491
1.71578
1.71678
1.71789
1.71907
1.72025
1.72135
1.72232
1.72312
1.72371
1.72407
1.72417
1.72399
1.72353
1.72281
1.72187
1.72078
1.71958
1.71835
1.71712
1.71591
1.71471
1.71351
1.71231
1.71107
1.7097
1.70803
1.70575
1.70246
1.6978
1.69178
1.68512
1.67946
1.67692
1.6791
1.68602
1.6961
1.70714
1.71732
1.72568
1.73202
1.73654
1.73959
1.74152
1.74262
1.7431
1.74311
1.74275
1.7421
1.74121
1.74015
1.73897
1.73772
1.73646
1.73524
1.73409
1.73302
1.73202
1.73105
1.73005
1.72897
1.72779
1.72651
1.72519
1.72392
1.72283
1.72204
1.72162
1.72164
1.72207
1.72288
1.72399
1.72533
1.72684
1.72851
1.73032
1.73227
1.73435
1.73655
1.73884
1.74117
1.74351
1.74579
1.748
1.75012
1.75213
1.75404
1.75586
1.75761
1.75929
1.76092
1.76251
1.76405
1.76552
1.7669
1.76814
1.76921
1.77008
1.77075
1.77122
1.77154
1.77176
1.77196
1.77225
1.77271
1.77341
1.77436
1.77551
1.77673
1.77785
1.77867
1.77896
1.77854
1.7773
1.77519
1.7723
1.76881
1.76506
1.76151
1.75867
1.75705
1.75703
1.75869
1.76181
1.76594
1.77048
1.77495
1.779
1.7825
1.78546
1.78802
1.79035
1.79256
1.79473
1.79685
1.79885
1.80065
1.80214
1.80322
1.80385
1.804
1.80366
1.80283
1.80146
1.79952
1.79696
1.7938
1.79015
1.78629
1.7827
1.77995
1.77865
1.77925
1.78193
1.78649
1.79241
1.79898
1.80551
1.8114
1.81628
1.81996
1.82241
1.82367
1.82386
1.82307
1.82141
1.81897
1.81585
1.81217
1.80809
1.80382
1.79966
1.79596
1.79311
1.79146
1.79126
1.79259
1.79532
1.79918
1.80377
1.80865
1.81341
1.81771
1.82128
1.82397
1.82573
1.82658
1.82661
1.82598
1.8249
1.8236
1.82233
1.8213
1.8207
1.82064
1.82113
1.82214
1.82352
1.82512
1.82674
1.82823
1.82945
1.8303
1.83073
1.83067
1.83005
1.82874
1.82659
1.82342
1.81908
1.81355
1.80701
1.79986
1.79271
1.78627
1.78114
1.77768
1.77601
1.77596
1.77728
1.77967
1.78283
1.78651
1.7905
1.79459
1.79863
1.80251
1.80611
1.80934
1.81205
1.81403
1.81498
1.81448
1.81207
1.80728
1.80001
1.79085
1.78154
1.77476
1.77304
1.77728
1.7861
1.79683
1.80702
1.81525
1.82106
1.82457
1.82611
1.82597
1.8244
1.82152
1.81745
1.81226
1.80604
1.79897
1.79127
1.78326
1.77531
1.76785
1.76127
1.75598
1.75231
1.75052
1.75066
1.75261
1.75597
1.76025
1.76489
1.76946
1.77365
1.77729
1.78033
1.78279
1.78475
1.78629
1.78755
1.78864
1.78972
1.79087
1.79218
1.79365
1.79521
1.79675
1.79811
1.7991
1.79954
1.79927
1.79811
1.79595
1.79267
1.78822
1.78261
1.77596
1.76861
1.76123
1.75488
1.75086
1.75032
1.75371
1.76044
1.76916
1.77834
1.78679
1.79386
1.7994
1.80353
1.80651
1.80866
1.81024
1.8115
1.8126
1.81369
1.81487
1.81617
1.81761
1.81917
1.82079
1.82239
1.82384
1.82497
1.82561
1.8255
1.82434
1.82176
1.8173
1.81035
1.80019
1.78608
1.76764
1.74574
1.72378
1.7079
1.70423
1.71411
1.73291
1.75397
1.77267
1.78732
1.79807
1.80572
1.81108
1.81482
1.8174
1.81916
1.82031
1.821
1.82133
1.82137
1.82119
1.82081
1.82028
1.81963
1.81888
1.81808
1.81726
1.81646
1.81571
1.81507
1.81454
1.81417
1.81395
1.8139
1.81401
1.81429
1.81473
1.81533
1.81609
1.81698
1.81793
1.81885
1.81955
1.81982
1.81937
1.81787
1.81499
1.81044
1.80402
1.79573
1.78585
1.77497
1.76399
1.75394
1.74587
1.74061
1.73875
1.74053
1.74576
1.7537
1.76318
1.77288
1.78168
1.7889
1.79428
1.79793
1.8002
1.80152
1.80233
1.80296
1.8036
1.80429
1.80494
1.80541
1.80551
1.80513
1.80419
1.80269
1.80073
1.79845
1.79604
1.79371
1.79164
1.78992
1.78855
1.78747
1.78655
1.78562
1.78455
1.78325
1.78166
1.77977
1.77764
1.77532
1.77296
1.77074
1.76893
1.76785
1.76781
1.76902
1.77147
1.77498
1.77918
1.78363
1.78794
1.79183
1.79512
1.79775
1.79972
1.80107
1.80186
1.80218
1.80207
1.80159
1.80082
1.7998
1.79861
1.79731
1.79598
1.79469
1.79351
1.7925
1.7917
1.79111
1.79072
1.79048
1.79033
1.79019
1.78996
1.78955
1.78886
1.78781
1.78635
1.78449
1.78236
1.78023
1.77849
1.77763
1.77801
1.77975
1.78267
1.7863
1.79014
1.79376
1.7969
1.79948
1.80151
1.80307
1.80426
1.80521
1.80606
1.80083
1.80193
1.80335
1.8051
1.80713
1.80934
1.81163
1.81392
1.81619
1.81842
1.82066
1.82293
1.82528
1.82772
1.83024
1.83282
1.83543
1.83802
1.84055
1.84298
1.84526
1.84735
1.84922
1.85083
1.85215
1.85312
1.85372
1.85388
1.85359
1.85282
1.85156
1.84982
1.84763
1.84502
1.842
1.83851
1.83441
1.82947
1.82343
1.8161
1.80757
1.79828
1.78912
1.7812
1.77556
1.77273
1.77263
1.77461
1.77777
1.78131
1.78478
1.78812
1.79152
1.79523
1.7994
1.804
1.80881
1.81349
1.81762
1.82077
1.82253
1.82257
1.82068
1.81689
1.81151
1.80519
1.79886
1.79357
1.7902
1.78919
1.79041
1.79327
1.79696
1.80071
1.80391
1.80624
1.80755
1.80787
1.8073
1.80598
1.80406
1.80171
1.79907
1.79632
1.79361
1.79106
1.7888
1.78686
1.78523
1.78386
1.78263
1.78144
1.78016
1.77871
1.77701
1.77504
1.77278
1.77024
1.76745
1.76444
1.76124
1.75791
1.75449
1.75102
1.74756
1.74417
1.74091
1.73784
1.73502
1.73254
1.73046
1.72891
1.72802
1.72789
1.72864
1.73027
1.7327
1.73571
1.73905
1.7424
1.74549
1.7481
1.75008
1.75131
1.75174
1.75135
1.75013
1.74813
1.7454
1.74209
1.73838
1.73456
1.73093
1.7278
1.7254
1.72381
1.72299
1.72274
1.72283
1.72302
1.72314
1.72309
1.72283
1.72234
1.7216
1.72056
1.71913
1.71717
1.7145
1.71095
1.70635
1.70063
1.69384
1.68632
1.67884
1.67261
1.66901
1.66909
1.67294
1.67964
1.68773
1.69582
1.703
1.70888
1.71343
1.71675
1.71897
1.72017
1.72037
1.71959
1.71789
1.71545
1.71263
1.70997
1.70808
1.70756
1.70872
1.71154
1.71566
1.72052
1.72557
1.73039
1.73471
1.73843
1.74155
1.74411
1.74615
1.74772
1.74884
1.74946
1.74954
1.74898
1.74765
1.74541
1.74214
1.73774
1.73219
1.72555
1.71802
1.7099
1.70155
1.69344
1.68599
1.67963
1.67462
1.67108
1.66895
1.66815
1.6686
1.67034
1.67338
1.67768
1.68308
1.68927
1.69586
1.70246
1.70873
1.71441
1.71937
1.72359
1.72716
1.73021
1.73289
1.73534
1.73765
1.73983
1.7418
1.74342
1.74451
1.74485
1.74427
1.74264
1.73995
1.73638
1.73232
1.72837
1.72525
1.72361
1.7238
1.72571
1.72888
1.73267
1.73649
1.73992
1.74274
1.74494
1.74656
1.74774
1.74859
1.74923
1.74973
1.75017
1.75057
1.75097
1.75138
1.75181
1.75226
1.75273
1.75322
1.75373
1.75427
1.75485
1.75547
1.75614
1.75689
1.75773
1.75871
1.75985
1.76118
1.76274
1.76454
1.76657
1.76882
1.77126
1.77385
1.77654
1.77927
1.78197
1.78458
1.78701
1.78916
1.79096
1.79232
1.79324
1.79373
1.79393
1.79403
1.7943
1.79501
1.79637
1.79844
1.80114
1.80425
1.80748
1.81056
1.81324
1.81536
1.81682
1.81752
1.81738
1.81624
1.81392
1.81018
1.8048
1.79769
1.78906
1.77964
1.77076
1.7641
1.76121
1.76285
1.76866
1.77745
1.78772
1.79814
1.80779
1.81617
1.82308
1.82854
1.8327
1.83583
1.83827
1.84041
1.84265
1.8453
1.84851
1.85225
1.85636
1.86056
1.86455
1.86806
1.87089
1.87287
1.87392
1.87399
1.87306
1.87114
1.86829
1.86463
1.86036
1.85575
1.85116
1.84699
1.8436
1.84124
1.84004
1.83992
1.84068
1.84207
1.84379
1.84562
1.84737
1.84891
1.85019
1.85116
1.85185
1.85226
1.85243
1.85239
1.85218
1.85182
1.85133
1.85074
1.85006
1.84933
1.84859
1.84788
1.84721
1.84657
1.8459
1.84506
1.84389
1.84218
1.8397
1.83629
1.83186
1.82645
1.82029
1.8138
1.80749
1.80195
1.7978
1.79566
1.79604
1.79913
1.80462
1.81185
1.82008
1.82865
1.83706
1.84483
1.85153
1.85679
1.86039
1.86225
1.86245
1.86113
1.85846
1.85452
1.84933
1.84279
1.83475
1.82507
1.8139
1.80184
1.79011
1.78033
1.77392
1.77145
1.77231
1.77517
1.77865
1.78183
1.78431
1.78611
1.78748
1.78876
1.79027
1.79224
1.7948
1.79789
1.80133
1.80486
1.80817
1.81095
1.81293
1.8139
1.81373
1.81238
1.80995
1.80669
1.80305
1.79963
1.79704
1.79577
1.796
1.79755
1.79997
1.80267
1.80512
1.80693
1.80788
1.80789
1.80699
1.80526
1.80286
1.80001
1.79695
1.79399
1.79146
1.78965
1.78879
1.78897
1.79016
1.79215
1.79468
1.7974
1.80002
1.80228
1.80402
1.80514
1.80563
1.80553
1.80493
1.80398
1.80281
1.80161
1.80054
1.79976
1.79936
1.79937
1.79979
1.80052
1.80144
1.80241
1.80334
1.80412
1.80473
1.80522
1.80567
1.80622
1.80704
1.80828
1.81005
1.81238
1.81519
1.81831
1.8215
1.82447
1.827
1.82892
1.83024
1.83109
1.83177
1.8326
1.83385
1.83567
1.83799
1.84064
1.84341
1.8461
1.84862
1.85097
1.85317
1.85526
1.85725
1.8591
1.86073
1.86204
1.86289
1.86321
1.86294
1.86213
1.86088
1.85938
1.85787
1.85657
1.85566
1.85521
1.8552
1.8555
1.85593
1.85626
1.85636
1.8561
1.85544
1.85436
1.85282
1.8508
1.84826
1.84524
1.84182
1.83816
1.83448
1.83102
1.82802
1.82571
1.82426
1.82381
1.82438
1.82592
1.8283
1.83131
1.83474
1.83841
1.8422
1.84601
1.84975
1.85335
1.85669
1.85963
1.86206
1.86385
1.86491
1.86516
1.86457
1.86311
1.86077
1.85754
1.85344
1.84848
1.84275
1.83637
1.82963
1.82299
1.81708
1.81264
1.81031
1.81034
1.81252
1.81621
1.8206
1.82492
1.82863
1.83143
1.83322
1.83401
1.83389
1.83298
1.83142
1.82934
1.8269
1.82424
1.82153
1.81893
1.81657
1.81453
1.81281
1.81137
1.81006
1.8087
1.80709
1.80502
1.80234
1.7989
1.79464
1.78957
1.78384
1.77774
1.77175
1.76648
1.76258
1.76055
1.76058
1.76251
1.7659
1.77021
1.77492
1.77961
1.78399
1.78786
1.7911
1.79366
1.79551
1.79669
1.79726
1.79731
1.79693
1.79624
1.79535
1.79434
1.79328
1.79219
1.79104
1.78979
1.78836
1.78676
1.78507
1.78353
1.78243
1.78211
1.78276
1.78436
1.78667
1.78927
1.79166
1.79342
1.7942
1.79384
1.7923
1.78966
1.78616
1.78212
1.77792
1.774
1.77069
1.76822
1.7666
1.76567
1.7651
1.76454
1.76377
1.76275
1.76168
1.76097
1.76111
1.7625
1.76531
1.76936
1.77423
1.77936
1.78415
1.78819
1.79122
1.79315
1.79405
1.79406
1.7934
1.79232
1.79105
1.78984
1.78887
1.7883
1.78821
1.7886
1.78944
1.79063
1.79203
1.7935
1.7949
1.79611
1.79702
1.79757
1.79769
1.79737
1.7966
1.7954
1.79378
1.79181
1.78952
1.78699
1.7843
1.78153
1.77881
1.77628
1.77414
1.77257
1.7718
1.77197
1.77316
1.77532
1.77831
1.78192
1.7859
1.79001
1.79406
1.79787
1.80133
1.80436
1.8069
1.8089
1.81035
1.81125
1.81162
1.81152
1.81102
1.81021
1.8092
1.8081
1.80704
1.8061
1.80537
1.8049
1.8047
1.80477
1.80507
1.80553
1.80608
1.80666
1.80719
1.80761
1.80786
1.8079
1.8077
1.8072
1.80637
1.80516
1.8035
1.80134
1.79864
1.79535
1.79152
1.78722
1.78262
1.77799
1.77364
1.76996
1.76733
1.76609
1.76645
1.76847
1.77203
1.77684
1.78249
1.78852
1.79454
1.80017
1.8052
1.80948
1.81296
1.81563
1.81754
1.81875
1.81933
1.81937
1.81892
1.81808
1.81689
1.81545
1.81383
1.81208
1.81028
1.80843
1.80655
1.80455
1.80232
1.79969
1.79644
1.79239
1.78743
1.78168
1.7755
1.76951
1.7644
1.76064
1.75819
1.75643
1.7544
1.75121
1.74635
1.73994
1.73263
1.72553
1.71982
1.71641
1.71569
1.71748
1.72116
1.72596
1.73115
1.73625
1.74104
1.74552
1.74982
1.75411
1.75848
1.76293
1.76741
1.77181
1.77603
1.78
1.78366
1.78697
1.78988
1.79234
1.79433
1.79581
1.79675
1.79715
1.79704
1.79648
1.79556
1.7944
1.79315
1.79199
1.79109
1.79059
1.79062
1.7912
1.79234
1.79394
1.7959
1.79806
1.80026
1.80236
1.80421
1.80568
1.80665
1.80702
1.80667
1.8055
1.80345
1.80045
1.79651
1.79168
1.78612
1.78005
1.77379
1.76769
1.76218
1.75773
1.75486
1.75408
1.75574
1.75986
1.76603
1.77349
1.78132
1.78871
1.7951
1.80024
1.8041
1.80684
1.80866
1.80981
1.8105
1.8109
1.81115
1.81131
1.81146
1.81159
1.81173
1.81188
1.81202
1.81216
1.81232
1.81252
1.81276
1.81309
1.81354
1.81415
1.81496
1.81601
1.81735
1.81903
1.82107
1.82349
1.82625
1.8293
1.83256
1.83592
1.83925
1.84243
1.84531
1.84779
1.84974
1.85103
1.85154
1.85115
1.8497
1.84707
1.84316
1.83791
1.8314
1.82386
1.81568
1.8074
1.79954
1.79245
1.78622
1.7808
1.77618
1.77264
1.77073
1.77108
1.77402
1.77938
1.7864
1.794
1.80101
1.80652
1.81
1.8114
1.81117
1.81006
1.80901
1.80884
1.81002
1.81261
1.81634
1.82076
1.82542
1.82997
1.83413
1.83775
1.84075
1.84312
1.84491
1.84618
1.84703
1.84757
1.84789
1.84805
1.84811
1.8481
1.84801
1.84783
1.84755
1.84712
1.84652
1.84572
1.84468
1.8434
1.84187
1.84011
1.83813
1.83598
1.83371
1.83135
1.82892
1.82638
1.82365
1.82049
1.81657
1.81134
1.80416
1.79439
1.78184
1.76747
1.754
1.7455
1.74529
1.75347
1.76682
1.78115
1.79355
1.80286
1.80912
1.81289
1.81478
1.81531
1.81487
1.81372
1.81204
1.80996
1.80758
1.80503
1.80242
1.79991
1.79763
1.79572
1.79425
1.79321
1.7925
1.79196
1.79141
1.79069
1.78977
1.78873
1.7878
