-4.71444
-4.7141
-4.71371
-4.71296
-4.71139
-4.70865
-4.70656
-4.70193
-4.6981
-4.69389
-4.69059
-4.68801
-4.6863
-4.68427
-4.68491
-4.68626
-4.68794
-4.68932
-4.69139
-4.69396
-4.69554
-4.69817
-4.6988
-4.69986
-4.70004
-4.70046
-4.69982
-4.70088
-4.69993
-4.70018
-4.70028
-4.6995
-4.69873
-4.69872
-4.69961
-4.69945
-4.69839
-4.69798
-4.6978
-4.69727
-4.6973
-4.69807
-4.6982
-4.69934
-4.69993
-4.69931
-4.70072
-4.70048
-4.70055
-4.70094
-4.70153
-4.70206
-4.7024
-4.70168
-4.70099
-4.70126
-4.70177
-4.70131
-4.7014
-4.70154
-4.70188
-4.70175
-4.7019
-4.70184
-4.70142
-4.7011
-4.70074
-4.70049
-4.70082
-4.70068
-4.70021
-4.70003
-4.7003
-4.70029
-4.69988
-4.70029
-4.70051
-4.70035
-4.70114
-4.70116
-4.70158
-4.70149
-4.70135
-4.70149
-4.7016
-4.70215
-4.7013
-4.70074
-4.70127
-4.70079
-4.70025
-4.69979
-4.69985
-4.70008
-4.70105
-4.70138
-4.70088
-4.70047
-4.70075
-4.7005
-4.69959
-4.69968
-4.69944
-4.69994
-4.70002
-4.70032
-4.69979
-4.70011
-4.70006
-4.70082
-4.70024
-4.70087
-4.70193
-4.70252
-4.70173
-4.70258
-4.70311
-4.70424
-4.70412
-4.70395
-4.70341
-4.70324
-4.70288
-4.70283
-4.70317
-4.70291
-4.70358
-4.70348
-4.70387
-4.70391
-4.70427
-4.70445
-4.70341
-4.70482
-4.70406
-4.70437
-4.70444
-4.70399
-4.70377
-4.70362
-4.70349
-4.70381
-4.70395
-4.70359
-4.70365
-4.70367
-4.70368
-4.70311
-4.70228
-4.70196
-4.70187
-4.70305
-4.70306
-4.70275
-4.70316
-4.70305
-4.70244
-4.70181
-4.7015
-4.70122
-4.70161
-4.70235
-4.70176
-4.70209
-4.70224
-4.70248
-4.70324
-4.70374
-4.70309
-4.70266
-4.70277
-4.70229
-4.70156
-4.70139
-4.70032
-4.70072
-4.7012
-4.70242
-4.70269
-4.70304
-4.70291
-4.70356
-4.70352
-4.70312
-4.70369
-4.70397
-4.70434
-4.70491
-4.70473
-4.70443
-4.70419
-4.70302
-4.70353
-4.70333
-4.70289
-4.70297
-4.70263
-4.70231
-4.70412
-4.70353
-4.70342
-4.70246
-4.70232
-4.70178
-4.70131
-4.70161
-4.70189
-4.70212
-4.70255
-4.70453
-4.70534
-4.70529
-4.70471
-4.70439
-4.70343
-4.70264
-4.70264
-4.70223
-4.7019
-4.70258
-4.70336
-4.70288
-4.70291
-4.70373
-4.7041
-4.70351
-4.70348
-4.70371
-4.70389
-4.70362
-4.7041
-4.70384
-4.7036
-4.70291
-4.70357
-4.70314
-4.70312
-4.70291
-4.7025
-4.70177
-4.70135
-4.7011
-4.70073
-4.70043
-4.70093
-4.70193
-4.70175
-4.70202
-4.70258
-4.70264
-4.70264
-4.70304
-4.7028
-4.70298
-4.70241
-4.70231
-4.7027
-4.70283
-4.70312
-4.70358
-4.70388
-4.70418
-4.70494
-4.7054
-4.70436
-4.70408
-4.7041
-4.70398
-4.70385
-4.70314
-4.70319
-4.70403
-4.7043
-4.70534
-4.70577
-4.70438
-4.70429
-4.70491
-4.70578
-4.70677
-4.70653
-4.7066
-4.70607
-4.70556
-4.70566
-4.70517
-4.70453
-4.70362
-4.70322
-4.70378
-4.70468
-4.70498
-4.70492
-4.70507
-4.70437
-4.70345
-4.70231
-4.70219
-4.70144
-4.70127
-4.7008
-4.70007
-4.69957
-4.69878
-4.69849
-4.6981
-4.69817
-4.69798
-4.69848
-4.69941
-4.69892
-4.70004
-4.69994
-4.69945
-4.69952
-4.70052
-4.69978
-4.69961
-4.69942
-4.69935
-4.69938
-4.69888
-4.69854
-4.69925
-4.70007
-4.69963
-4.69928
-4.69932
-4.69961
-4.69909
-4.6999
-4.70086
-4.70122
-4.701
-4.70125
-4.70167
-4.70103
-4.70187
-4.70174
-4.70125
-4.70072
-4.70035
-4.7008
-4.70135
-4.70187
-4.70146
-4.70205
-4.70239
-4.70273
-4.70348
-4.70445
-4.70472
-4.70442
-4.70569
-4.70523
-4.70366
-4.70193
-4.70172
-4.70187
-4.70225
-4.70226
-4.70176
-4.70252
-4.70346
-4.70428
-4.70389
-4.70454
-4.70457
-4.70441
-4.7042
-4.70422
-4.70446
-4.70494
-4.70521
-4.70589
-4.7058
-4.70463
-4.70468
-4.7043
-4.7038
-4.70335
-4.70373
-4.70341
-4.70346
-4.70308
-4.7033
-4.7029
-4.70305
-4.70225
-4.70176
-4.70097
-4.70143
-4.70223
-4.70349
-4.70308
-4.70341
-4.70294
-4.70337
-4.7026
-4.70233
-4.70334
-4.70276
-4.70283
-4.70277
-4.70313
-4.70374
-4.70386
-4.70455
-4.70434
-4.7052
-4.70577
-4.70559
-4.70539
-4.70531
-4.70442
-4.70495
-4.70465
-4.70502
-4.70443
-4.70382
-4.70322
-4.70326
-4.70245
-4.70199
-4.70245
-4.70229
-4.70135
-4.70051
-4.70026
-4.7003
-4.70101
-4.70092
-4.70115
-4.70173
-4.70265
-4.70235
-4.70283
-4.70296
-4.70294
-4.7032
-4.70314
-4.70356
-4.70403
-4.70323
-4.70239
-4.70243
-4.70097
-4.7015
-4.70178
-4.70214
-4.70288
-4.70217
-4.70193
-4.70229
-4.702
-4.70151
-4.70174
-4.70195
-4.70216
-4.70269
-4.70202
-4.70167
-4.70025
-4.70064
-4.69951
-4.69914
-4.70002
-4.70049
-4.70014
-4.69941
-4.70055
-4.70007
-4.70078
-4.70085
-4.70086
-4.70036
-4.70118
-4.70122
-4.70094
-4.69884
-4.69929
-4.69926
-4.6992
-4.69927
-4.6993
-4.69945
-4.69943
-4.69925
-4.69921
-4.6984
-4.69863
-4.69856
-4.69865
-4.69907
-4.69892
-4.69899
-4.69839
-4.69848
-4.69864
-4.6984
-4.69896
-4.69878
-4.69966
-4.69978
-4.70065
-4.7015
-4.70261
-4.70336
-4.70328
-4.70281
-4.70288
-4.70198
-4.70241
-4.70253
-4.70219
-4.7008
-4.70016
-4.69982
-4.69933
-4.69961
-4.69964
-4.69987
-4.69897
-4.69921
-4.69921
-4.69987
-4.69993
-4.70105
-4.7014
-4.70187
-4.7017
-4.70193
-4.70149
-4.70081
-4.70081
-4.7006
-4.70067
-4.70076
-4.70058
-4.70048
-4.70074
-4.70093
-4.70028
-4.70059
-4.70018
-4.70114
-4.70086
-4.70084
-4.70181
-4.70272
-4.7024
-4.70193
-4.70256
-4.70246
-4.70312
-4.70224
-4.70102
-4.70034
-4.70007
-4.69946
-4.69868
-4.69853
-4.69751
-4.69728
-4.69738
-4.6969
-4.69779
-4.69807
-4.69866
-4.69787
-4.69903
-4.69957
-4.69934
-4.69896
-4.69935
-4.69975
-4.69956
-4.69941
-4.69897
-4.6981
-4.6983
-4.69896
-4.69856
-4.69923
-4.69962
-4.6988
-4.6977
-4.6981
-4.69759
-4.69856
-4.69907
-4.69881
-4.70022
-4.69983
-4.6996
-4.69968
-4.7002
-4.69963
-4.69979
-4.69978
-4.69901
-4.69918
-4.69954
-4.6995
-4.69982
-4.69955
-4.69955
-4.69992
-4.69958
-4.69959
-4.6986
-4.6977
-4.69754
-4.69813
-4.69861
-4.69852
-4.69863
-4.69819
-4.69842
-4.69842
-4.69864
-4.69786
-4.6979
-4.69751
-4.69727
-4.69701
-4.69702
-4.69669
-4.69556
-4.69562
-4.6958
-4.69627
-4.69658
-4.69674
-4.69783
-4.69802
-4.69897
-4.69915
-4.69974
-4.69981
-4.69997
-4.69962
-4.69924
-4.69901
-4.69927
-4.69897
-4.6998
-4.69995
-4.6997
-4.7001
-4.69991
-4.70003
-4.70133
-4.70216
-4.70249
-4.70173
-4.70139
-4.70102
-4.70063
-4.69936
-4.69962
-4.69977
-4.69982
-4.70022
-4.7008
-4.7014
-4.70214
-4.70256
-4.70328
-4.7037
-4.70382
-4.70378
-4.70388
-4.70424
-4.70365
-4.70332
-4.7031
-4.70211
-4.70143
-4.70213
-4.70106
-4.70003
-4.69979
-4.69987
-4.69977
-4.69964
-4.69959
-4.69993
-4.69961
-4.69926
-4.6986
-4.69828
-4.69742
-4.6983
-4.69896
-4.69984
-4.69988
-4.7007
-4.70029
-4.70043
-4.70036
-4.70038
-4.70096
-4.69938
-4.69913
-4.69915
-4.69929
-4.69968
-4.70004
-4.70038
-4.69935
-4.69926
-4.69955
-4.69948
-4.69984
-4.70032
-4.70103
-4.70163
-4.70219
-4.7021
-4.70239
-4.70279
-4.70241
-4.70276
-4.70155
-4.70104
-4.70139
-4.70081
-4.70114
-4.70092
-4.70045
-4.7005
-4.7015
-4.70132
-4.70234
-4.70197
-4.70171
-4.70232
-4.702
-4.70151
-4.70044
-4.70028
-4.70001
-4.70051
-4.70011
-4.70137
-4.7017
-4.70184
-4.70208
-4.7021
-4.70147
-4.70124
-4.70142
-4.70174
-4.70103
-4.70127
-4.70161
-4.70146
-4.70082
-4.70102
-4.70142
-4.70259
-4.70356
-4.70433
-4.70443
-4.70477
-4.70478
-4.70462
-4.70538
-4.70541
-4.70577
-4.70647
-4.7066
-4.70626
-4.70559
-4.70515
-4.70491
-4.70456
-4.70456
-4.7033
-4.70188
-4.70114
-4.69993
-4.69966
-4.69912
-4.69946
-4.69937
-4.69982
-4.70018
-4.70016
-4.70057
-4.70054
-4.70173
-4.70092
-4.70232
-4.70255
-4.70223
-4.70199
-4.70201
-4.70218
-4.70177
-4.70126
-4.7014
-4.70127
-4.70116
-4.70151
-4.70079
-4.70099
-4.7014
-4.70101
-4.70091
-4.70127
-4.70174
-4.70286
-4.70317
-4.70338
-4.70375
-4.70399
-4.70303
-4.70256
-4.70229
-4.70121
-4.70072
-4.7004
-4.70014
-4.70042
-4.69971
-4.69997
-4.69998
-4.69956
-4.69914
-4.69887
-4.6986
-4.69897
-4.69923
-4.69877
-4.6988
-4.69913
-4.69958
-4.69983
-4.70004
-4.69976
-4.70022
-4.69901
-4.69901
-4.69915
-4.69988
-4.70014
-4.70081
-4.70085
-4.7007
-4.70098
-4.70032
-4.70055
-4.70107
-4.70053
-4.70106
-4.70115
-4.70112
-4.70191
-4.70158
-4.70166
-4.70113
-4.70212
-4.70218
-4.70155
-4.70331
-4.70346
-4.70388
-4.70411
-4.70463
-4.70503
-4.70537
-4.70496
-4.70399
-4.7037
-4.70409
-4.70391
-4.70357
-4.70273
-4.70261
-4.70289
-4.70194
-4.70145
-4.70128
-4.7016
-4.70105
-4.70192
-4.70257
-4.7021
-4.7028
-4.70331
-4.70344
-4.70388
-4.70469
-4.70489
-4.70505
-4.70504
-4.70475
-4.70486
-4.70467
-4.70424
-4.70421
-4.70382
-4.70429
-4.70543
-4.70572
-4.70635
-4.70579
-4.70555
-4.70561
-4.70579
-4.70532
-4.70539
-4.70433
-4.7047
-4.70439
-4.70402
-4.70288
-4.7031
-4.70231
-4.70219
-4.70216
-4.70205
-4.70154
-4.70089
-4.70141
-4.70231
-4.7021
-4.70278
-4.70213
-4.70204
-4.70148
-4.70282
-4.70294
-4.70326
-4.7034
-4.70446
-4.7039
-4.70363
-4.70429
-4.70409
-4.70393
-4.70306
-4.70313
-4.70276
-4.70286
-4.70328
-4.70294
-4.70306
-4.70318
-4.7033
-4.70312
-4.70311
-4.70359
-4.70398
-4.70461
-4.70531
-4.70624
-4.70615
-4.70607
-4.70656
-4.70652
-4.70654
-4.70691
-4.70522
-4.70419
-4.70385
-4.70377
-4.70381
-4.70353
-4.7034
-4.70282
-4.70227
-4.70282
-4.70254
-4.70161
-4.70185
-4.70186
-4.70162
-4.70228
-4.70294
-4.70373
-4.7039
-4.70421
-4.70434
-4.70396
-4.70398
-4.70454
-4.70518
-4.70454
-4.70448
-4.70439
-4.70339
-4.70332
-4.70343
-4.70374
-4.70365
-4.70363
-4.70322
-3.85191
-3.84999
-3.84975
-3.84968
-3.84945
-3.84892
-3.84852
-3.84861
-3.84843
-3.84934
-3.85013
-3.85103
-3.8526
-3.85357
-3.85508
-3.85527
-3.85587
-3.85639
-3.856
-3.85469
-3.85384
-3.85303
-3.85237
-3.85209
-3.85156
-3.85106
-3.85008
-3.8496
-3.84975
-3.85037
-3.85128
-3.85173
-3.85203
-3.85167
-3.85091
-3.85119
-3.85103
-3.85165
-3.85258
-3.85259
-3.85322
-3.85376
-3.85395
-3.85384
-3.85388
-3.85444
-3.85349
-3.85202
-3.85068
-3.85009
-3.84907
-3.84928
-3.85062
-3.85075
-3.85001
-3.84978
-3.85005
-3.84953
-3.84904
-3.84881
-3.84973
-3.85017
-3.85091
-3.85064
-3.85055
-3.85048
-3.85174
-3.85218
-3.8531
-3.8525
-3.85242
-3.85089
-3.84958
-3.84886
-3.84853
-3.84724
-3.8468
-3.84658
-3.84742
-3.84848
-3.84846
-3.84952
-3.84857
-3.84914
-3.84985
-3.8512
-3.85202
-3.85188
-3.85161
-3.85111
-3.85052
-3.84869
-3.84895
-3.84952
-3.84935
-3.85022
-3.85008
-3.84986
-3.85072
-3.85094
-3.85146
-3.85214
-3.85335
-3.85404
-3.85511
-3.8555
-3.8537
-3.85384
-3.85228
-3.85067
-3.84858
-3.84812
-3.84742
-3.8475
-3.84688
-3.84773
-3.84787
-3.84849
-3.8482
-3.84969
-3.85005
-3.85058
-3.84914
-3.84919
-3.84787
-3.84734
-3.84748
-3.84547
-3.84455
-3.84408
-3.84423
-3.84483
-3.84584
-3.84651
-3.8474
-3.84823
-3.84847
-3.84779
-3.84822
-3.84796
-3.84742
-3.84754
-3.84716
-3.84727
-3.84528
-3.84534
-3.84491
-3.8459
-3.84775
-3.84928
-3.85009
-3.85086
-3.85142
-3.85134
-3.85081
-3.85035
-3.84954
-3.84905
-3.84919
-3.84849
-3.84726
-3.84657
-3.84674
-3.84673
-3.84656
-3.84686
-3.84687
-3.84792
-3.84783
-3.84957
-3.85024
-3.85193
-3.85161
-3.85184
-3.85164
-3.85183
-3.85159
-3.85105
-3.85023
-3.84906
-3.84808
-3.8471
-3.84563
-3.84561
-3.84576
-3.84758
-3.84846
-3.84796
-3.8478
-3.84808
-3.84775
-3.84912
-3.84935
-3.85006
-3.85133
-3.85248
-3.85289
-3.85272
-3.85287
-3.85229
-3.85277
-3.85328
-3.85432
-3.85445
-3.85432
-3.85382
-3.85308
-3.85283
-3.85271
-3.8521
-3.85107
-3.85096
-3.85024
-3.85
-3.85045
-3.85159
-3.85206
-3.85173
-3.85216
-3.8521
-3.85126
-3.85033
-3.84972
-3.8485
-3.84841
-3.84726
-3.84644
-3.84628
-3.84677
-3.84649
-3.84615
-3.84552
-3.8458
-3.845
-3.8454
-3.84489
-3.84406
-3.84407
-3.84371
-3.84401
-3.8438
-3.84345
-3.84329
-3.84348
-3.84523
-3.84594
-3.84651
-3.84692
-3.84669
-3.84623
-3.84573
-3.84588
-3.84557
-3.84611
-3.84751
-3.84779
-3.8473
-3.84731
-3.8466
-3.84564
-3.84531
-3.84628
-3.84603
-3.84712
-3.84801
-3.848
-3.84924
-3.84944
-3.84969
-3.84976
-3.848
-3.84703
-3.84738
-3.84676
-3.84605
-3.84614
-3.84559
-3.84595
-3.84612
-3.84631
-3.847
-3.84731
-3.84807
-3.84742
-3.84676
-3.84629
-3.84596
-3.84604
-3.84632
-3.8476
-3.84878
-3.849
-3.84978
-3.84995
-3.8508
-3.85145
-3.85283
-3.8529
-3.85243
-3.8516
-3.85116
-3.85035
-3.8507
-3.85042
-3.85059
-3.84978
-3.84958
-3.84973
-3.84967
-3.84894
-3.84983
-3.84958
-3.84972
-3.8499
-3.85025
-3.84987
-3.84987
-3.85082
-3.85082
-3.8509
-3.85087
-3.85077
-3.85089
-3.85064
-3.85145
-3.85285
-3.8519
-3.85171
-3.85177
-3.84966
-3.84963
-3.84804
-3.84802
-3.84839
-3.84839
-3.84852
-3.84773
-3.84744
-3.84729
-3.84691
-3.8467
-3.84738
-3.84733
-3.84728
-3.84731
-3.84746
-3.84735
-3.84748
-3.84858
-3.84825
-3.84733
-3.84688
-3.8472
-3.84629
-3.8467
-3.84707
-3.8475
-3.84725
-3.84753
-3.84665
-3.84652
-3.84599
-3.84548
-3.8457
-3.84605
-3.84549
-3.845
-3.84537
-3.84587
-3.84648
-3.84701
-3.8474
-3.84765
-3.84809
-3.84871
-3.84819
-3.84837
-3.84928
-3.84914
-3.84979
-3.84955
-3.84948
-3.84942
-3.84901
-3.84858
-3.84836
-3.84903
-3.84897
-3.84883
-3.84819
-3.84816
-3.84816
-3.84904
-3.84969
-3.85112
-3.85179
-3.85178
-3.85147
-3.85144
-3.85188
-3.85101
-3.85099
-3.85005
-3.8496
-3.84983
-3.85015
-3.85041
-3.85014
-3.84916
-3.84846
-3.84815
-3.84765
-3.84746
-3.84807
-3.848
-3.84911
-3.84838
-3.85022
-3.85004
-3.85123
-3.85233
-3.85203
-3.85211
-3.85153
-3.8509
-3.85071
-3.85005
-3.84999
-3.84863
-3.84935
-3.84697
-3.846
-3.84638
-3.84635
-3.84617
-3.84669
-3.84771
-3.84891
-3.84972
-3.85142
-3.85262
-3.85291
-3.85226
-3.85247
-3.85169
-3.85083
-3.85045
-3.84927
-3.84841
-3.84791
-3.84722
-3.84657
-3.84691
-3.84739
-3.84861
-3.84988
-3.85112
-3.85238
-3.85451
-3.85519
-3.85619
-3.85586
-3.8553
-3.85474
-3.85499
-3.85481
-3.85486
-3.8549
-3.85493
-3.85532
-3.85478
-3.85319
-3.85279
-3.8519
-3.85147
-3.8508
-3.85036
-3.84984
-3.84948
-3.84906
-3.84875
-3.84792
-3.84765
-3.84716
-3.84691
-3.84605
-3.84507
-3.84533
-3.84625
-3.84783
-3.84815
-3.84844
-3.84778
-3.84806
-3.84828
-3.84777
-3.84751
-3.84799
-3.84855
-3.8489
-3.84807
-3.84854
-3.84756
-3.84688
-3.8453
-3.84373
-3.84221
-3.84269
-3.84301
-3.84409
-3.84463
-3.84558
-3.8455
-3.84572
-3.84574
-3.84547
-3.84444
-3.84367
-3.8436
-3.84313
-3.84421
-3.84535
-3.8468
-3.8478
-3.84924
-3.85006
-3.8512
-3.85031
-3.84951
-3.84828
-3.84838
-3.84783
-3.8466
-3.84674
-3.84632
-3.84667
-3.84776
-3.84759
-3.8484
-3.84863
-3.84947
-3.85101
-3.85081
-3.85051
-3.85014
-3.84931
-3.84957
-3.84913
-3.84858
-3.84834
-3.84854
-3.84934
-3.85093
-3.85121
-3.85177
-3.85148
-3.85088
-3.84999
-3.84948
-3.84926
-3.84895
-3.84917
-3.84813
-3.84844
-3.84783
-3.84874
-3.84794
-3.84795
-3.84809
-3.84784
-3.84941
-3.84914
-3.84944
-3.84896
-3.84941
-3.8492
-3.84873
-3.84883
-3.84902
-3.84748
-3.84728
-3.84748
-3.84706
-3.84681
-3.84696
-3.84711
-3.8468
-3.84722
-3.84667
-3.84803
-3.84825
-3.84833
-3.85015
-3.85148
-3.85228
-3.85195
-3.8525
-3.85148
-3.85053
-3.84961
-3.84901
-3.85004
-3.84927
-3.85087
-3.85091
-3.85072
-3.84984
-3.84991
-3.85053
-3.84971
-3.84952
-3.84929
-3.84896
-3.84932
-3.85081
-3.85073
-3.8515
-3.85242
-3.85241
-3.85222
-3.8532
-3.85324
-3.85296
-3.85198
-3.85172
-3.8521
-3.85168
-3.85036
-3.85059
-3.85072
-3.85089
-3.85121
-3.85058
-3.85106
-3.85062
-3.85072
-3.85026
-3.85059
-3.85159
-3.8516
-3.85186
-3.85179
-3.85126
-3.8514
-3.85169
-3.85208
-3.85207
-3.85157
-3.85213
-3.852
-3.85141
-3.85055
-3.8499
-3.84999
-3.85023
-3.84995
-3.8492
-3.84951
-3.84963
-3.85047
-3.85078
-3.85153
-3.85266
-3.85349
-3.85446
-3.85507
-3.85566
-3.85572
-3.85473
-3.85367
-3.85322
-3.85232
-3.8519
-3.85118
-3.85107
-3.85024
-3.85042
-3.85032
-3.84984
-3.85022
-3.85154
-3.85144
-3.85177
-3.85288
-3.85216
-3.85129
-3.85303
-3.85246
-3.85161
-3.85162
-3.85211
-3.85282
-3.85413
-3.85396
-3.85399
-3.8555
-3.8553
-3.85538
-3.85441
-3.85441
-3.85405
-3.85351
-3.8531
-3.85166
-3.85097
-3.85118
-3.85076
-3.85065
-3.85024
-3.84943
-3.85019
-3.85135
-3.85175
-3.85344
-3.85389
-3.85319
-3.85344
-3.85203
-3.85179
-3.85052
-3.8509
-3.85041
-3.85015
-3.85012
-3.85145
-3.85134
-3.85123
-3.85165
-3.85123
-3.85198
-3.85142
-3.8515
-3.8509
-3.85134
-3.85202
-3.85288
-3.85261
-3.85215
-3.85112
-3.84982
-3.85031
-3.85
-3.8497
-3.84855
-3.84867
-3.84866
-3.84847
-3.84865
-3.84822
-3.84784
-3.84804
-3.8474
-3.84697
-3.84483
-3.84444
-3.84387
-3.84259
-3.84363
-3.84448
-3.84548
-3.84621
-3.84723
-3.84767
-3.84759
-3.848
-3.84883
-3.84732
-3.84652
-3.84681
-3.84667
-3.84605
-3.84562
-3.84585
-3.84607
-3.8464
-3.84732
-3.84783
-3.84766
-3.84726
-3.84675
-3.84674
-3.84668
-3.84669
-3.84639
-3.84763
-3.84849
-3.84788
-3.8481
-3.84799
-3.84697
-3.84717
-3.84815
-3.84857
-3.8486
-3.84825
-3.84917
-3.84948
-3.84909
-3.84897
-3.84937
-3.84818
-3.84836
-3.84807
-3.84733
-3.84691
-3.84674
-3.84768
-3.84775
-3.84914
-3.85012
-3.85032
-3.84901
-3.84779
-3.84736
-3.8478
-3.84672
-3.84736
-3.84765
-3.84687
-3.84653
-3.84657
-3.84602
-3.84606
-3.84593
-3.84651
-3.84669
-3.84771
-3.84768
-3.84674
-3.84698
-3.84577
-3.84517
-3.84571
-3.84455
-3.84508
-3.84519
-3.84613
-3.84658
-3.84736
-3.84704
-3.84696
-3.84798
-3.84793
-3.8475
-3.8471
-3.84705
-3.84544
-3.84498
-3.84339
-3.84302
-3.84328
-3.84321
-3.84335
-3.84293
-3.84227
-3.84187
-3.84176
-3.84131
-3.84155
-3.84151
-3.84161
-3.84258
-3.84202
-3.84368
-3.84297
-3.8438
-3.84421
-3.84334
-3.8438
-3.84329
-3.8431
-3.84334
-3.84293
-3.84242
-3.84081
-3.84092
-3.84176
-3.84243
-3.84479
-3.84528
-3.847
-3.84662
-3.84722
-3.84765
-3.84744
-3.8478
-3.84725
-3.84813
-3.8475
-3.8462
-3.84655
-3.8472
-3.8475
-3.84782
-3.84736
-3.84758
-3.84717
-3.84692
-3.84765
-3.84789
-3.84807
-3.84879
-3.84847
-3.84917
-3.84994
-3.84967
-3.8503
-3.84986
-3.8488
-3.84792
-3.84776
-3.84772
-3.84692
-3.84702
-3.84788
-3.85007
-3.85071
-3.85166
-3.85177
-3.85306
-3.85386
-3.85274
-3.85262
-3.85275
-3.8521
-3.85133
-3.8514
-3.85084
-3.85084
-3.84969
-3.84929
-3.84882
-3.84855
-3.8472
-3.84751
-3.84814
-3.84843
-3.85005
-3.85139
-3.8534
-3.85427
-3.85377
-3.8529
-3.85272
-3.85161
-3.85181
-3.85239
-3.85168
-3.85104
-3.84928
-3.84918
-3.84857
-3.84815
-3.84902
-3.84878
-3.84965
-3.84973
-3.84982
-3.84983
-3.85116
-3.85074
-3.85071
-3.85136
-3.85093
-3.8513
-3.85226
-3.85369
-3.85451
-3.85476
-3.85545
-3.85611
-3.85539
-3.85518
-3.85497
-3.8544
-3.85309
-3.85273
-3.85289
-3.85304
-3.85171
-3.84994
-3.84983
-3.84941
-3.84929
-3.84951
-3.84968
-3.85
-3.84927
-3.85016
-3.85111
-3.85175
-3.85038
-3.85063
-3.85112
-3.85113
-3.85123
-3.85036
-3.85015
-3.8509
-3.85097
-3.6258
-3.62622
-3.62597
-3.62582
-3.62456
-3.62414
-3.62437
-3.62615
-3.62574
-3.62439
-3.6253
-3.62544
-3.62532
-3.62643
-3.62634
-3.62466
-3.62322
-3.6223
-3.62119
-3.62079
-3.61929
-3.62021
-3.62113
-3.62321
-3.62561
-3.62666
-3.62583
-3.62613
-3.62653
-3.62556
-3.62571
-3.62521
-3.62527
-3.62471
-3.62333
-3.62101
-3.62101
-3.62143
-3.6211
-3.62304
-3.62438
-3.62526
-3.62668
-3.62683
-3.62831
-3.62868
-3.62796
-3.62877
-3.62833
-3.62845
-3.62742
-3.62708
-3.62661
-3.62525
-3.62473
-3.62586
-3.62604
-3.62623
-3.62592
-3.62505
-3.62599
-3.62621
-3.62661
-3.62605
-3.6267
-3.62658
-3.62614
-3.62579
-3.62567
-3.62513
-3.62588
-3.6266
-3.62586
-3.62545
-3.62456
-3.62476
-3.62402
-3.62353
-3.62207
-3.62202
-3.62122
-3.62108
-3.62193
-3.62215
-3.62245
-3.62298
-3.6237
-3.62457
-3.62325
-3.62164
-3.62002
-3.61978
-3.61921
-3.61877
-3.61919
-3.6193
-3.61952
-3.61875
-3.62074
-3.62126
-3.62163
-3.62092
-3.61975
-3.61991
-3.61965
-3.62052
-3.62051
-3.62156
-3.62215
-3.62283
-3.62267
-3.62325
-3.62247
-3.6209
-3.62055
-3.61925
-3.61799
-3.61827
-3.61825
-3.61896
-3.61929
-3.61967
-3.62032
-3.62127
-3.62122
-3.62032
-3.62151
-3.62098
-3.62149
-3.62171
-3.62189
-3.62176
-3.62154
-3.62159
-3.62134
-3.62138
-3.62183
-3.621
-3.6205
-3.61931
-3.61899
-3.61905
-3.61874
-3.6202
-3.62038
-3.6215
-3.62243
-3.62387
-3.62491
-3.62507
-3.62495
-3.62388
-3.6223
-3.62097
-3.61939
-3.61897
-3.61862
-3.61935
-3.62034
-3.62094
-3.62159
-3.62126
-3.62067
-3.61932
-3.61786
-3.61804
-3.61743
-3.6177
-3.61687
-3.6177
-3.61877
-3.62033
-3.6212
-3.62149
-3.62219
-3.62318
-3.62219
-3.62178
-3.62029
-3.61991
-3.62126
-3.62151
-3.6231
-3.6221
-3.62116
-3.62088
-3.62056
-3.61958
-3.61925
-3.61923
-3.61958
-3.6188
-3.61887
-3.61913
-3.61968
-3.6198
-3.62013
-3.62052
-3.62227
-3.62307
-3.62313
-3.62333
-3.62277
-3.62285
-3.62278
-3.62358
-3.62419
-3.62401
-3.62418
-3.62331
-3.62203
-3.62281
-3.6221
-3.62123
-3.621
-3.62235
-3.62386
-3.62359
-3.62459
-3.62537
-3.62578
-3.62551
-3.62528
-3.62547
-3.62424
-3.62559
-3.62622
-3.62549
-3.62547
-3.62716
-3.6278
-3.62737
-3.62825
-3.6286
-3.62851
-3.62781
-3.62669
-3.62552
-3.62453
-3.62454
-3.62433
-3.62419
-3.62518
-3.62442
-3.62523
-3.62513
-3.62494
-3.62395
-3.62229
-3.62215
-3.62312
-3.62268
-3.6223
-3.62268
-3.62377
-3.62443
-3.62396
-3.62417
-3.62365
-3.6241
-3.62414
-3.62458
-3.62377
-3.62345
-3.62349
-3.62285
-3.62329
-3.62316
-3.62283
-3.62381
-3.62506
-3.62622
-3.62621
-3.62625
-3.62616
-3.62577
-3.62677
-3.62605
-3.62536
-3.62385
-3.62334
-3.62303
-3.62379
-3.62484
-3.62482
-3.62471
-3.62409
-3.62403
-3.62526
-3.62591
-3.62622
-3.62676
-3.62716
-3.62726
-3.62766
-3.62808
-3.62739
-3.62689
-3.62791
-3.62795
-3.62762
-3.62802
-3.62795
-3.62738
-3.62838
-3.62798
-3.62663
-3.62705
-3.62675
-3.62573
-3.6269
-3.62692
-3.62702
-3.62573
-3.62546
-3.62377
-3.62196
-3.62276
-3.62158
-3.62235
-3.62384
-3.62565
-3.62554
-3.62578
-3.62427
-3.62454
-3.62515
-3.62542
-3.62513
-3.62634
-3.62577
-3.62658
-3.62658
-3.62541
-3.62612
-3.62644
-3.62771
-3.62812
-3.62837
-3.62778
-3.62715
-3.62688
-3.6261
-3.62605
-3.62598
-3.62577
-3.62584
-3.62503
-3.62351
-3.62415
-3.62432
-3.62367
-3.62425
-3.62249
-3.62209
-3.62257
-3.62222
-3.62231
-3.62347
-3.62486
-3.626
-3.62768
-3.62899
-3.62804
-3.62699
-3.62565
-3.62476
-3.62385
-3.62306
-3.6222
-3.62228
-3.6218
-3.62156
-3.62213
-3.62228
-3.6221
-3.62302
-3.62386
-3.62406
-3.62516
-3.62534
-3.62436
-3.62355
-3.62221
-3.62208
-3.6226
-3.62139
-3.62009
-3.62053
-3.62013
-3.62053
-3.6214
-3.62088
-3.62029
-3.61975
-3.61851
-3.61763
-3.61793
-3.61843
-3.6185
-3.61752
-3.61857
-3.6205
-3.62141
-3.62222
-3.62224
-3.62365
-3.62315
-3.62137
-3.62278
-3.62224
-3.62248
-3.62334
-3.62331
-3.6233
-3.62358
-3.62443
-3.62449
-3.62477
-3.6246
-3.62491
-3.62627
-3.62632
-3.62703
-3.62782
-3.62921
-3.62965
-3.62894
-3.62906
-3.6288
-3.62869
-3.62792
-3.62762
-3.62603
-3.62463
-3.62385
-3.62327
-3.62463
-3.62528
-3.62703
-3.62814
-3.62848
-3.62916
-3.62832
-3.62774
-3.62653
-3.62545
-3.62434
-3.62355
-3.62197
-3.62085
-3.61965
-3.61956
-3.62074
-3.62226
-3.62362
-3.62629
-3.62592
-3.62632
-3.6265
-3.62579
-3.62591
-3.62456
-3.62266
-3.62273
-3.62122
-3.62149
-3.62027
-3.62023
-3.62058
-3.62156
-3.62159
-3.62362
-3.6249
-3.62654
-3.62639
-3.62692
-3.62708
-3.62683
-3.62605
-3.62613
-3.62541
-3.62513
-3.62469
-3.62459
-3.62425
-3.62476
-3.62423
-3.62404
-3.62347
-3.62366
-3.62333
-3.62478
-3.62508
-3.62509
-3.62481
-3.62473
-3.62504
-3.62472
-3.62509
-3.62551
-3.62564
-3.6256
-3.62596
-3.62735
-3.62749
-3.62727
-3.62634
-3.62697
-3.62611
-3.6264
-3.62588
-3.62623
-3.62683
-3.6271
-3.62757
-3.62788
-3.6276
-3.62759
-3.62708
-3.6251
-3.6246
-3.62358
-3.62347
-3.62373
-3.62347
-3.62357
-3.62295
-3.62328
-3.6244
-3.62494
-3.62501
-3.62587
-3.6249
-3.62434
-3.62385
-3.6232
-3.62301
-3.62307
-3.62332
-3.62327
-3.62325
-3.62356
-3.62405
-3.62425
-3.62382
-3.62397
-3.62432
-3.62448
-3.62523
-3.62552
-3.6259
-3.62596
-3.62575
-3.62581
-3.62534
-3.62541
-3.6247
-3.62497
-3.62453
-3.62392
-3.62368
-3.62395
-3.62435
-3.62353
-3.6229
-3.62301
-3.62253
-3.62216
-3.62246
-3.62188
-3.62124
-3.6216
-3.62149
-3.62228
-3.62258
-3.62384
-3.62335
-3.62331
-3.62335
-3.62229
-3.62351
-3.62389
-3.6236
-3.62331
-3.62364
-3.6233
-3.6229
-3.62314
-3.62269
-3.62271
-3.62368
-3.62398
-3.62443
-3.62394
-3.62298
-3.62308
-3.62308
-3.62327
-3.62436
-3.62573
-3.62568
-3.62576
-3.62613
-3.62565
-3.6248
-3.62431
-3.62353
-3.62328
-3.62263
-3.62347
-3.62407
-3.62391
-3.62269
-3.62272
-3.62032
-3.61979
-3.61836
-3.6181
-3.61985
-3.62122
-3.62294
-3.62444
-3.62568
-3.62705
-3.62745
-3.62735
-3.62737
-3.62765
-3.627
-3.62623
-3.62545
-3.62517
-3.62476
-3.6237
-3.62314
-3.62374
-3.62293
-3.62356
-3.6249
-3.62535
-3.62494
-3.6246
-3.62454
-3.62491
-3.62499
-3.62613
-3.62547
-3.62596
-3.62616
-3.62672
-3.6271
-3.62696
-3.62722
-3.62718
-3.62568
-3.6255
-3.62441
-3.62411
-3.62355
-3.62374
-3.62296
-3.62208
-3.62101
-3.62041
-3.62062
-3.62064
-3.62167
-3.62227
-3.6227
-3.62383
-3.62389
-3.62336
-3.62331
-3.62209
-3.62156
-3.62212
-3.6219
-3.62202
-3.62233
-3.62336
-3.62406
-3.62381
-3.62403
-3.62321
-3.6225
-3.62243
-3.62187
-3.62119
-3.61983
-3.62041
-3.6195
-3.61974
-3.62009
-3.62205
-3.62299
-3.62308
-3.62416
-3.62421
-3.62365
-3.62353
-3.62245
-3.62203
-3.62239
-3.623
-3.62178
-3.62035
-3.62056
-3.62097
-3.62126
-3.62161
-3.62225
-3.62217
-3.62304
-3.6225
-3.62183
-3.62127
-3.62314
-3.62341
-3.62298
-3.62305
-3.62342
-3.62346
-3.62421
-3.62477
-3.62333
-3.62329
-3.62309
-3.62421
-3.62483
-3.62525
-3.62541
-3.62584
-3.62608
-3.62602
-3.62554
-3.62511
-3.62369
-3.62297
-3.62314
-3.62333
-3.62237
-3.62273
-3.6219
-3.62172
-3.62178
-3.6219
-3.62266
-3.62288
-3.62423
-3.62472
-3.62562
-3.62421
-3.62334
-3.62282
-3.62245
-3.62117
-3.61974
-3.61985
-3.61886
-3.61881
-3.61987
-3.62097
-3.62115
-3.62186
-3.62229
-3.62319
-3.6245
-3.62424
-3.62539
-3.62459
-3.62477
-3.62371
-3.62378
-3.62293
-3.62279
-3.62295
-3.62248
-3.62151
-3.62151
-3.6213
-3.62102
-3.61995
-3.61858
-3.61692
-3.61675
-3.61718
-3.61769
-3.61828
-3.61869
-3.6201
-3.6207
-3.62197
-3.62377
-3.62427
-3.62472
-3.62495
-3.62516
-3.62468
-3.62421
-3.62367
-3.62284
-3.62219
-3.6216
-3.62087
-3.62
-3.61868
-3.618
-3.61772
-3.61719
-3.61785
-3.6181
-3.61923
-3.62004
-3.61992
-3.62071
-3.62116
-3.62129
-3.62234
-3.6219
-3.62241
-3.62266
-3.62255
-3.62224
-3.62178
-3.62164
-3.62095
-3.62035
-3.62001
-3.6205
-3.62185
-3.62343
-3.62285
-3.62325
-3.62443
-3.62491
-3.62461
-3.62514
-3.62439
-3.62315
-3.62195
-3.62206
-3.62222
-3.62101
-3.62061
-3.62121
-3.62101
-3.62209
-3.62195
-3.62275
-3.62394
-3.6235
-3.62456
-3.62534
-3.62492
-3.62525
-3.62499
-3.62504
-3.6241
-3.6248
-3.62479
-3.62489
-3.6244
-3.62499
-3.62515
-3.62503
-3.62652
-3.62591
-3.62549
-3.62562
-3.62538
-3.62509
-3.62422
-3.62361
-3.62337
-3.6219
-3.62211
-3.62212
-3.62278
-3.62284
-3.62341
-3.62361
-3.62346
-3.62317
-3.62339
-3.62421
-3.62353
-3.62293
-3.62308
-3.62296
-3.62184
-3.62245
-3.62208
-3.62257
-3.62245
-3.62198
-3.62153
-3.62174
-3.62162
-3.6225
-3.62268
-3.622
-3.62242
-3.62209
-3.62209
-3.62313
-3.62331
-3.62343
-3.62325
-3.62198
-3.62041
-3.6209
-3.62139
-3.62179
-3.62303
-3.62413
-3.62554
-3.62534
-3.62466
-3.62486
-3.62523
-3.62524
-3.62588
-3.62675
-3.62636
-3.6267
-3.62757
-3.62803
-3.62771
-3.6279
-3.62752
-3.62798
-3.62665
-3.62634
-3.62678
-3.62672
-3.62712
-3.62607
-3.62604
-3.62595
-3.62453
-3.62497
-3.62476
-3.6261
-3.62628
-3.6268
-3.62745
-3.62705
-3.62637
-3.62574
-3.62566
-3.62478
-3.62412
-3.62323
-3.62257
-3.6228
-3.62312
-3.62345
-3.62324
-3.62335
-3.62324
-3.62332
-3.62382
-3.62418
-3.62543
-3.62716
-3.62817
-3.62876
-3.62858
-3.62748
-3.62544
-3.62529
-3.62443
-3.62293
-3.62187
-3.62092
-3.62099
-3.62059
-3.62082
-3.62125
-3.6211
-3.62254
-3.62171
-3.62348
-3.62311
-3.62376
-3.62262
-3.62258
-3.62266
-3.6221
-3.62316
-3.62236
-3.6214
-3.6211
-3.62153
-3.62197
-3.62264
-3.62211
-3.62292
-3.62254
-3.39489
-3.39575
-3.39643
-3.39537
-3.39541
-3.39516
-3.3953
-3.39591
-3.397
-3.39789
-3.3994
-3.39939
-3.40061
-3.40172
-3.40138
-3.4014
-3.4006
-3.40071
-3.3995
-3.39872
-3.39891
-3.39813
-3.39834
-3.39828
-3.39658
-3.39566
-3.39549
-3.39546
-3.39572
-3.39657
-3.39707
-3.39795
-3.39709
-3.39694
-3.39744
-3.39639
-3.3959
-3.3952
-3.39561
-3.39587
-3.39626
-3.39617
-3.39609
-3.39565
-3.39682
-3.39664
-3.39661
-3.39619
-3.39604
-3.39512
-3.39595
-3.39606
-3.3953
-3.39406
-3.39407
-3.39391
-3.39423
-3.39599
-3.39554
-3.39696
-3.3972
-3.3969
-3.39657
-3.39442
-3.39324
-3.39256
-3.39229
-3.39091
-3.39165
-3.39121
-3.39065
-3.39063
-3.39003
-3.38998
-3.38987
-3.39015
-3.39048
-3.39075
-3.39286
-3.39451
-3.39597
-3.39681
-3.39652
-3.39673
-3.39683
-3.39678
-3.39641
-3.39453
-3.39389
-3.3935
-3.39319
-3.39266
-3.39163
-3.39153
-3.39152
-3.39332
-3.39386
-3.3943
-3.39371
-3.39358
-3.39337
-3.39309
-3.39313
-3.39177
-3.39162
-3.39149
-3.39134
-3.39108
-3.39073
-3.39045
-3.39076
-3.39139
-3.39143
-3.39326
-3.39324
-3.39409
-3.39586
-3.39599
-3.39733
-3.39674
-3.39576
-3.39536
-3.39468
-3.39398
-3.39363
-3.39319
-3.39283
-3.39332
-3.39379
-3.39362
-3.39489
-3.39442
-3.39608
-3.39682
-3.39735
-3.39774
-3.39788
-3.39692
-3.39741
-3.39829
-3.39861
-3.39964
-3.39892
-3.39801
-3.39739
-3.397
-3.39746
-3.39594
-3.39682
-3.3971
-3.39724
-3.39648
-3.39594
-3.39483
-3.39457
-3.39425
-3.39418
-3.3932
-3.39402
-3.39546
-3.39648
-3.39756
-3.3993
-3.39954
-3.39812
-3.39677
-3.39593
-3.39464
-3.39378
-3.39241
-3.39205
-3.39316
-3.39351
-3.394
-3.39422
-3.39365
-3.3951
-3.39517
-3.39516
-3.39577
-3.39628
-3.39762
-3.39658
-3.3983
-3.39894
-3.39937
-3.40001
-3.39873
-3.39933
-3.39955
-3.3985
-3.39756
-3.39681
-3.3962
-3.39647
-3.39576
-3.39518
-3.39456
-3.39382
-3.39348
-3.39461
-3.3952
-3.39558
-3.39627
-3.39599
-3.395
-3.3941
-3.39365
-3.39273
-3.39241
-3.392
-3.39288
-3.39374
-3.39492
-3.39586
-3.39794
-3.39808
-3.39982
-3.40009
-3.40057
-3.40009
-3.39973
-3.39803
-3.3978
-3.39687
-3.39658
-3.39586
-3.39528
-3.39521
-3.39609
-3.39542
-3.39626
-3.39653
-3.39796
-3.3984
-3.39874
-3.39806
-3.39755
-3.39677
-3.39702
-3.3969
-3.39582
-3.39597
-3.3964
-3.39633
-3.39641
-3.39645
-3.39791
-3.39783
-3.39771
-3.39771
-3.39857
-3.39768
-3.39717
-3.39714
-3.39807
-3.39801
-3.39887
-3.39899
-3.39904
-3.39862
-3.39782
-3.39776
-3.39901
-3.39939
-3.40079
-3.4013
-3.40206
-3.40134
-3.40142
-3.40086
-3.40194
-3.40214
-3.40107
-3.40077
-3.40048
-3.40046
-3.40113
-3.40012
-3.39946
-3.39911
-3.39976
-3.39888
-3.39935
-3.40097
-3.40279
-3.40323
-3.40284
-3.40242
-3.40188
-3.40097
-3.40158
-3.40169
-3.40058
-3.40073
-3.40033
-3.39868
-3.39814
-3.39847
-3.39875
-3.39967
-3.39983
-3.40091
-3.40079
-3.40046
-3.39899
-3.39922
-3.3979
-3.39677
-3.39569
-3.39269
-3.39192
-3.39071
-3.39248
-3.39398
-3.3953
-3.39702
-3.39853
-3.39977
-3.39876
-3.39872
-3.39775
-3.39696
-3.39543
-3.39367
-3.39366
-3.39312
-3.39328
-3.39325
-3.39282
-3.39302
-3.3938
-3.39536
-3.39625
-3.39797
-3.39969
-3.40088
-3.40216
-3.40241
-3.40107
-3.39986
-3.39943
-3.39952
-3.39846
-3.39691
-3.39554
-3.39307
-3.39234
-3.39089
-3.39154
-3.39167
-3.39202
-3.39306
-3.39411
-3.39638
-3.39675
-3.39673
-3.39794
-3.39784
-3.39683
-3.39696
-3.39748
-3.39789
-3.39863
-3.39942
-3.40035
-3.40029
-3.39894
-3.39748
-3.396
-3.39502
-3.39294
-3.39188
-3.39125
-3.39097
-3.39271
-3.3935
-3.39375
-3.3935
-3.39283
-3.39394
-3.39325
-3.39389
-3.3951
-3.3948
-3.39526
-3.39519
-3.39574
-3.39688
-3.39899
-3.40101
-3.40121
-3.40163
-3.40128
-3.39878
-3.39776
-3.3953
-3.39606
-3.39657
-3.39698
-3.39826
-3.39823
-3.39846
-3.39843
-3.39905
-3.39878
-3.39794
-3.39658
-3.39665
-3.39637
-3.3955
-3.39448
-3.39462
-3.39523
-3.39569
-3.39522
-3.39587
-3.39589
-3.39608
-3.39546
-3.39606
-3.39588
-3.39672
-3.39653
-3.39645
-3.39627
-3.39657
-3.39482
-3.39419
-3.39393
-3.39418
-3.39297
-3.39329
-3.39283
-3.39327
-3.39294
-3.39455
-3.39538
-3.39574
-3.39581
-3.39598
-3.39553
-3.39642
-3.3966
-3.39793
-3.3973
-3.39782
-3.39794
-3.39731
-3.39677
-3.39625
-3.3958
-3.39503
-3.39517
-3.39601
-3.39453
-3.39438
-3.39423
-3.39545
-3.39562
-3.39554
-3.39553
-3.39554
-3.39434
-3.39354
-3.39345
-3.39292
-3.39279
-3.39234
-3.39342
-3.39439
-3.39443
-3.39542
-3.39659
-3.39647
-3.39598
-3.39607
-3.39655
-3.39614
-3.39606
-3.39578
-3.39492
-3.39537
-3.39592
-3.3954
-3.39516
-3.39482
-3.39536
-3.39579
-3.39571
-3.39663
-3.39723
-3.39775
-3.39773
-3.39641
-3.397
-3.39622
-3.39658
-3.39687
-3.39568
-3.39458
-3.39538
-3.39638
-3.39581
-3.39709
-3.39745
-3.39791
-3.3988
-3.39814
-3.39848
-3.39887
-3.39805
-3.39721
-3.39789
-3.39769
-3.39605
-3.39407
-3.39362
-3.39441
-3.39515
-3.39584
-3.39741
-3.39953
-3.40151
-3.40246
-3.40351
-3.40416
-3.4049
-3.40469
-3.40264
-3.40169
-3.40132
-3.40006
-3.40017
-3.39882
-3.39914
-3.39814
-3.3984
-3.39831
-3.39896
-3.39885
-3.39995
-3.40044
-3.40055
-3.40131
-3.40028
-3.39929
-3.39848
-3.39784
-3.39655
-3.39712
-3.39769
-3.39843
-3.39868
-3.39888
-3.39934
-3.39858
-3.39824
-3.39855
-3.39849
-3.39819
-3.39782
-3.39848
-3.39918
-3.39885
-3.39896
-3.39825
-3.39803
-3.39787
-3.39725
-3.39835
-3.3979
-3.39756
-3.39714
-3.39629
-3.39666
-3.39631
-3.39724
-3.39751
-3.39698
-3.39669
-3.39751
-3.39819
-3.39857
-3.39865
-3.40055
-3.40134
-3.40195
-3.40287
-3.40193
-3.40129
-3.40062
-3.39915
-3.39748
-3.39734
-3.39659
-3.39685
-3.39727
-3.39709
-3.39712
-3.39717
-3.39781
-3.39812
-3.39871
-3.3985
-3.39917
-3.39983
-3.40009
-3.39928
-3.39905
-3.39775
-3.39853
-3.39791
-3.39816
-3.399
-3.39891
-3.39917
-3.39933
-3.39984
-3.40007
-3.3997
-3.39975
-3.39925
-3.39981
-3.39956
-3.39871
-3.39893
-3.39806
-3.39965
-3.39948
-3.40029
-3.40095
-3.40163
-3.40188
-3.40172
-3.40171
-3.40039
-3.40116
-3.40151
-3.40228
-3.40163
-3.40106
-3.40202
-3.40097
-3.40045
-3.4003
-3.39925
-3.39843
-3.39802
-3.3984
-3.39826
-3.3986
-3.39824
-3.39769
-3.39702
-3.39723
-3.39659
-3.39721
-3.39703
-3.39775
-3.39874
-3.39859
-3.39794
-3.39828
-3.3989
-3.40005
-3.40094
-3.40131
-3.40333
-3.40277
-3.40341
-3.40281
-3.40188
-3.40086
-3.40024
-3.40051
-3.4022
-3.40169
-3.40171
-3.40085
-3.40051
-3.40076
-3.40031
-3.39918
-3.40003
-3.40016
-3.40022
-3.39945
-3.3996
-3.39764
-3.39684
-3.39679
-3.39554
-3.39597
-3.39654
-3.39603
-3.39591
-3.39565
-3.39559
-3.39547
-3.39552
-3.39563
-3.39397
-3.39344
-3.39376
-3.39398
-3.39477
-3.39504
-3.39578
-3.397
-3.39786
-3.39882
-3.39936
-3.39862
-3.39809
-3.39782
-3.39718
-3.39674
-3.39548
-3.39329
-3.39363
-3.39346
-3.39269
-3.39199
-3.39098
-3.3909
-3.39043
-3.39031
-3.39037
-3.39117
-3.39331
-3.39571
-3.39778
-3.39934
-3.39929
-3.39913
-3.39852
-3.39642
-3.39472
-3.39367
-3.39395
-3.39357
-3.39364
-3.39439
-3.3961
-3.39606
-3.39573
-3.39634
-3.39809
-3.39864
-3.40028
-3.40134
-3.40008
-3.39865
-3.39744
-3.39575
-3.39531
-3.39419
-3.39451
-3.39562
-3.39573
-3.39603
-3.39534
-3.39485
-3.39469
-3.39302
-3.39345
-3.39454
-3.39553
-3.3966
-3.39828
-3.39977
-3.39992
-3.40047
-3.40086
-3.39993
-3.40017
-3.3998
-3.40036
-3.3993
-3.39815
-3.39594
-3.39372
-3.39379
-3.394
-3.39453
-3.39497
-3.39683
-3.39734
-3.39894
-3.39988
-3.40024
-3.39987
-3.39951
-3.39826
-3.39783
-3.39662
-3.39583
-3.39515
-3.39545
-3.39624
-3.39636
-3.39653
-3.39781
-3.39838
-3.3989
-3.39869
-3.39798
-3.39822
-3.39775
-3.39846
-3.39781
-3.39774
-3.39759
-3.39798
-3.39899
-3.39958
-3.39994
-3.39975
-3.39829
-3.39749
-3.39762
-3.39719
-3.39738
-3.39677
-3.39664
-3.39707
-3.39785
-3.39717
-3.3972
-3.39698
-3.3971
-3.39673
-3.39755
-3.39855
-3.39803
-3.3978
-3.39743
-3.3975
-3.3959
-3.39598
-3.39469
-3.39379
-3.39307
-3.39172
-3.39054
-3.39033
-3.39035
-3.38946
-3.3904
-3.39181
-3.39376
-3.3956
-3.39709
-3.39612
-3.39647
-3.39632
-3.39674
-3.39781
-3.39783
-3.39776
-3.39876
-3.39921
-3.39902
-3.39841
-3.39803
-3.39793
-3.39764
-3.3977
-3.39828
-3.39831
-3.39714
-3.39674
-3.39662
-3.39695
-3.39668
-3.39829
-3.39805
-3.4003
-3.40173
-3.40155
-3.40044
-3.39947
-3.39841
-3.39889
-3.3985
-3.39816
-3.39846
-3.39879
-3.39914
-3.39988
-3.40057
-3.40073
-3.39973
-3.40021
-3.39913
-3.39877
-3.39839
-3.39872
-3.39879
-3.39859
-3.39796
-3.39754
-3.39684
-3.3971
-3.39701
-3.3971
-3.39766
-3.39783
-3.39812
-3.3984
-3.39883
-3.39836
-3.39869
-3.39861
-3.39857
-3.39777
-3.39724
-3.39698
-3.39641
-3.39609
-3.3963
-3.39607
-3.39719
-3.39825
-3.39881
-3.39919
-3.39867
-3.39952
-3.39955
-3.39796
-3.39832
-3.39747
-3.39575
-3.39387
-3.39316
-3.39452
-3.39533
-3.39589
-3.39588
-3.39732
-3.3976
-3.39894
-3.39779
-3.39746
-3.39674
-3.3962
-3.3962
-3.39676
-3.39886
-3.39998
-3.40023
-3.40099
-3.40039
-3.3992
-3.39894
-3.3989
-3.39795
-3.39716
-3.39706
-3.396
-3.39586
-3.39671
-3.39703
-3.39787
-3.39865
-3.39851
-3.39857
-3.39894
-3.39949
-3.39836
-3.39643
-3.39651
-3.39688
-3.39755
-3.39726
-3.39732
-3.39631
-3.39634
-3.39516
-3.39433
-3.39342
-3.39349
-3.39491
-3.39443
-3.39345
-3.39282
-3.39196
-3.39159
-3.39096
-3.39086
-3.39143
-3.39172
-3.39216
-3.39279
-3.39343
-3.39393
-3.39403
-3.39419
-3.3942
