-6.36314
-6.35821
-6.34963
-6.33657
-6.31791
-6.29244
-6.2609
-6.21894
-6.16874
-6.10817
-6.03806
-5.95872
-5.87217
-5.78065
-5.69204
-5.6101
-5.5398
-5.48452
-5.44731
-5.42797
-5.42331
-5.43259
-5.44949
-5.47313
-5.49918
-5.52628
-5.55119
-5.57537
-5.59431
-5.6109
-5.62379
-5.63241
-5.63784
-5.6409
-5.64172
-5.6383
-5.63086
-5.62124
-5.60959
-5.59621
-5.58313
-5.57168
-5.56177
-5.55618
-5.55423
-5.55552
-5.56287
-5.57148
-5.58186
-5.59263
-5.6025
-5.61035
-5.61557
-5.61707
-5.61602
-5.61379
-5.61034
-5.60536
-5.60131
-5.59848
-5.59752
-5.59793
-5.60026
-5.60358
-5.60721
-5.61106
-5.61448
-5.61726
-5.61953
-5.61998
-5.61854
-5.61566
-5.61143
-5.60517
-5.59708
-5.58902
-5.58084
-5.57329
-5.56837
-5.56452
-5.56258
-5.56103
-5.55978
-5.5588
-5.55758
-5.55633
-5.55295
-5.54887
-5.54489
-5.53935
-5.5339
-5.52956
-5.52749
-5.52781
-5.53114
-5.53581
-5.54112
-5.54733
-5.55431
-5.56019
-5.56417
-5.56733
-5.56789
-5.5667
-5.56269
-5.55694
-5.54917
-5.54192
-5.53487
-5.5299
-5.52527
-5.52362
-5.52407
-5.52551
-5.52682
-5.53082
-5.53541
-5.54134
-5.54655
-5.55182
-5.55624
-5.55977
-5.56121
-5.56082
-5.55918
-5.55648
-5.55593
-5.55743
-5.56322
-5.57244
-5.58483
-5.59833
-5.61012
-5.62244
-5.62977
-5.63513
-5.63756
-5.63751
-5.6366
-5.63541
-5.63437
-5.63401
-5.63352
-5.63222
-5.63058
-5.62778
-5.62362
-5.61756
-5.6102
-5.60288
-5.59599
-5.59129
-5.58681
-5.58358
-5.58236
-5.58138
-5.5801
-5.57862
-5.57725
-5.57597
-5.57587
-5.57719
-5.5787
-5.58286
-5.58854
-5.59556
-5.60363
-5.61102
-5.61579
-5.6184
-5.61845
-5.6145
-5.60715
-5.59809
-5.58712
-5.57805
-5.57045
-5.56537
-5.56078
-5.5571
-5.55325
-5.55046
-5.54771
-5.54615
-5.54791
-5.55218
-5.55916
-5.56808
-5.57673
-5.58439
-5.59019
-5.59255
-5.59398
-5.59243
-5.58895
-5.58488
-5.57985
-5.57458
-5.57135
-5.56576
-5.56091
-5.55584
-5.55283
-5.5513
-5.55233
-5.55705
-5.56474
-5.57498
-5.58728
-5.60192
-5.61502
-5.62578
-5.63361
-5.63869
-5.63978
-5.63756
-5.63285
-5.62488
-5.61479
-5.60439
-5.59378
-5.58259
-5.57345
-5.56714
-5.56255
-5.55898
-5.55745
-5.55715
-5.55734
-5.55737
-5.55842
-5.55909
-5.5603
-5.56171
-5.56511
-5.56783
-5.57103
-5.57362
-5.57519
-5.5753
-5.57446
-5.57264
-5.56987
-5.5668
-5.56474
-5.56389
-5.56293
-5.56368
-5.56587
-5.5684
-5.57123
-5.57423
-5.57585
-5.57682
-5.57583
-5.57422
-5.57229
-5.56962
-5.56694
-5.56439
-5.56173
-5.55908
-5.5569
-5.55448
-5.55067
-5.5478
-5.54546
-5.5432
-5.5412
-5.53893
-5.5379
-5.53836
-5.53922
-5.5421
-5.54572
-5.54876
-5.55406
-5.5605
-5.56708
-5.57322
-5.57733
-5.58089
-5.58307
-5.5846
-5.58623
-5.5868
-5.58684
-5.5864
-5.58665
-5.58861
-5.59223
-5.59676
-5.60218
-5.60831
-5.61318
-5.61652
-5.61766
-5.61734
-5.61356
-5.60725
-5.59744
-5.5843
-5.56895
-5.55203
-5.53613
-5.5227
-5.51417
-5.51091
-5.51378
-5.52132
-5.52974
-5.53996
-5.54734
-5.55134
-5.55222
-5.55028
-5.54332
-5.53457
-5.52468
-5.51509
-5.50692
-5.50038
-5.49663
-5.49657
-5.49903
-5.50216
-5.50676
-5.51249
-5.5186
-5.5235
-5.52895
-5.53356
-5.53661
-5.53823
-5.5397
-5.54091
-5.54072
-5.54154
-5.54045
-5.53747
-5.53234
-5.5251
-5.51671
-5.50728
-5.49785
-5.48877
-5.48309
-5.48031
-5.48097
-5.48527
-5.49241
-5.50054
-5.50878
-5.51821
-5.52467
-5.52818
-5.52933
-5.52983
-5.52884
-5.52689
-5.52426
-5.52162
-5.52151
-5.52332
-5.52699
-5.53159
-5.53936
-5.54845
-5.55899
-5.57066
-5.58311
-5.59563
-5.60749
-5.61761
-5.62612
-5.63147
-5.63325
-5.63368
-5.63123
-5.62647
-5.62004
-5.61326
-5.60531
-5.59787
-5.59062
-5.58474
-5.57883
-5.57372
-5.56748
-5.56112
-5.55406
-5.54812
-5.54273
-5.53829
-5.53273
-5.52825
-5.52304
-5.51852
-5.5126
-5.50723
-5.50377
-5.50009
-5.49905
-5.50019
-5.50401
-5.50996
-5.51681
-5.52529
-5.53374
-5.54421
-5.55547
-5.56719
-5.58007
-5.59398
-5.60754
-5.6223
-5.63514
-5.64675
-5.65481
-5.65983
-5.66178
-5.66156
-5.65815
-5.65324
-5.64774
-5.64016
-5.6301
-5.61808
-5.60421
-5.58804
-5.57018
-5.54997
-5.52993
-5.51192
-5.49792
-5.48804
-5.48521
-5.4882
-5.49621
-5.50805
-5.5214
-5.53553
-5.54888
-5.55935
-5.56762
-5.57428
-5.57682
-5.5789
-5.57872
-5.57727
-5.57565
-5.57274
-5.57084
-5.57015
-5.56919
-5.56795
-5.5669
-5.56501
-5.56216
-5.55874
-5.55343
-5.54788
-5.54076
-5.53485
-5.52673
-5.51867
-5.51133
-5.5035
-5.49539
-5.48823
-5.48501
-5.48272
-5.48431
-5.48769
-5.49293
-5.499
-5.50726
-5.51526
-5.52326
-5.52962
-5.53858
-5.54692
-5.55483
-5.56216
-5.56842
-5.5735
-5.57683
-5.57823
-5.57789
-5.57477
-5.57059
-5.56391
-5.55522
-5.54483
-5.53216
-5.51854
-5.50382
-5.49018
-5.47783
-5.46697
-5.45925
-5.45343
-5.45141
-5.45139
-5.45483
-5.46083
-5.46937
-5.47934
-5.4896
-5.4998
-5.51007
-5.51825
-5.52618
-5.532
-5.53548
-5.53605
-5.53551
-5.53339
-5.52923
-5.52406
-5.51711
-5.50935
-5.5001
-5.49243
-5.48572
-5.48143
-5.47865
-5.4791
-5.48085
-5.48457
-5.48916
-5.49525
-5.50117
-5.5066
-5.51162
-5.51463
-5.51568
-5.51445
-5.51096
-5.5061
-5.50085
-5.49551
-5.49003
-5.48683
-5.48468
-5.48589
-5.48781
-5.49154
-5.49723
-5.50321
-5.50787
-5.5122
-5.51763
-5.52268
-5.52907
-5.53441
-5.53951
-5.54474
-5.54938
-5.55228
-5.55337
-5.55347
-5.55132
-5.54896
-5.54627
-5.54263
-5.54012
-5.53687
-5.53376
-5.52905
-5.52588
-5.52153
-5.51568
-5.5089
-5.50214
-5.49477
-5.48637
-5.47781
-5.46903
-5.4601
-5.45267
-5.4462
-5.4392
-5.43387
-5.429
-5.42381
-5.41933
-5.41737
-5.41546
-5.41585
-5.41638
-5.41661
-5.41895
-5.42005
-5.42202
-5.42507
-5.42928
-5.43295
-5.43761
-5.44208
-5.44566
-5.45015
-5.45513
-5.46059
-5.46783
-5.47625
-5.48666
-5.4986
-5.51007
-5.52102
-5.52908
-5.5346
-5.53778
-5.53857
-5.53627
-5.53077
-5.52328
-5.51357
-5.50347
-5.49272
-5.48247
-5.4722
-5.46431
-5.45799
-5.454
-5.45208
-5.45221
-5.45343
-5.45489
-5.45823
-5.46215
-5.46659
-5.47096
-5.47529
-5.48074
-5.48565
-5.49176
-5.49747
-5.50366
-5.50889
-5.51315
-5.51523
-5.51515
-5.5129
-5.50893
-5.50265
-5.49637
-5.48898
-5.48141
-5.47524
-5.46955
-5.46533
-5.46339
-5.46183
-5.46032
-5.45786
-5.45558
-5.45273
-5.44912
-5.44383
-5.43949
-5.43481
-5.43027
-5.4268
-5.42465
-5.42389
-5.42467
-5.42644
-5.4297
-5.43383
-5.43881
-5.44482
-5.45202
-5.46029
-5.46801
-5.47592
-5.48346
-5.48946
-5.49494
-5.50112
-5.50519
-5.50937
-5.5148
-5.52123
-5.52819
-5.5355
-5.54277
-5.54967
-5.55449
-5.55744
-5.55805
-5.55711
-5.55417
-5.55223
-5.55017
-5.54927
-5.54913
-5.55178
-5.55526
-5.56104
-5.56778
-5.57515
-5.58302
-5.58824
-5.59397
-5.59886
-5.60241
-5.60437
-5.60404
-5.6011
-5.59407
-5.58538
-5.57498
-5.56301
-5.55136
-5.54094
-5.53294
-5.5276
-5.52505
-5.52423
-5.52557
-5.52826
-5.53101
-5.53508
-5.53788
-5.54112
-5.54441
-5.54558
-5.54639
-5.54564
-5.54418
-5.5434
-5.54429
-5.54506
-5.54824
-5.55107
-5.5547
-5.55944
-5.56315
-5.56643
-5.56883
-5.57204
-5.57523
-5.57956
-5.58351
-5.58967
-5.59534
-5.60093
-5.60624
-5.61044
-5.61248
-5.61287
-5.61114
-5.60676
-5.59859
-5.58898
-5.57779
-5.56548
-5.5532
-5.54334
-5.53596
-5.53192
-5.53013
-5.53008
-5.5307
-5.53228
-5.53378
-5.53509
-5.53728
-5.53887
-5.54121
-5.54468
-5.54866
-5.55341
-5.55892
-5.56522
-5.57138
-5.576
-5.57848
-5.5764
-5.57055
-5.56206
-5.5508
-5.53979
-5.52965
-5.52316
-5.51984
-5.52048
-5.52362
-5.52807
-5.53414
-5.54089
-5.55012
-5.55856
-5.56993
-5.58003
-5.58843
-5.59485
-5.59889
-5.60021
-5.59822
-5.59378
-5.58811
-5.58073
-5.57221
-5.56309
-5.55179
-5.5403
-5.52822
-5.51531
-5.50396
-5.49586
-5.49203
-5.4938
-5.49969
-5.50968
-5.52285
-5.53751
-5.5512
-5.56428
-5.5754
-5.58275
-5.58733
-5.58876
-5.58732
-5.58415
-5.57855
-5.57321
-5.56747
-5.5615
-5.55585
-5.55067
-5.54584
-5.54215
-5.53918
-5.53677
-5.53648
-5.53828
-5.54186
-5.54651
-5.55193
-5.55726
-5.56347
-5.56801
-5.57376
-5.57961
-5.58593
-5.59144
-5.59674
-5.60042
-5.60261
-5.60362
-5.60179
-5.59871
-5.59363
-5.58512
-5.57533
-5.56289
-5.54839
-5.53319
-5.51605
-5.4995
-5.48382
-5.47264
-5.46499
-5.46216
-5.46747
-5.47626
-5.48902
-5.50342
-5.51814
-5.53129
-5.54201
-5.54931
-5.55365
-5.55689
-5.55976
-5.56159
-5.56296
-5.56331
-5.56335
-5.56232
-5.55824
-5.55271
-5.54568
-5.53758
-5.52743
-5.51801
-5.50834
-5.49837
-5.49144
-5.48731
-5.48676
-5.49094
-5.49957
-5.5105
-5.52256
-5.53372
-5.54234
-5.54816
-5.5502
-5.54886
-5.54557
-5.54055
-5.53598
-5.53254
-5.52936
-5.52809
-5.52754
-5.52935
-5.53357
-5.53988
-5.54718
-5.55611
-5.5643
-5.57351
-5.58084
-5.58623
-5.58854
-5.58984
-5.58801
-5.58528
-5.58183
-5.57836
-5.57517
-5.57287
-5.57263
-5.57315
-5.57225
-5.5715
-5.56873
-5.56654
-5.56509
-5.56795
-5.57246
-5.57949
-5.58723
-5.59511
-5.59933
-5.60115
-5.60124
-5.59821
-5.59341
-5.58656
-5.57964
-5.57152
-5.56331
-5.55495
-5.54551
-5.53621
-5.52659
-5.51664
-5.50606
-5.49543
-5.48537
-5.47577
-5.46768
-5.46172
-5.45885
-5.45842
-5.46172
-5.4692
-5.47924
-5.49158
-5.5055
-5.51756
-5.52954
-5.54069
-5.55
-5.55696
-5.56089
-5.56216
-5.56017
-5.55552
-5.54963
-5.5412
-5.53133
-5.52288
-5.51546
-5.50965
-5.50689
-5.5062
-5.50759
-5.51017
-5.51454
-5.52018
-5.5264
-5.53355
-5.54112
-5.54795
-5.55205
-5.55472
-5.55506
-5.55207
-5.54765
-5.54133
-5.53351
-5.5241
-5.51416
-5.50391
-5.48469
-5.45698
-5.42459
-5.38772
-5.34765
-5.30566
-5.26361
-5.22343
-5.18617
-5.15513
-5.13089
-5.11518
-5.10953
-5.113
-5.12648
-5.14722
-5.17548
-5.20867
-5.24326
-5.27617
-5.30561
-5.32837
-5.34241
-5.34678
-5.34071
-5.32554
-5.30303
-5.27734
-5.25208
-5.22973
-5.21093
-5.19404
-5.17773
-5.16037
-5.1422
-5.12562
-5.11063
-5.10013
-5.0954
-5.0967
-5.10643
-5.12361
-5.1465
-5.17265
-5.19949
-5.22461
-5.24397
-5.25748
-5.26536
-5.26815
-5.26469
-5.25683
-5.24494
-5.22776
-5.20728
-5.18693
-5.16879
-5.15314
-5.14156
-5.1342
-5.13147
-5.13125
-5.1342
-5.13922
-5.14789
-5.16032
-5.17781
-5.19777
-5.22062
-5.24288
-5.26463
-5.28152
-5.29281
-5.29679
-5.29208
-5.27741
-5.25619
-5.23089
-5.20656
-5.18659
-5.1724
-5.16625
-5.16326
-5.1651
-5.16966
-5.17764
-5.18772
-5.19817
-5.20735
-5.21252
-5.21202
-5.20474
-5.19598
-5.18707
-5.1795
-5.17589
-5.1735
-5.1722
-5.17282
-5.17428
-5.1789
-5.18813
-5.20358
-5.22442
-5.25013
-5.27671
-5.29874
-5.31673
-5.32436
-5.32197
-5.30947
-5.29094
-5.2677
-5.24433
-5.22213
-5.20489
-5.19114
-5.1824
-5.17743
-5.17879
-5.18304
-5.1905
-5.19759
-5.20608
-5.21142
-5.21435
-5.21372
-5.20612
-5.19473
-5.1797
-5.16337
-5.14945
-5.14245
-5.14451
-5.15566
-5.17248
-5.19105
-5.20879
-5.22643
-5.24124
-5.2526
-5.26029
-5.26233
-5.25965
-5.25063
-5.24136
-5.23189
-5.22662
-5.22667
-5.23132
-5.2395
-5.25037
-5.26174
-5.27117
-5.27712
-5.27892
-5.2755
-5.26738
-5.25507
-5.23756
-5.21587
-5.19189
-5.16685
-5.14082
-5.11515
-5.09202
-5.07237
-5.05904
-5.05093
-5.05146
-5.0577
-5.07147
-5.08937
-5.11348
-5.14197
-5.17401
-5.20631
-5.236
-5.26017
-5.27631
-5.28336
-5.28055
-5.26791
-5.24908
-5.22556
-5.20212
-5.17912
-5.15821
-5.14197
-5.13054
-5.12275
-5.12107
-5.12321
-5.1313
-5.1454
-5.16402
-5.18525
-5.20791
-5.23162
-5.25398
-5.27542
-5.29355
-5.30787
-5.31651
-5.32033
-5.31984
-5.31592
-5.30982
-5.30127
-5.28933
-5.27398
-5.25746
-5.24051
-5.22738
-5.22129
-5.22394
-5.23413
-5.25042
-5.27196
-5.29426
-5.31364
-5.32789
-5.3355
-5.33477
-5.32776
-5.31334
-5.2946
-5.27382
-5.25302
-5.23248
-5.21407
-5.19811
-5.18587
-5.17522
-5.16832
-5.16298
-5.15968
-5.15924
-5.15975
-5.16137
-5.16219
-5.16228
-5.16221
-5.16267
-5.16531
-5.16786
-5.1714
-5.17596
-5.18079
-5.1857
-5.19027
-5.1952
-5.20029
-5.20814
-5.21922
-5.23023
-5.23879
-5.24322
-5.24036
-5.23026
-5.21487
-5.19704
-5.17693
-5.15999
-5.14741
-5.14062
-5.14288
-5.15149
-5.16558
-5.18198
-5.19577
-5.20656
-5.21257
-5.21016
-5.20012
-5.18459
-5.16444
-5.14414
-5.12548
-5.1109
-5.10203
-5.09791
-5.0982
-5.09926
-5.10058
-5.10092
-5.0996
-5.0973
-5.09533
-5.09675
-5.1028
-5.11425
-5.13292
-5.1566
-5.18466
-5.21401
-5.24373
-5.27033
-5.29363
-5.31312
-5.32896
-5.33976
-5.34642
-5.34669
-5.34153
-5.32988
-5.31437
-5.29654
-5.27811
-5.26106
-5.24949
-5.24096
-5.23547
-5.23017
-5.2231
-5.21274
-5.2008
-5.18858
-5.17416
-5.15797
-5.13953
-5.1201
-5.10303
-5.09166
-5.09034
-5.09875
-5.11116
-5.12634
-5.13961
-5.14568
-5.14753
-5.14184
-5.1333
-5.12304
-5.11274
-5.10474
-5.0987
-5.0954
-5.09311
-5.09016
-5.08663
-5.08397
-5.08209
-5.08346
-5.08939
-5.10023
-5.1149
-5.1323
-5.15091
-5.16595
-5.1764
-5.18262
-5.18574
-5.18602
-5.18881
-5.1948
-5.20432
-5.21498
-5.22561
-5.23275
-5.23782
-5.23994
-5.23993
-5.23845
-5.23466
-5.22735
-5.21784
-5.20775
-5.19754
-5.18841
-5.18112
-5.17607
-5.17333
-5.17339
-5.17668
-5.18175
-5.189
-5.19638
-5.20111
-5.20603
-5.21135
-5.21919
-5.22883
-5.23816
-5.24555
-5.24988
-5.25125
-5.2481
-5.24154
-5.23196
-5.22181
-5.21224
-5.20569
-5.20204
-5.20277
-5.20649
-5.21295
-5.22137
-5.23069
-5.23956
-5.24497
-5.24827
-5.24729
-5.24358
-5.23791
-5.23052
-5.22215
-5.21317
-5.20404
-5.19591
-5.18846
-5.18054
-5.17241
-5.16484
-5.15701
-5.1517
-5.14713
-5.14913
-5.1544
-5.16693
-5.18487
-5.20553
-5.22863
-5.25094
-5.27101
-5.28746
-5.29769
-5.30123
-5.29485
-5.28121
-5.25532
-5.22298
-5.1866
-5.14758
-5.10951
-5.07606
-5.04922
-5.03057
-5.0215
-5.02517
-5.04081
-5.06632
-5.09767
-5.13163
-5.16186
-5.18605
-5.20293
-5.21043
-5.20953
-5.20063
-5.18401
-5.16131
-5.13558
-5.10868
-5.08412
-5.06374
-5.04911
-5.041
-5.04022
-5.04381
-5.05244
-5.06316
-5.07592
-5.09056
-5.10818
-5.12808
-5.15073
-5.17468
-5.19822
-5.22039
-5.23936
-5.25497
-5.26938
-5.28064
-5.28949
-5.29556
-5.30006
-5.30347
-5.30643
-5.30855
-5.3094
-5.3078
-5.30434
-5.29768
-5.28756
-5.27268
-5.25424
-5.23619
-5.22163
-5.21351
-5.21078
-5.21348
-5.21876
-5.22688
-5.23588
-5.24487
-5.25546
-5.26935
-5.28707
-5.30854
-5.33123
-5.35441
-5.37141
-5.38044
-5.37797
-5.36414
-5.33999
-5.31008
-5.27621
-5.24393
-5.21616
-5.19642
-5.1833
-5.17589
-5.17037
-5.16338
-5.15213
-5.13656
-5.11731
-5.09478
-5.07361
-5.05587
-5.04531
-5.0436
-5.05239
-5.06983
-5.0946
-5.12103
-5.14754
-5.17028
-5.18864
-5.1995
-5.20295
-5.20223
-5.19721
-5.19106
-5.18527
-5.17903
-5.17542
-5.17344
-5.17443
-5.17824
-5.18176
-5.18574
-5.18935
-5.19175
-5.19455
-5.19648
-5.19866
-5.20182
-5.20595
-5.21108
-5.2176
-5.22386
-5.23168
-5.23935
-5.24608
-5.25036
-5.25178
-5.24985
-5.24436
-5.23661
-5.22571
-5.21546
-5.20501
-5.19824
-5.19333
-5.19368
-5.19876
-5.20746
-5.22086
-5.23375
-5.24671
-5.25652
-5.26334
-5.26462
-5.26062
-5.25296
-5.24288
-5.23103
-5.22251
-5.21684
-5.21185
-5.20671
-5.20066
-5.19309
-5.18347
-5.17282
-5.15968
-5.14849
-5.13932
-5.13676
-5.14491
-5.16102
-5.18223
-5.20404
-5.22488
-5.23957
-5.24816
-5.25028
-5.24723
-5.2425
-5.23562
-5.23374
-5.23488
-5.2405
-5.24855
-5.25812
-5.26641
-5.26997
-5.27053
-5.26808
-5.26406
-5.2615
-5.26325
-5.26831
-5.27931
-5.29449
-5.31111
-5.32814
-5.3451
-5.35799
-5.36565
-5.36632
-5.36067
-5.34863
-5.32947
-5.30439
-5.2776
-5.24941
-5.22191
-5.19698
-5.17484
-5.15839
-5.14581
-5.13815
-5.13345
-5.13198
-5.13255
-5.13265
-5.13286
-5.1322
-5.13033
-5.12855
-5.12738
-5.12885
-5.13487
-5.14641
-5.1634
-5.18048
-5.19427
-5.20274
-5.20598
-5.20553
-5.20234
-5.19694
-5.18976
-5.18215
-5.17325
-5.16586
-5.16199
-5.1661
-5.18019
-5.20329
-5.23347
-5.2668
-5.30015
-5.33022
-5.35454
-5.37308
-5.38616
-5.39279
-5.39406
-5.38929
-5.37944
-5.36338
-5.34349
-5.3198
-5.29421
-5.27035
-5.25059
-5.23411
-5.2231
-5.21716
-5.21216
-5.20816
-5.20654
-5.20164
-5.19536
-5.1894
-5.18479
-5.18328
-5.18718
-5.19542
-5.20936
-5.22884
-5.2487
-5.26902
-5.28692
-5.30325
-5.3159
-5.32458
-5.32941
-5.32921
-5.32591
-5.31962
-5.30861
-5.29372
-5.27496
-5.25464
-5.23916
-5.23219
-5.23491
-5.2475
-5.26294
-5.27678
-5.2878
-5.29139
-5.28937
-5.27944
-5.26503
-5.24528
-5.22342
-5.20179
-5.18345
-5.1668
-5.15362
-5.14412
-5.1361
-5.13084
-5.12584
-5.12424
-5.12682
-5.13726
-5.15526
-5.1791
-5.20423
-5.22786
-5.24653
-5.25851
-5.26515
-5.2642
-5.25782
-5.24705
-5.23609
-5.2255
-5.21674
-5.21136
-5.20871
-5.20897
-5.2113
-5.21222
-5.21034
-5.20149
-5.18767
-5.16708
-5.14153
-5.11837
-5.09992
-5.08953
-5.08698
-5.09123
-5.09995
-5.11228
-5.12837
-5.1467
-5.16241
-5.17635
-5.18729
-5.19316
-5.19457
-5.19383
-5.19349
-5.19464
-5.19805
-5.20322
-5.20697
-5.20648
-5.20051
-5.189
-5.17371
-5.15635
-5.13955
-5.12483
-5.11494
-5.10768
-5.10101
-5.09622
-5.0916
-5.08645
-5.08297
-5.08086
-5.07911
-5.07843
-5.07952
-5.08473
-5.09249
-5.10229
-5.11374
-5.12497
-5.13151
-5.13431
-5.13065
-5.12119
-5.10902
-5.0977
-5.09204
-5.09298
-5.10349
-5.12037
-5.14027
-5.1592
-5.17619
-5.19027
-5.20066
-5.20477
-5.20609
-5.20334
-5.19699
-5.18995
-5.18327
-5.17655
-5.1709
-5.16536
-5.16109
-5.15854
-5.16129
-5.16895
-5.18026
-5.19327
-5.20077
-5.20195
-5.19695
-5.18467
-5.17155
-5.15883
-5.15062
-5.14742
-5.15073
-5.15911
-5.17336
-5.19348
-5.21598
-5.23963
-5.26235
-5.28171
-5.29349
-5.29901
-5.29603
-5.28813
-5.2765
-5.26173
-5.24525
-5.22675
-5.20709
-5.18762
-5.16959
-5.15369
-5.14197
-5.13401
-5.13028
-5.1313
-5.13439
-5.14294
-5.15166
-5.16334
-5.17479
-5.18421
-5.19367
-5.20043
-5.2049
-5.20562
-5.19958
-5.1858
-5.16309
-5.13647
-5.10966
-5.08784
-5.07776
-5.07733
-5.0879
-5.10313
-5.12352
-5.14593
-5.16813
-5.18945
-5.20667
-5.22088
-5.22874
-5.23145
-5.23249
-5.23195
-5.23049
-5.22922
-5.22727
-5.2256
-5.22231
-5.21809
-5.21417
-5.20998
-5.20707
-5.20695
-5.20857
-5.21395
-5.22154
-5.22913
-5.23725
-5.2423
-5.24306
-5.23882
-5.22929
-5.21417
-5.19456
-5.17583
-5.16254
-5.15914
-5.16411
-5.1776
-5.19493
-5.21448
-5.23189
-5.24424
-5.25367
-5.25888
-5.25844
-5.25296
-5.24393
-5.23101
-5.21662
-5.19991
-5.18303
-5.16479
-5.14464
-5.12051
-5.09554
-5.07135
-5.05333
-5.05004
-5.06329
-5.09146
-5.12633
-5.16165
-5.19498
-5.22603
-5.25271
-5.27694
-5.2972
-5.31105
-5.31899
-5.31904
-5.31366
-5.30108
-5.28339
-5.26381
-5.24243
-5.22378
-5.20758
-5.19539
-5.18675
-5.18172
-5.17505
-5.16657
-5.15501
-5.13868
-5.12178
-5.10815
-5.10168
-5.1031
-5.11112
-5.12361
-5.13747
-5.15032
-5.16427
-5.17921
-5.19449
-5.20876
-5.22245
-5.23413
-5.24285
-5.24716
-5.24836
-5.24865
-5.24598
-5.24087
-5.23353
-5.22425
-5.21446
-5.2045
-5.19845
-5.19566
-5.19605
-5.19764
-5.20355
-5.21191
-5.22153
-5.23258
-5.2434
-5.25483
-5.2662
-5.27495
-5.27997
-5.27984
-5.27453
-5.26575
-5.25336
-5.24022
-5.22673
-5.21422
-5.19951
-5.18479
-5.1746
-5.16741
-5.16466
-5.16754
-5.17155
-5.17288
-5.16953
-5.15863
-5.13793
-5.10924
-5.07474
-5.04465
-5.02376
-5.01775
-5.02643
-5.04595
-5.07242
-5.10511
-5.13923
-5.16995
-5.197
-5.21644
-5.22753
-5.22723
-5.21406
-5.18799
-5.15454
-5.11642
-5.07849
-5.04943
-5.02958
-5.01905
-5.01684
-5.01958
-5.03018
-5.04746
-5.07131
-5.10126
-5.12968
-5.15402
-5.17026
-5.18017
-5.1843
-5.18366
-5.18128
-5.17837
-5.17206
-5.163
-5.15118
-5.13804
-5.12781
-5.11903
-5.11216
-5.10437
-5.09595
-5.08401
-5.06957
-5.05488
-5.0425
-5.03396
-5.03233
-5.0366
-5.04471
-5.05732
-5.0721
-5.0885
-5.10142
-5.10856
-5.1057
-5.09416
-5.07349
-5.04925
-5.02709
-5.01031
-5.00309
-5.00666
-5.01863
-5.03371
-5.04362
-5.04603
-5.03965
-5.02668
-5.00767
-4.98592
-4.96485
-4.94537
-4.92913
-4.91591
-4.9101
-4.90725
-4.90671
-4.90423
-4.89775
-4.88881
-4.87792
-4.87034
-4.86764
-4.87431
-4.88967
-4.91324
-4.9411
-4.97051
-4.99467
-5.01005
-5.01622
-5.01067
-4.99656
-4.97958
-4.96273
-4.95091
-4.94477
-4.9446
-4.94922
-4.9569
-4.96498
-4.97342
-4.9861
-5.00038
-5.01945
-5.04124
-5.06435
-5.0867
-5.10719
-5.1256
-5.14117
-5.15448
-5.16543
-5.17171
-5.174
-5.1702
-5.16117
-5.14652
-5.127
-5.10791
-5.0909
-5.08344
-5.08844
-5.10767
-5.13778
-5.17331
-5.20897
-5.23862
-5.25834
-5.26595
-5.26
-5.24392
-5.22263
-5.20633
-5.20165
-5.20828
-5.22075
-5.23158
-5.23751
-5.23603
-5.22641
-5.20968
-5.18382
-5.15239
-5.11675
-5.08408
-5.05735
-5.03984
-5.03101
-5.02917
-5.03206
-5.03621
-5.03684
-5.03543
-5.03082
-5.02693
-5.02653
-5.02856
-5.036
-5.044
-5.05309
-5.06131
-5.06573
-5.06441
-5.05861
-5.04896
-5.03738
-5.02468
-5.01524
-5.01063
-5.01265
-5.02145
-5.03738
-5.05867
-5.0839
-5.10747
-5.12638
-5.13907
-5.14374
-5.14272
-5.13763
-5.13248
-5.12822
-5.12473
-5.12238
-5.11855
-5.11263
-5.10622
-5.09557
-5.08279
-5.07031
-5.06116
-5.05589
-5.05364
-5.0572
-5.06355
-5.07028
-5.07482
-5.07612
-5.07375
-5.06615
-5.05862
-5.0496
-5.04022
-5.03385
-5.03227
-5.03304
-5.03609
-5.04351
-5.05282
-5.06304
-5.07256
-5.08011
-5.08515
-5.08784
-5.08961
-5.09012
-5.09044
-5.09232
-5.09355
-5.09811
-5.10389
-5.11132
-5.11825
-5.12262
-5.12473
-5.12365
-5.11827
-5.11316
-5.11254
-5.11865
-5.1303
-5.14489
-5.16192
-5.17819
-5.19438
-5.20813
-5.21877
-5.22259
-5.21966
-5.20951
-5.19245
-5.17299
-5.15289
-5.13555
-5.12438
-5.11873
-5.11754
-5.1187
-5.12237
-5.12724
-5.13174
-5.13617
-5.13645
-5.13419
-5.1291
-5.12393
-5.11867
-5.11451
-5.11061
-5.10549
-5.1003
-5.09538
-5.09288
-5.09448
-5.0989
-5.10636
-5.11684
-5.12896
-5.14113
-5.15235
-5.1609
-5.16467
-5.16484
-5.16368
-5.16065
-5.15876
-5.16107
-5.16698
-5.17542
-5.18622
-5.19408
-5.19815
-5.20141
-5.20295
-5.2047
-5.21098
-5.21848
-5.22687
-5.23187
-5.23246
-5.2233
-5.20454
-5.18065
-5.15178
-5.12798
-5.1126
-5.10608
-5.10345
-5.10272
-5.09831
-5.09231
-5.08404
-5.0752
-5.068
-5.06555
-5.06389
-5.0648
-5.06514
-5.06446
-5.06633
-5.06912
-5.07476
-5.08189
-5.09148
-5.10247
-5.11429
-5.12506
-5.1316
-5.13385
-5.1315
-5.12604
-5.11941
-5.11129
-5.10214
-5.09523
-5.0882
-5.08031
-5.07262
-5.06044
-5.04702
-5.0325
-5.01685
-5.00393
-4.99748
-4.99951
-5.01104
-5.03222
-5.05922
-5.08596
-5.11026
-5.12836
-5.1387
-5.13992
-5.1326
-5.1183
-5.10085
-5.08222
-5.06626
-5.05513
-5.04789
-5.04526
-5.0504
-5.06363
-5.084
-5.11047
-5.13794
-5.16332
-5.18597
-5.20411
-5.2191
-5.23061
-5.23686
-5.24027
-5.24341
-5.24437
-5.24535
-5.24634
-5.24546
-5.24358
-5.23997
-5.23284
-5.22227
-5.20842
-5.19031
-5.16839
-5.14442
-5.12495
-5.11223
-5.10609
-5.10646
-5.10959
-5.11446
-5.11584
-5.11424
-5.11537
-5.11583
-5.11946
-5.12562
-5.13071
-5.13271
-5.12947
-5.12024
-5.10406
-5.08361
-5.06082
-5.03981
-5.02437
-5.01464
-5.01396
-5.02176
-5.03745
-5.05765
-5.08002
-5.10415
-5.12652
-5.14569
-5.15969
-5.16949
-5.17383
-5.17473
-5.17289
-5.16817
-5.16312
-5.15674
-5.15283
-5.15128
-5.15254
-5.15713
-5.16175
-5.16638
-5.16832
-5.16657
-5.15923
-5.14499
-5.12176
-5.09131
-5.05564
-5.02039
-4.99093
-4.97076
-4.96191
-4.9664
-4.97879
-5.00062
-5.0276
-5.055
-5.08039
-5.09817
-5.10738
-5.11004
-5.10307
-5.09084
-5.07152
-5.04988
-5.02838
-5.01164
-5.00276
-5.00789
-5.02455
-5.05123
-5.08144
-5.11356
-5.1435
-5.1695
-5.19059
-5.20757
-5.21829
-5.22366
-5.22299
-5.21691
-5.20528
-5.19002
-5.17046
-5.14979
-5.12939
-5.11236
-5.09868
-5.09099
-5.08571
-5.08247
-5.07991
-5.07729
-5.07393
-5.06836
-5.06209
-5.05584
-5.05185
-5.05341
-5.0632
-5.08155
-5.10354
-5.12638
-5.14652
-5.16439
-5.17653
-5.18613
-5.19221
-5.19749
-5.20249
-5.20765
-5.21449
-5.22287
-5.23171
-5.24025
-5.24577
-5.24561
-5.24195
-5.23311
-5.22171
-5.20906
-5.19649
-5.18719
-5.18214
-5.18425
-5.19305
-5.20523
-5.2179
-5.22927
-5.23443
-5.23452
-5.22931
-5.21968
-5.20775
-5.19466
-5.18106
-5.16668
-5.15195
-5.13746
-5.12339
-5.10948
-5.09529
-5.08181
-5.06874
-5.05637
-5.04681
-5.04048
-5.03912
-5.0427
-5.05069
-5.06211
-5.07409
-5.08545
-5.09287
-5.09677
-5.09518
-5.08952
-5.08212
-5.07534
-5.07055
-5.06712
-5.0658
-5.06571
-5.06396
-5.0603
-5.05534
-5.04868
-5.04324
-5.0426
-5.04736
-5.05961
-5.077
-5.09873
-5.11957
-5.13974
-5.1577
-5.17172
-5.18503
-5.19485
-5.20215
-5.20818
-5.2129
-5.2132
-5.20808
-5.19871
-5.18667
-5.17669
-5.1713
-5.16808
-5.16514
-5.15872
-5.14819
-5.1358
-5.12221
-5.10968
-5.10059
-5.09578
-5.09469
-5.0993
-5.1089
-5.12024
-5.13135
-5.14133
-5.14913
-5.15606
-5.16187
-5.16873
-5.17433
-5.17695
-5.17469
-5.16848
-5.15394
-5.13556
-5.11166
-5.08632
-5.06339
-5.04418
-5.03314
-5.03271
-5.04434
-5.06792
-5.09971
-5.1358
-5.17177
-5.20342
-5.22693
-5.24234
-5.25061
-5.25397
-5.25368
-5.25073
-5.24701
-5.24323
-5.23626
-5.22832
-5.21812
-5.20389
-5.18587
-5.16562
-5.14432
-5.12342
-5.10363
-5.08794
-5.07506
-5.06929
-5.06981
-5.07688
-5.08858
-5.10255
-5.11761
-5.13122
-5.14097
-5.14889
-5.15253
-5.15374
-5.15187
-5.14821
-5.14074
-5.1294
-5.11329
-5.0936
-5.07327
-5.05525
-5.04433
-5.04051
-5.04335
-5.05179
-5.06213
-5.07337
-5.08526
-5.09491
-5.10327
-5.11054
-5.11558
-5.12108
-5.12885
-5.14106
-5.15723
-5.17564
-5.19528
-5.21177
-5.22374
-5.23012
-5.22906
-5.22089
-5.20557
-5.18665
-5.16219
-5.13689
-5.11225
-5.0924
-5.07697
-5.06741
-5.0656
-5.06851
-5.0751
-5.08485
-5.0946
-5.10373
-5.10965
-5.10932
-5.09939
-5.08245
-5.06374
-5.04665
-5.03527
-5.03191
-5.03624
-5.04503
-5.0573
-5.06835
-5.07778
-5.08487
-5.09181
-5.09496
-5.09588
-5.09624
-5.09607
-5.09465
-5.09267
-5.08876
-5.0807
-5.0718
-5.06137
-5.05291
-5.04735
-5.04687
-5.05148
-5.06017
-5.07054
-5.08079
-5.08948
-5.09599
-5.09832
-5.09746
-5.09321
-5.08467
-5.07106
-5.05573
-5.03748
-5.02
-5.00506
-4.99479
-4.99182
-4.99632
-5.00997
-5.0292
-5.0522
-5.07271
-5.09062
-5.10417
-5.11264
-5.11499
-5.11192
-5.10524
-5.09296
-5.07855
-5.06416
-5.0507
-5.03892
-5.03136
-5.02779
-5.02909
-5.03509
-5.04334
-5.05595
-5.06845
-5.08258
-5.09552
-5.10987
-5.1246
-5.14262
-5.16422
-5.18764
-5.21044
-5.23029
-5.24212
-5.24309
-5.23109
-5.20716
-5.17355
-5.13579
-5.09749
-5.06237
-5.03361
-5.01273
-5.00188
-5.00021
-5.01011
-5.03159
-5.06126
-5.09731
-5.1359
-5.17373
-5.20732
-5.23542
-5.25685
-5.27107
-5.27882
-5.28041
-5.27599
-5.26571
-5.24933
-5.22807
-5.20228
-5.17276
-5.14339
-5.11573
-5.0943
-5.0801
-5.07311
-5.07426
-5.08059
-5.09029
-5.10308
-5.11523
-5.12794
-5.13893
-5.14723
-5.15248
-5.15445
-5.15369
-5.1497
-5.14386
-5.1373
-5.13155
-5.12749
-5.12541
-5.12386
-5.12694
-5.13501
-5.14627
-5.15929
-5.17366
-5.18494
-5.19188
-5.19345
-5.19006
-5.18043
-5.16401
-5.14473
-5.12508
-5.1058
-5.09141
-5.08125
-5.07843
-5.08229
-5.08985
-5.10286
-5.11805
-5.13313
-5.1486
-5.1616
-5.17164
-5.17625
-5.17745
-5.17298
-5.16446
-5.15256
-5.14064
-5.12897
-5.11942
-5.11531
-5.11361
-5.11614
-5.12174
-5.12727
-5.13087
-5.13034
-5.12566
-5.117
-5.10376
-5.09035
-5.07633
-5.06334
-5.05033
-5.03865
-5.02811
-5.01972
-5.01435
-5.01226
-5.01228
-5.01079
-5.00825
-5.00492
-4.99992
-4.99298
-4.98743
-4.98125
-4.97726
-4.97523
-4.9767
-4.98274
-4.99367
-5.00708
-5.02232
-5.03603
-5.04774
-5.0606
-5.07468
-5.09214
-5.11298
-5.13317
-5.15104
-5.16455
-5.17193
-5.17382
-5.17302
-5.16866
-5.16254
-5.15785
-5.15563
-5.15733
-5.1606
-5.16514
-5.17046
-5.17423
-5.175
-5.17355
-5.16998
-5.16375
-5.15793
-5.15339
-5.14984
-5.14703
-5.14566
-5.14355
-5.14114
-5.13552
-5.13019
-5.12615
-5.12351
-5.12392
-5.12506
-5.12798
-5.12956
-5.12676
-5.12221
-5.11485
-5.11002
-5.10799
-5.11089
-5.11618
-5.1194
-5.11915
-5.11531
-5.10916
-5.10044
-5.09102
-5.08107
-5.07184
-5.06507
-5.06114
-5.06059
-5.06246
-5.06645
-5.07095
-5.07614
-5.083
-5.09244
-5.10706
-5.12737
-5.15175
-5.17867
-5.20473
-5.22658
-5.24159
-5.25123
-5.25277
-5.24711
-5.23659
-5.22208
-5.20562
-5.18698
-5.16881
-5.15255
-5.13931
-5.13266
-5.12917
-5.13309
-5.13817
-5.14574
-5.15133
-5.15666
-5.16007
-5.16044
-5.15971
-5.15389
-5.14433
-5.13202
-5.11799
-5.103
-5.08852
-5.0736
-5.06064
-5.04706
-5.02982
-5.0136
-4.99729
-4.98043
-4.96636
-4.95393
-4.9443
-4.93873
-4.93906
-4.94618
-4.96085
-4.97871
-4.99932
-5.01927
-5.037
-5.05503
-5.07224
-5.08928
-5.10253
-5.11296
-5.12137
-5.1266
-5.13143
-5.13524
-5.13695
-5.13916
-5.14193
-5.14461
-5.14727
-5.15005
-5.15174
-5.15245
-5.14925
-5.14396
-5.13647
-5.1253
-5.11372
-5.10208
-5.09236
-5.08358
-5.07592
-5.0685
-5.06172
-5.05568
-5.05337
-5.05251
-5.05395
-5.05511
-5.05447
-5.04986
-5.04416
-5.0363
-5.02801
-5.02136
-5.01889
-5.0193
-5.0232
-5.03207
-5.04304
-5.0602
-5.0787
-5.09576
-5.10816
-5.11158
-5.10819
-5.09884
-5.08581
-5.0702
-5.0573
-5.04481
-5.0334
-5.02207
-5.00717
-4.98727
-4.96032
-4.92745
-4.89193
-4.85976
-4.83973
-4.83447
-4.84505
-4.86762
-4.89649
-4.92852
-4.95979
-4.98813
-5.01186
-5.0282
-5.03846
-5.0407
-5.03483
-5.02208
-5.00528
-4.99031
-4.98091
-4.9817
-4.98947
-5.00237
-5.01511
-5.02543
-5.03079
-5.03125
-5.02849
-5.02228
-5.01588
-5.00747
-4.99541
-4.97812
-4.95529
-4.92838
-4.90056
-4.87462
-4.85279
-4.84048
-4.83678
-4.84655
-4.86994
-4.9016
-4.9391
-4.97328
-5.00068
-5.01945
-5.02789
-5.02701
-5.01883
-5.00495
-4.98782
-4.97056
-4.95491
-4.94302
-4.93956
-4.943
-4.95702
-4.97634
-4.99817
-5.0192
-5.03726
-5.05143
-5.06602
-5.08251
-5.10164
-5.124
-5.14413
-5.15975
-5.16863
-5.17021
-5.16671
-5.15807
-5.1516
-5.14658
-5.14441
-5.14374
-5.14376
-5.14108
-5.13465
-5.12213
-5.10391
-5.08082
-5.05922
-5.04255
-5.03399
-5.03619
-5.04894
-5.06662
-5.08446
-5.0999
-5.11019
-5.1124
-5.10648
-5.09175
-5.07141
-5.04925
-5.02737
-5.01062
-5.00043
-4.99547
-4.99628
-4.99721
-4.99833
-5.00002
-5.00187
-5.00545
-5.00816
-5.0155
-5.02374
-5.03344
-5.04422
-5.05295
-5.06247
-5.06972
-5.07307
-5.07331
-5.07051
-5.06547
-5.06033
-5.05435
-5.04885
-5.04335
-5.03764
-5.03289
-5.03131
-5.0318
-5.03479
-5.03982
-5.04376
-5.04456
-5.04059
-5.03029
-5.01176
-4.98667
-4.95678
-4.92795
-4.90455
-4.89238
-4.89448
-4.91302
-4.94323
-4.9854
-5.03256
-5.08238
-5.12983
-5.17252
-5.20592
-5.23042
-5.24231
-5.24257
-5.23114
-5.21089
-5.18543
-5.15881
-5.13166
-5.1092
-5.09027
-5.07652
-5.06514
-5.05611
-5.04745
-5.03909
-5.02933
-5.01863
-5.0058
-4.99188
-4.98191
-4.97812
-4.9818
-4.99346
-5.01049
-5.03058
-5.04701
-5.05855
-5.06418
-5.065
-5.06001
-5.05364
-5.04809
-5.04503
-5.04241
-5.04101
-5.03776
-5.03222
-5.0236
-5.01219
-5.00008
-4.98973
-4.982
-4.98192
-4.98921
-5.00407
-5.02229
-5.04348
-5.06398
-5.08419
-5.10009
-5.11036
-5.11682
-5.11882
-5.11657
-5.11
-5.0962
-5.07731
-5.0543
-5.02983
-5.00405
-4.98276
-4.96849
-4.96197
-4.96111
-4.96365
-4.96671
-4.96773
-4.96621
-4.96542
-4.96476
-4.96402
-4.96513
-4.96521
-4.96281
-4.96024
-4.95812
-4.95729
-4.96136
-4.97238
-4.99385
-5.02168
-5.05117
-5.07508
-5.09213
-5.09754
-5.09313
-5.07921
-5.05423
-5.02309
-4.98503
-4.94769
-4.91468
-4.894
-4.89158
-4.90648
-4.93305
-4.96174
-4.98918
-5.0091
-5.02037
-5.02151
-5.01343
-4.99894
-4.97662
-4.94849
-4.91468
-4.87649
-4.83754
-4.80156
-4.77332
-4.75583
-4.75383
-4.76773
-4.79591
-4.83598
-4.88285
-4.93188
-4.98121
-5.02852
-5.07095
-5.10447
-5.12753
-5.13913
-5.13713
-5.12454
-5.10016
-5.0691
-5.03215
-4.99448
-4.96195
-4.93913
-4.93058
-4.93298
-4.94392
-4.95923
-4.97121
-4.97736
-4.97925
-4.97779
-4.97539
-4.97593
-4.98195
-4.99464
-5.01173
-5.02981
-5.04595
-5.05644
-5.05952
-5.05355
-5.04252
-5.02868
-5.01445
-5.00284
-4.99094
-4.97841
-4.96456
-4.94938
-4.93581
-4.92177
-4.91183
-4.90581
-4.90067
-4.89705
-4.89309
-4.89182
-4.89715
-4.91314
-4.93891
-4.96837
-4.99684
-5.01731
-5.02499
-5.0231
-5.01107
-4.99797
-4.98558
-4.97848
-4.98007
-4.98829
-5.0032
-5.02201
-5.04302
-5.06199
-5.07644
-5.08394
-5.08485
-5.07734
-5.06317
-5.04666
-5.03368
-5.02663
-5.02505
-5.02571
-5.02759
-5.02747
-5.02686
-5.02697
-5.03201
-5.04083
-5.05415
-5.06755
-5.0797
-5.0889
-5.09534
-5.09692
-5.09752
-5.09702
-5.09623
-5.09376
-5.09287
-5.09127
-5.09048
-5.08871
-5.08851
-5.08693
-5.08397
-5.07979
-5.07531
-5.07102
-5.07026
-5.0719
-5.07779
-5.08387
-5.09145
-5.09662
-5.09692
-5.09266
-5.08585
-5.08025
-5.07825
-5.08107
-5.08648
-5.08997
-5.09559
-5.10348
-5.11597
-5.13003
-5.14444
-5.157
-5.16573
-5.16873
-5.1681
-5.16521
-5.15961
-5.15194
-5.14094
-5.12902
-5.11774
-5.11191
-5.11789
-5.13398
-5.1528
-5.16891
-5.17966
-5.18438
-5.18317
-5.17904
-5.17292
-5.16511
-5.1574
-5.14796
-5.13527
-5.12116
-5.10691
-5.09593
-5.0897
-5.08934
-5.09657
-5.10895
-5.12468
-5.14096
-5.15465
-5.1667
-5.17187
-5.1715
-5.16436
-5.15029
-5.13304
-5.1169
-5.10235
-5.08917
-5.08147
-5.07651
-5.07503
-5.07695
-5.07997
-5.08622
-5.09401
-5.10085
-5.10627
-5.11013
-5.1087
-5.10044
-5.08578
-5.06644
-5.04302
-5.01701
-4.99325
-4.97846
-4.97742
-4.99235
-5.02264
-5.06714
-5.12092
-5.17833
-5.23162
-5.27404
-5.30471
-5.32164
-5.32405
-5.31656
-5.29973
-5.2801
-5.25733
-5.23521
-5.21213
-5.18876
-5.16411
-5.14238
-5.12496
-5.11415
-5.1102
-5.10712
-5.10236
-5.09252
-5.07611
-5.05414
-5.03463
-5.02179
-5.01768
-5.01829
-5.01953
-5.01965
-5.01765
-5.01659
-5.01759
-5.01959
-5.02188
-5.02375
-5.02579
-5.02708
-5.02692
-5.02693
-5.02543
-5.02285
-5.01769
-5.00886
-4.99875
-4.985
-4.97039
-4.95566
-4.94097
-4.92816
-4.91546
-4.90533
-4.89668
-4.89045
-4.8887
-4.893
-4.90239
-4.91675
-4.93613
-4.96276
-4.9935
-5.02817
-5.06497
-5.09848
-5.12749
-5.1491
-5.16139
-5.16522
-5.16369
-5.15632
-5.14603
-5.13253
-5.11509
-5.09469
-5.07226
-5.05068
-5.03193
-5.01886
-5.01084
-5.00835
-5.00872
-5.01028
-5.01178
-5.01469
-5.01722
-5.02226
-5.02599
-5.03029
-5.03452
-5.03704
-5.03922
-5.04107
-5.04359
-5.04653
-5.04972
-5.05403
-5.05791
-5.06176
-5.06189
-5.05667
-5.04689
-5.03169
-5.01841
-5.00807
-5.00744
-5.01591
-5.03064
-5.04666
-5.0604
-5.07097
-5.07785
-5.08696
-5.09829
-5.1136
-5.12977
-5.14599
-5.16196
-5.1732
-5.18169
-5.18647
-5.1858
-5.1812
-5.17385
-5.16497
-5.15308
-5.1382
-5.11797
-5.0922
-5.06091
-5.02577
-4.98667
-4.94852
-4.91308
-4.88576
-4.86814
-4.85905
-4.85773
-4.86349
-4.87355
-4.8869
-4.90255
-4.9209
-4.94467
-4.9689
-4.99492
-5.01694
-5.03318
-5.04318
-5.0489
-5.05362
-5.06053
-5.06746
-5.07712
-5.08708
-5.0976
-5.10819
-5.11774
-5.12697
-5.13911
-5.15108
-5.16182
-5.16825
-5.17021
-5.16394
-5.15322
-5.13888
-5.12057
-5.10279
-5.08552
-5.06893
-5.05566
-5.04574
-5.03911
-5.03393
-5.02795
-5.01835
-5.00139
-4.9797
-4.95453
-4.92797
-4.90456
-4.8873
-4.88084
-4.88778
-4.90802
-4.94008
-4.9788
-5.01764
-5.05337
-5.08306
-5.10476
-5.1189
-5.12515
-5.12447
-5.12159
-5.11454
-5.10378
-5.08962
-5.07043
-5.04595
-5.01434
-4.97821
-4.94226
-4.91403
-4.90104
-4.90668
-4.931
-4.9704
-5.01758
-5.06693
-5.11136
-5.14452
-5.16503
-5.17228
-5.16839
-5.1548
-5.13694
-5.11927
-5.10508
-5.09301
-5.08482
-5.08189
-5.08508
-5.09262
-5.10636
-5.12265
-5.13656
-5.14673
-5.15068
-5.14628
-5.13602
-5.12081
-5.10673
-5.09622
-5.08802
-5.08146
-5.07273
-5.06127
-5.04676
-5.02821
-5.01138
-4.99808
-4.99126
-4.99412
-5.00844
-5.03264
-5.06309
-5.09834
-5.13448
-5.16743
-5.19739
-5.22085
-5.23795
-5.24488
-5.24218
-5.22833
-5.20496
-5.17658
-5.14493
-5.11487
-5.09033
-5.07574
-5.06953
-5.07363
-5.08459
-5.1001
-5.11723
-5.13388
-5.14625
-5.15335
-5.15144
-5.14061
-5.12089
-5.09476
-5.06454
-5.03271
-5.00381
-4.98181
-4.96619
-4.95756
-4.95438
-4.95534
-4.95954
-4.9627
-4.9644
-4.96112
-4.95599
-4.95233
-4.95636
-4.97213
-4.99759
-5.02718
-5.05406
-5.0735
-5.08664
-5.09497
-5.09889
-5.10144
-5.1026
-5.10437
-5.10679
-5.10889
-5.1078
-5.10482
-5.09899
-5.09208
-5.08553
-5.08387
-5.08848
-5.09867
-5.11542
-5.13606
-5.15809
-5.17613
-5.19061
-5.19616
-5.19332
-5.18171
-5.16126
-5.13426
-5.10342
-5.07025
-5.03618
-5.007
-4.98467
-4.97215
-4.97032
-4.97825
-4.99109
-5.00905
-5.02744
-5.04613
-5.06531
-5.08366
-5.10177
-5.11966
-5.13443
-5.14526
-5.15237
-5.15697
-5.16012
-5.16264
-5.16598
-5.17014
-5.17244
-5.16947
-5.1608
-5.14572
-5.12722
-5.10963
-5.1013
-5.10264
-5.11911
-5.14467
-5.17165
-5.19208
-5.20112
-5.19798
-5.18791
-5.17349
-5.15998
-5.15074
-5.14633
-5.14625
-5.1491
-5.15228
-5.15385
-5.15295
-5.15311
-5.1525
-5.15384
-5.15542
-5.15604
-5.15305
-5.14598
-5.13565
-5.12471
-5.11467
-5.10805
-5.10357
-5.10083
-5.0988
-5.09551
-5.09088
-5.08454
-5.07658
-5.06599
-5.05468
-5.04191
-5.02857
-5.0141
-4.99934
-4.98391
-4.96701
-4.94955
-4.93335
-4.92017
-4.91506
-4.91869
-4.93021
-4.9472
-4.96562
-4.98552
-5.00371
-5.0186
-5.03247
-5.04049
-5.04156
-5.0357
-5.02466
-5.01113
-4.99562
-4.98214
-4.97321
-4.97158
-4.97304
-4.97696
-4.97711
-4.97514
-4.96967
-4.96245
-4.95597
-4.95273
-4.95601
-4.96472
-4.97884
-4.99795
-5.01737
-5.03488
-5.0492
-5.05704
-5.05522
-5.04395
-5.02481
-4.99938
-4.974
-4.95312
-4.93834
-4.93219
-4.93419
-4.94244
-4.95598
-4.97211
-4.98776
-4.99882
-5.00502
-5.0092
-5.01054
-5.01052
-5.00919
-5.00863
-5.00756
-5.00789
-5.00727
-5.00749
-5.00873
-5.01276
-5.02038
-5.02793
-5.03537
-5.04129
-5.04263
-5.03823
-5.02689
-5.01069
-4.99271
-4.97569
-4.96258
-4.95372
-4.94745
-4.94278
-4.9405
-4.94336
-4.95246
-6.36314
-6.35821
-6.34963
-6.33657
-6.31791
-6.29244
-6.2609
-6.21894
-6.16874
-6.10817
-6.03806
-5.95872
-5.87217
-5.78065
-5.69204
-5.6101
-5.5398
-5.48452
-5.44731
-5.42797
-5.42331
-5.43259
-5.44949
-5.47313
-5.49918
-5.52628
-5.55119
-5.57537
-5.59431
-5.6109
-5.62379
-5.63241
-5.63784
-5.6409
-5.64172
-5.6383
-5.63086
-5.62124
-5.60959
-5.59621
-5.58313
-5.57168
-5.56177
-5.55618
-5.55423
-5.55552
-5.56287
-5.57148
-5.58186
-5.59263
-5.6025
-5.61035
-5.61557
-5.61707
-5.61602
-5.61379
-5.61034
-5.60536
-5.60131
-5.59848
-5.59752
-5.59793
-5.60026
-5.60358
-5.60721
-5.61106
-5.61448
-5.61726
-5.61953
-5.61998
-5.61854
-5.61566
-5.61143
-5.60517
-5.59708
-5.58902
-5.58084
-5.57329
-5.56837
-5.56452
-5.56258
-5.56103
-5.55978
-5.5588
-5.55758
-5.55633
-5.55295
-5.54887
-5.54489
-5.53935
-5.5339
-5.52956
-5.52749
-5.52781
-5.53114
-5.53581
-5.54112
-5.54733
-5.55431
-5.56019
-5.56417
-5.56733
-5.56789
-5.5667
-5.56269
-5.55694
-5.54917
-5.54192
-5.53487
-5.5299
-5.52527
-5.52362
-5.52407
-5.52551
-5.52682
-5.53082
-5.53541
-5.54134
-5.54655
-5.55182
-5.55624
-5.55977
-5.56121
-5.56082
-5.55918
-5.55648
-5.55593
-5.55743
-5.56322
-5.57244
-5.58483
-5.59833
-5.61012
-5.62244
-5.62977
-5.63513
-5.63756
-5.63751
-5.6366
-5.63541
-5.63437
-5.63401
-5.63352
-5.63222
-5.63058
-5.62778
-5.62362
-5.61756
-5.6102
-5.60288
-5.59599
-5.59129
-5.58681
-5.58358
-5.58236
-5.58138
-5.5801
-5.57862
-5.57725
-5.57597
-5.57587
-5.57719
-5.5787
-5.58286
-5.58854
-5.59556
-5.60363
-5.61102
-5.61579
-5.6184
-5.61845
-5.6145
-5.60715
-5.59809
-5.58712
-5.57805
-5.57045
-5.56537
-5.56078
-5.5571
-5.55325
-5.55046
-5.54771
-5.54615
-5.54791
-5.55218
-5.55916
-5.56808
-5.57673
-5.58439
-5.59019
-5.59255
-5.59398
-5.59243
-5.58895
-5.58488
-5.57985
-5.57458
-5.57135
-5.56576
-5.56091
-5.55584
-5.55283
-5.5513
-5.55233
-5.55705
-5.56474
-5.57498
-5.58728
-5.60192
-5.61502
-5.62578
-5.63361
-5.63869
-5.63978
-5.63756
-5.63285
-5.62488
-5.61479
-5.60439
-5.59378
-5.58259
-5.57345
-5.56714
-5.56255
-5.55898
-5.55745
-5.55715
-5.55734
-5.55737
-5.55842
-5.55909
-5.5603
-5.56171
-5.56511
-5.56783
-5.57103
-5.57362
-5.57519
-5.5753
-5.57446
-5.57264
-5.56987
-5.5668
-5.56474
-5.56389
-5.56293
-5.56368
-5.56587
-5.5684
-5.57123
-5.57423
-5.57585
-5.57682
-5.57583
-5.57422
-5.57229
-5.56962
-5.56694
-5.56439
-5.56173
-5.55908
-5.5569
-5.55448
-5.55067
-5.5478
-5.54546
-5.5432
-5.5412
-5.53893
-5.5379
-5.53836
-5.53922
-5.5421
-5.54572
-5.54876
-5.55406
-5.5605
-5.56708
-5.57322
-5.57733
-5.58089
-5.58307
-5.5846
-5.58623
-5.5868
-5.58684
-5.5864
-5.58665
-5.58861
-5.59223
-5.59676
-5.60218
-5.60831
-5.61318
-5.61652
-5.61766
-5.61734
-5.61356
-5.60725
-5.59744
-5.5843
-5.56895
-5.55203
-5.53613
-5.5227
-5.51417
-5.51091
-5.51378
-5.52132
-5.52974
-5.53996
-5.54734
-5.55134
-5.55222
-5.55028
-5.54332
-5.53457
-5.52468
-5.51509
-5.50692
-5.50038
-5.49663
-5.49657
-5.49903
-5.50216
-5.50676
-5.51249
-5.5186
-5.5235
-5.52895
-5.53356
-5.53661
-5.53823
-5.5397
-5.54091
-5.54072
-5.54154
-5.54045
-5.53747
-5.53234
-5.5251
-5.51671
-5.50728
-5.49785
-5.48877
-5.48309
-5.48031
-5.48097
-5.48527
-5.49241
-5.50054
-5.50878
-5.51821
-5.52467
-5.52818
-5.52933
-5.52983
-5.52884
-5.52689
-5.52426
-5.52162
-5.52151
-5.52332
-5.52699
-5.53159
-5.53936
-5.54845
-5.55899
-5.57066
-5.58311
-5.59563
-5.60749
-5.61761
-5.62612
-5.63147
-5.63325
-5.63368
-5.63123
-5.62647
-5.62004
-5.61326
-5.60531
-5.59787
-5.59062
-5.58474
-5.57883
-5.57372
-5.56748
-5.56112
-5.55406
-5.54812
-5.54273
-5.53829
-5.53273
-5.52825
-5.52304
-5.51852
-5.5126
-5.50723
-5.50377
-5.50009
-5.49905
-5.50019
-5.50401
-5.50996
-5.51681
-5.52529
-5.53374
-5.54421
-5.55547
-5.56719
-5.58007
-5.59398
-5.60754
-5.6223
-5.63514
-5.64675
-5.65481
-5.65983
-5.66178
-5.66156
-5.65815
-5.65324
-5.64774
-5.64016
-5.6301
-5.61808
-5.60421
-5.58804
-5.57018
-5.54997
-5.52993
-5.51192
-5.49792
-5.48804
-5.48521
-5.4882
-5.49621
-5.50805
-5.5214
-5.53553
-5.54888
-5.55935
-5.56762
-5.57428
-5.57682
-5.5789
-5.57872
-5.57727
-5.57565
-5.57274
-5.57084
-5.57015
-5.56919
-5.56795
-5.5669
-5.56501
-5.56216
-5.55874
-5.55343
-5.54788
-5.54076
-5.53485
-5.52673
-5.51867
-5.51133
-5.5035
-5.49539
-5.48823
-5.48501
-5.48272
-5.48431
-5.48769
-5.49293
-5.499
-5.50726
-5.51526
-5.52326
-5.52962
-5.53858
-5.54692
-5.55483
-5.56216
-5.56842
-5.5735
-5.57683
-5.57823
-5.57789
-5.57477
-5.57059
-5.56391
-5.55522
-5.54483
-5.53216
-5.51854
-5.50382
-5.49018
-5.47783
-5.46697
-5.45925
-5.45343
-5.45141
-5.45139
-5.45483
-5.46083
-5.46937
-5.47934
-5.4896
-5.4998
-5.51007
-5.51825
-5.52618
-5.532
-5.53548
-5.53605
-5.53551
-5.53339
-5.52923
-5.52406
-5.51711
-5.50935
-5.5001
-5.49243
-5.48572
-5.48143
-5.47865
-5.4791
-5.48085
-5.48457
-5.48916
-5.49525
-5.50117
-5.5066
-5.51162
-5.51463
-5.51568
-5.51445
-5.51096
-5.5061
-5.50085
-5.49551
-5.49003
-5.48683
-5.48468
-5.48589
-5.48781
-5.49154
-5.49723
-5.50321
-5.50787
-5.5122
-5.51763
-5.52268
-5.52907
-5.53441
-5.53951
-5.54474
-5.54938
-5.55228
-5.55337
-5.55347
-5.55132
-5.54896
-5.54627
-5.54263
-5.54012
-5.53687
-5.53376
-5.52905
-5.52588
-5.52153
-5.51568
-5.5089
-5.50214
-5.49477
-5.48637
-5.47781
-5.46903
-5.4601
-5.45267
-5.4462
-5.4392
-5.43387
-5.429
-5.42381
-5.41933
-5.41737
-5.41546
-5.41585
-5.41638
-5.41661
-5.41895
-5.42005
-5.42202
-5.42507
-5.42928
-5.43295
-5.43761
-5.44208
-5.44566
-5.45015
-5.45513
-5.46059
-5.46783
-5.47625
-5.48666
-5.4986
-5.51007
-5.52102
-5.52908
-5.5346
-5.53778
-5.53857
-5.53627
-5.53077
-5.52328
-5.51357
-5.50347
-5.49272
-5.48247
-5.4722
-5.46431
-5.45799
-5.454
-5.45208
-5.45221
-5.45343
-5.45489
-5.45823
-5.46215
-5.46659
-5.47096
-5.47529
-5.48074
-5.48565
-5.49176
-5.49747
-5.50366
-5.50889
-5.51315
-5.51523
-5.51515
-5.5129
-5.50893
-5.50265
-5.49637
-5.48898
-5.48141
-5.47524
-5.46955
-5.46533
-5.46339
-5.46183
-5.46032
-5.45786
-5.45558
-5.45273
-5.44912
-5.44383
-5.43949
-5.43481
-5.43027
-5.4268
-5.42465
-5.42389
-5.42467
-5.42644
-5.4297
-5.43383
-5.43881
-5.44482
-5.45202
-5.46029
-5.46801
-5.47592
-5.48346
-5.48946
-5.49494
-5.50112
-5.50519
-5.50937
-5.5148
-5.52123
-5.52819
-5.5355
-5.54277
-5.54967
-5.55449
-5.55744
-5.55805
-5.55711
-5.55417
-5.55223
-5.55017
-5.54927
-5.54913
-5.55178
-5.55526
-5.56104
-5.56778
-5.57515
-5.58302
-5.58824
-5.59397
-5.59886
-5.60241
-5.60437
-5.60404
-5.6011
-5.59407
-5.58538
-5.57498
-5.56301
-5.55136
-5.54094
-5.53294
-5.5276
-5.52505
-5.52423
-5.52557
-5.52826
-5.53101
-5.53508
-5.53788
-5.54112
-5.54441
-5.54558
-5.54639
-5.54564
-5.54418
-5.5434
-5.54429
-5.54506
-5.54824
-5.55107
-5.5547
-5.55944
-5.56315
-5.56643
-5.56883
-5.57204
-5.57523
-5.57956
-5.58351
-5.58967
-5.59534
-5.60093
-5.60624
-5.61044
-5.61248
-5.61287
-5.61114
-5.60676
-5.59859
-5.58898
-5.57779
-5.56548
-5.5532
-5.54334
-5.53596
-5.53192
-5.53013
-5.53008
-5.5307
-5.53228
-5.53378
-5.53509
-5.53728
-5.53887
-5.54121
-5.54468
-5.54866
-5.55341
-5.55892
-5.56522
-5.57138
-5.576
-5.57848
-5.5764
-5.57055
-5.56206
-5.5508
-5.53979
-5.52965
-5.52316
-5.51984
-5.52048
-5.52362
-5.52807
-5.53414
-5.54089
-5.55012
-5.55856
-5.56993
-5.58003
-5.58843
-5.59485
-5.59889
-5.60021
-5.59822
-5.59378
-5.58811
-5.58073
-5.57221
-5.56309
-5.55179
-5.5403
-5.52822
-5.51531
-5.50396
-5.49586
-5.49203
-5.4938
-5.49969
-5.50968
-5.52285
-5.53751
-5.5512
-5.56428
-5.5754
-5.58275
-5.58733
-5.58876
-5.58732
-5.58415
-5.57855
-5.57321
-5.56747
-5.5615
-5.55585
-5.55067
-5.54584
-5.54215
-5.53918
-5.53677
-5.53648
-5.53828
-5.54186
-5.54651
-5.55193
-5.55726
-5.56347
-5.56801
-5.57376
-5.57961
-5.58593
-5.59144
-5.59674
-5.60042
-5.60261
-5.60362
-5.60179
-5.59871
-5.59363
-5.58512
-5.57533
-5.56289
-5.54839
-5.53319
-5.51605
-5.4995
-5.48382
-5.47264
-5.46499
-5.46216
-5.46747
-5.47626
-5.48902
-5.50342
-5.51814
-5.53129
-5.54201
-5.54931
-5.55365
-5.55689
-5.55976
-5.56159
-5.56296
-5.56331
-5.56335
-5.56232
-5.55824
-5.55271
-5.54568
-5.53758
-5.52743
-5.51801
-5.50834
-5.49837
-5.49144
-5.48731
-5.48676
-5.49094
-5.49957
-5.5105
-5.52256
-5.53372
-5.54234
-5.54816
-5.5502
-5.54886
-5.54557
-5.54055
-5.53598
-5.53254
-5.52936
-5.52809
-5.52754
-5.52935
-5.53357
-5.53988
-5.54718
-5.55611
-5.5643
-5.57351
-5.58084
-5.58623
-5.58854
-5.58984
-5.58801
-5.58528
-5.58183
-5.57836
-5.57517
-5.57287
-5.57263
-5.57315
-5.57225
-5.5715
-5.56873
-5.56654
-5.56509
-5.56795
-5.57246
-5.57949
-5.58723
-5.59511
-5.59933
-5.60115
-5.60124
-5.59821
-5.59341
-5.58656
-5.57964
-5.57152
-5.56331
-5.55495
-5.54551
-5.53621
-5.52659
-5.51664
-5.50606
-5.49543
-5.48537
-5.47577
-5.46768
-5.46172
-5.45885
-5.45842
-5.46172
-5.4692
-5.47924
-5.49158
-5.5055
-5.51756
-5.52954
-5.54069
-5.55
-5.55696
-5.56089
-5.56216
-5.56017
-5.55552
-5.54963
-5.5412
-5.53133
-5.52288
-5.51546
-5.50965
-5.50689
-5.5062
-5.50759
-5.51017
-5.51454
-5.52018
-5.5264
-5.53355
-5.54112
-5.54795
-5.55205
-5.55472
-5.55506
-5.55207
-5.54765
-5.54133
-5.53351
-5.5241
-5.51416
-5.50391
