1.09913
1.09608
1.09061
1.08241
1.07102
1.05586
1.03623
1.01134
0.980428
0.942851
0.898313
0.847141
0.790579
0.730919
0.671424
0.615894
0.567903
0.530132
0.503949
0.489338
0.485177
0.489614
0.500464
0.515512
0.532758
0.550542
0.567583
0.582991
0.59625
0.607147
0.615672
0.621943
0.626074
0.628122
0.628072
0.6259
0.621649
0.615506
0.607858
0.599299
0.590549
0.582407
0.575714
0.57123
0.569529
0.570807
0.574765
0.580663
0.587544
0.594463
0.600641
0.605529
0.608778
0.610256
0.610019
0.608351
0.605712
0.6027
0.59994
0.597955
0.597093
0.597453
0.598906
0.601163
0.603861
0.606635
0.609162
0.611179
0.612471
0.612868
0.612218
0.610421
0.607417
0.603251
0.598139
0.592486
0.586888
0.581963
0.578153
0.575577
0.574003
0.573027
0.572287
0.571545
0.57065
0.569456
0.567768
0.565416
0.562417
0.559039
0.555768
0.553178
0.551763
0.551818
0.55339
0.55629
0.560161
0.56457
0.569046
0.573127
0.576388
0.578433
0.578968
0.577838
0.575111
0.571083
0.566249
0.561204
0.556542
0.552721
0.550018
0.548499
0.548091
0.548661
0.55006
0.552164
0.554867
0.558067
0.561619
0.565251
0.568554
0.571023
0.572218
0.571994
0.570671
0.569046
0.568236
0.569305
0.572896
0.579021
0.587044
0.595918
0.604477
0.611748
0.61714
0.620506
0.622078
0.62235
0.621886
0.621192
0.620584
0.620135
0.619713
0.619081
0.617954
0.616073
0.613293
0.609631
0.605282
0.600614
0.596079
0.592157
0.589172
0.58722
0.586135
0.585556
0.585106
0.584541
0.583834
0.583166
0.582844
0.583232
0.584627
0.587186
0.590867
0.595388
0.60026
0.604849
0.608469
0.610492
0.610452
0.60814
0.603731
0.597795
0.591206
0.584883
0.579505
0.575299
0.572063
0.569374
0.566897
0.5646
0.562796
0.562023
0.562815
0.565477
0.569878
0.575451
0.581336
0.586644
0.590668
0.593015
0.593634
0.592735
0.590703
0.587944
0.584813
0.581514
0.57815
0.574819
0.571657
0.568923
0.567007
0.566345
0.567348
0.570294
0.575229
0.581909
0.589818
0.598258
0.606453
0.613658
0.619269
0.622871
0.624227
0.623278
0.620144
0.615102
0.608589
0.601205
0.593614
0.586477
0.58036
0.575604
0.572301
0.570308
0.569311
0.56896
0.568965
0.569171
0.569548
0.570165
0.571135
0.572536
0.57436
0.576462
0.578603
0.580476
0.581791
0.582349
0.582073
0.581029
0.579423
0.577584
0.575875
0.574638
0.574123
0.574439
0.575525
0.577174
0.579058
0.58079
0.582034
0.582557
0.582279
0.581272
0.579726
0.577863
0.575879
0.573877
0.571897
0.569931
0.567975
0.566052
0.564205
0.56248
0.560903
0.55948
0.558231
0.557194
0.556471
0.556216
0.556612
0.557839
0.559964
0.562925
0.566513
0.57039
0.574197
0.577636
0.580534
0.58286
0.584663
0.58603
0.587046
0.587756
0.588204
0.588519
0.588955
0.589891
0.591697
0.59452
0.598172
0.602161
0.605872
0.608718
0.610231
0.610099
0.608076
0.603985
0.597756
0.589488
0.579582
0.568834
0.558424
0.549729
0.543999
0.541948
0.543531
0.547938
0.553879
0.55995
0.56493
0.567927
0.568469
0.566505
0.562357
0.556642
0.550175
0.543826
0.538357
0.534337
0.532057
0.53155
0.532636
0.535018
0.538316
0.54211
0.545993
0.549604
0.552694
0.555133
0.556921
0.558153
0.558966
0.559492
0.559798
0.559779
0.559142
0.557476
0.554415
0.549833
0.543942
0.53729
0.530652
0.524876
0.520695
0.518614
0.518824
0.521196
0.525307
0.530552
0.536237
0.541674
0.546295
0.549678
0.551605
0.552071
0.55131
0.549763
0.547994
0.546577
0.545992
0.54657
0.548479
0.551804
0.556542
0.562581
0.569718
0.577638
0.585928
0.594112
0.601704
0.60827
0.613482
0.617119
0.619075
0.619329
0.617951
0.615116
0.611121
0.606354
0.601262
0.596277
0.591694
0.587621
0.583957
0.580449
0.576819
0.572906
0.568728
0.56446
0.560333
0.556534
0.553095
0.549897
0.546733
0.543434
0.539996
0.536597
0.533621
0.53155
0.530809
0.531617
0.533924
0.537477
0.541969
0.547159
0.552937
0.559342
0.566473
0.574403
0.583116
0.592445
0.602086
0.611564
0.620326
0.627822
0.633589
0.637341
0.639042
0.638867
0.637133
0.634168
0.630196
0.625247
0.61917
0.611714
0.602636
0.591824
0.579445
0.566034
0.552516
0.540126
0.530178
0.523794
0.521587
0.523499
0.528847
0.536568
0.545507
0.554651
0.563237
0.570746
0.576819
0.58123
0.583902
0.584937
0.584624
0.583419
0.581847
0.580377
0.579271
0.578577
0.578126
0.577626
0.576773
0.575369
0.57333
0.570704
0.567609
0.56414
0.560335
0.55614
0.551482
0.546352
0.540877
0.535336
0.530165
0.52588
0.522974
0.52177
0.522352
0.524559
0.528047
0.532429
0.537385
0.542695
0.548212
0.553856
0.559532
0.56511
0.570418
0.575261
0.579418
0.5827
0.584931
0.585985
0.585787
0.584249
0.581302
0.576898
0.571041
0.563837
0.555493
0.546366
0.536949
0.527801
0.51946
0.512376
0.506862
0.503103
0.50117
0.501074
0.502788
0.506218
0.51117
0.51732
0.524213
0.531325
0.538128
0.544178
0.549179
0.552982
0.555529
0.556833
0.5569
0.555714
0.553269
0.549632
0.544982
0.539649
0.534083
0.528812
0.524339
0.521045
0.519144
0.518695
0.519636
0.521796
0.52497
0.528879
0.533123
0.537193
0.540539
0.542684
0.543336
0.54246
0.540252
0.53708
0.533407
0.529722
0.526501
0.524159
0.522998
0.523168
0.52463
0.527133
0.53028
0.533659
0.536981
0.540178
0.543381
0.546815
0.550633
0.554776
0.558996
0.562932
0.566213
0.56855
0.569793
0.56996
0.569209
0.567787
0.565928
0.563819
0.561559
0.559198
0.556734
0.554114
0.551232
0.547971
0.544225
0.539957
0.535196
0.530014
0.52454
0.518936
0.51337
0.507995
0.502913
0.498159
0.493758
0.489761
0.486256
0.48334
0.481085
0.479512
0.478584
0.478194
0.478208
0.478533
0.479157
0.48015
0.481613
0.483595
0.486058
0.48888
0.491875
0.494869
0.497767
0.500645
0.503731
0.507391
0.512005
0.517801
0.524738
0.532454
0.540323
0.547617
0.553652
0.55793
0.560164
0.56029
0.558439
0.554832
0.549764
0.543584
0.536695
0.529532
0.522555
0.516226
0.510941
0.506993
0.504491
0.503377
0.503461
0.504492
0.506217
0.508409
0.510898
0.513544
0.516257
0.51903
0.521939
0.525086
0.528527
0.532213
0.535947
0.539386
0.542119
0.543738
0.54394
0.542591
0.539775
0.535787
0.531045
0.526019
0.521142
0.516761
0.513089
0.510199
0.508036
0.506447
0.505217
0.504087
0.502798
0.501143
0.498988
0.496316
0.49325
0.49003
0.486966
0.484385
0.482567
0.48166
0.481689
0.482583
0.48428
0.48675
0.489996
0.494024
0.498761
0.504032
0.509575
0.515069
0.520239
0.524898
0.529007
0.532662
0.536087
0.539559
0.543337
0.547578
0.552277
0.55724
0.562124
0.566493
0.569924
0.572119
0.572965
0.572548
0.571168
0.56929
0.567478
0.566284
0.566165
0.56739
0.569984
0.573741
0.57828
0.583178
0.588045
0.592576
0.596564
0.599807
0.602081
0.603126
0.602665
0.600485
0.596479
0.590747
0.583621
0.575682
0.567678
0.560417
0.554602
0.550649
0.548573
0.548089
0.548787
0.550309
0.552398
0.554884
0.557551
0.560054
0.562017
0.563179
0.563497
0.563152
0.56249
0.561937
0.561858
0.562496
0.563932
0.566068
0.568658
0.571411
0.574103
0.576609
0.57893
0.581168
0.583484
0.586033
0.588933
0.592202
0.595762
0.599391
0.602778
0.605555
0.607337
0.607752
0.606479
0.603345
0.598377
0.591803
0.584119
0.576017
0.568256
0.561545
0.556359
0.552892
0.551046
0.550501
0.550844
0.551668
0.552663
0.553645
0.554599
0.555639
0.556961
0.558805
0.561375
0.564765
0.568883
0.573374
0.577645
0.580962
0.582614
0.582072
0.579112
0.573945
0.567248
0.560084
0.55369
0.549136
0.54698
0.547107
0.548963
0.551942
0.555711
0.560233
0.565595
0.571758
0.578411
0.584986
0.590798
0.595242
0.597922
0.59869
0.597634
0.595014
0.591145
0.586308
0.5807
0.574386
0.567333
0.55954
0.551213
0.542872
0.535368
0.529724
0.526856
0.527295
0.531018
0.537539
0.546061
0.555678
0.565442
0.574484
0.582073
0.587689
0.591071
0.592237
0.591449
0.589159
0.585894
0.582156
0.578326
0.574628
0.571143
0.567869
0.564825
0.562116
0.559969
0.558666
0.558453
0.559436
0.561522
0.564455
0.567927
0.571669
0.575501
0.579338
0.58317
0.586977
0.5907
0.594201
0.597284
0.599716
0.601277
0.601764
0.600985
0.598777
0.595042
0.58973
0.582851
0.574496
0.564842
0.554182
0.542981
0.531892
0.521788
0.513678
0.508541
0.507072
0.50944
0.515204
0.523426
0.532875
0.542339
0.55084
0.557762
0.562904
0.566439
0.568791
0.57045
0.571786
0.572929
0.573717
0.573832
0.572956
0.570867
0.567505
0.56293
0.557318
0.550917
0.54406
0.537185
0.53085
0.525761
0.52267
0.522217
0.524707
0.52992
0.537072
0.545003
0.552457
0.558396
0.5622
0.563685
0.563082
0.560907
0.557818
0.554463
0.551411
0.549094
0.54783
0.54783
0.549203
0.551976
0.556063
0.561239
0.567145
0.573314
0.579209
0.584299
0.588138
0.590442
0.591161
0.590466
0.588725
0.58645
0.584206
0.582422
0.581322
0.580814
0.580554
0.5801
0.579147
0.577735
0.57633
0.575744
0.576752
0.579681
0.584156
0.589217
0.593769
0.596951
0.598347
0.59797
0.59608
0.592987
0.588997
0.584341
0.579177
0.57363
0.567785
0.561712
0.555432
0.548941
0.542228
0.535296
0.528218
0.521184
0.514527
0.508713
0.504273
0.501744
0.501512
0.503768
0.508425
0.515143
0.523354
0.53239
0.541562
0.550233
0.557888
0.564152
0.568765
0.571572
0.572507
0.571564
0.568833
0.564544
0.559108
0.553143
0.547358
0.542398
0.538691
0.536405
0.535508
0.535906
0.537511
0.540221
0.543899
0.54829
0.553044
0.557718
0.561852
0.565005
0.566831
0.567119
0.565785
0.562887
0.558599
0.55318
0.546968
0.540358
0.533796
1.08852
1.07133
1.04989
1.02536
0.998799
0.971163
0.943392
0.916549
0.891831
0.870526
0.853841
0.842771
0.837951
0.839621
0.847596
0.861302
0.879742
0.90152
0.924841
0.947654
0.967848
0.983559
0.993361
0.996457
0.992762
0.982988
0.968633
0.951825
0.934889
0.919572
0.906435
0.894872
0.883799
0.872466
0.860859
0.849618
0.839733
0.832321
0.828547
0.829406
0.835472
0.846565
0.861701
0.879209
0.89707
0.913445
0.926992
0.936975
0.943118
0.94537
0.943751
0.938367
0.929548
0.918009
0.904845
0.891433
0.879156
0.869075
0.86168
0.856929
0.854492
0.854057
0.855527
0.859055
0.864894
0.873229
0.884048
0.897064
0.911675
0.926924
0.941476
0.953756
0.962156
0.965289
0.962367
0.953448
0.939593
0.92287
0.906093
0.892079
0.882627
0.877817
0.876463
0.877305
0.879874
0.884293
0.890469
0.897528
0.903827
0.907601
0.907664
0.904032
0.898023
0.891699
0.886767
0.883778
0.88228
0.881558
0.881395
0.882229
0.884959
0.89066
0.900156
0.913584
0.930019
0.947473
0.963362
0.975259
0.981387
0.98087
0.973933
0.96188
0.946855
0.931223
0.916832
0.904771
0.895512
0.889272
0.886152
0.886063
0.888659
0.893278
0.898967
0.904592
0.909033
0.911342
0.910825
0.907101
0.900119
0.89041
0.879426
0.869744
0.864404
0.865337
0.872175
0.882835
0.895058
0.907332
0.918804
0.928856
0.936784
0.941834
0.943447
0.941585
0.936896
0.930682
0.924656
0.920481
0.919278
0.921361
0.926275
0.933005
0.940214
0.946551
0.950873
0.95238
0.950641
0.945553
0.937253
0.926051
0.91241
0.896881
0.880072
0.862731
0.845728
0.830109
0.817005
0.807419
0.802068
0.801255
0.804971
0.813026
0.825171
0.841093
0.860216
0.881447
0.90314
0.923303
0.939965
0.951504
0.956857
0.955636
0.948181
0.935643
0.919867
0.903024
0.88711
0.873496
0.862776
0.854976
0.849998
0.847963
0.849237
0.85416
0.862715
0.874359
0.88824
0.903456
0.919163
0.934462
0.948437
0.960182
0.969034
0.97471
0.977338
0.977347
0.975225
0.971331
0.965707
0.958153
0.948604
0.937664
0.926842
0.918257
0.913893
0.914901
0.921377
0.932464
0.946531
0.961442
0.974922
0.985038
0.990516
0.990849
0.986231
0.977386
0.965437
0.951693
0.937498
0.923991
0.911946
0.901726
0.89338
0.886817
0.881946
0.878723
0.87708
0.876775
0.877359
0.878243
0.878924
0.87922
0.879281
0.879456
0.880055
0.88128
0.883259
0.886026
0.8894
0.892985
0.896365
0.899545
0.903147
0.908021
0.914474
0.921628
0.927658
0.930606
0.929168
0.923076
0.913045
0.900505
0.88727
0.87525
0.866266
0.861747
0.862427
0.868031
0.877264
0.888149
0.898514
0.906355
0.910124
0.908934
0.902714
0.8923
0.879231
0.865459
0.852904
0.843061
0.83669
0.833736
0.833424
0.834558
0.835882
0.836425
0.835764
0.834178
0.832676
0.832767
0.836016
0.843496
0.855425
0.871102
0.889243
0.908377
0.927265
0.944957
0.960804
0.97435
0.985202
0.992937
0.997144
0.997518
0.993961
0.986729
0.976527
0.964539
0.952289
0.941412
0.933108
0.927581
0.923832
0.920179
0.915229
0.90858
0.900622
0.891841
0.882231
0.871377
0.859105
0.846221
0.834758
0.827348
0.825928
0.8306
0.839505
0.849753
0.858564
0.864012
0.865269
0.862537
0.856858
0.849766
0.842897
0.837481
0.83398
0.831976
0.830544
0.828835
0.826617
0.824389
0.823174
0.824123
0.828053
0.835177
0.845039
0.856549
0.868218
0.878463
0.886045
0.89049
0.892357
0.893153
0.894745
0.898488
0.904546
0.91182
0.918716
0.924069
0.927533
0.929301
0.929631
0.9285
0.92574
0.92124
0.915223
0.908251
0.901114
0.894623
0.889407
0.885778
0.883784
0.883536
0.885318
0.889044
0.893755
0.898066
0.901314
0.904162
0.907868
0.913144
0.919606
0.926099
0.931313
0.934344
0.93481
0.932754
0.92847
0.922517
0.915768
0.909385
0.904432
0.901567
0.9011
0.903134
0.907444
0.913265
0.919503
0.925119
0.929307
0.931522
0.931499
0.929324
0.925386
0.920245
0.914493
0.908686
0.903256
0.898299
0.893539
0.888591
0.883302
0.877848
0.872673
0.868393
0.865833
0.865939
0.869569
0.877134
0.888366
0.902334
0.917677
0.932938
0.946739
0.957832
0.965096
0.967494
0.96415
0.954578
0.938897
0.917987
0.893475
0.867487
0.842229
0.819579
0.801005
0.787773
0.781189
0.782495
0.792122
0.808942
0.830273
0.852775
0.873446
0.890145
0.901655
0.90744
0.907414
0.90181
0.891192
0.876493
0.859116
0.84086
0.823679
0.80924
0.79866
0.792415
0.790475
0.792414
0.7975
0.804864
0.813751
0.823879
0.835462
0.848847
0.863915
0.879855
0.895526
0.910047
0.923049
0.934519
0.944398
0.952492
0.958681
0.963172
0.966464
0.969089
0.971307
0.972988
0.973767
0.973257
0.971128
0.967013
0.960433
0.951084
0.939451
0.927244
0.916919
0.910457
0.908426
0.910026
0.913987
0.919215
0.925066
0.931399
0.93863
0.947569
0.959014
0.973093
0.988771
1.00392
1.0159
1.02237
1.02178
1.01361
0.998522
0.978265
0.955467
0.933221
0.914356
0.900561
0.891866
0.886785
0.883088
0.878603
0.871792
0.861927
0.849141
0.834433
0.819601
0.807011
0.799007
0.797199
0.8021
0.813178
0.828931
0.847148
0.865354
0.881335
0.893509
0.901111
0.904232
0.903657
0.90059
0.896254
0.891668
0.887623
0.884682
0.883206
0.883305
0.884819
0.887302
0.89015
0.892802
0.894958
0.896658
0.898232
0.900055
0.902316
0.904939
0.90783
0.911115
0.915105
0.919939
0.925247
0.930133
0.933584
0.934872
0.933723
0.930276
0.92496
0.918387
0.911347
0.904783
0.899667
0.896926
0.89715
0.900443
0.906414
0.9143
0.923073
0.931516
0.938378
0.942621
0.943615
0.941262
0.936086
0.929244
0.922367
0.916818
0.912903
0.909855
0.906596
0.902466
0.897315
0.891114
0.883735
0.875341
0.866972
0.860712
0.858954
0.86317
0.873027
0.88663
0.901394
0.914918
0.92539
0.931754
0.933785
0.93215
0.928307
0.924233
0.921914
0.922644
0.926521
0.932473
0.938807
0.943921
0.946835
0.947337
0.94586
0.943405
0.941455
0.941631
0.945056
0.951876
0.961382
0.972469
0.98395
0.994604
1.00317
1.00846
1.00956
1.00597
0.99769
0.985194
0.969354
0.951337
0.932455
0.914014
0.89718
0.88284
0.871552
0.86346
0.858289
0.855463
0.854257
0.853976
0.854036
0.854003
0.853607
0.85271
0.851434
0.850459
0.851176
0.855204
0.863229
0.874179
0.885655
0.895238
0.901455
0.904053
0.903694
0.901407
0.897995
0.893704
0.888425
0.882413
0.876925
0.874144
0.876385
0.88502
0.899865
0.919339
0.941153
0.962996
0.983001
0.999878
1.01294
1.02196
1.02698
1.02811
1.02541
1.01891
1.00876
0.995381
0.979654
0.962911
0.946754
0.932704
0.921777
0.914218
0.909516
0.906669
0.904579
0.902345
0.899457
0.895831
0.891855
0.888453
0.886976
0.888703
0.894308
0.903577
0.915558
0.928932
0.942432
0.955004
0.965889
0.974567
0.980713
0.984202
0.985038
0.983291
0.978961
0.971904
0.962042
0.949813
0.936809
0.925977
0.920566
0.922106
0.92937
0.939366
0.949058
0.956244
0.959572
0.958385
0.952611
0.942759
0.929913
0.915514
0.901117
0.888004
0.876974
0.868263
0.861647
0.856581
0.852577
0.849615
0.848491
0.850614
0.857281
0.868826
0.884146
0.901075
0.917141
0.930269
0.93913
0.943226
0.942802
0.938744
0.932329
0.924948
0.917893
0.912177
0.908475
0.906995
0.90742
0.908843
0.90988
0.908918
0.904439
0.895487
0.882143
0.865959
0.849828
0.836962
0.829369
0.827176
0.829339
0.834852
0.843122
0.853576
0.865243
0.876725
0.886554
0.893652
0.897659
0.899015
0.898805
0.898423
0.89905
0.901097
0.903934
0.90609
0.905877
0.902173
0.89483
0.884647
0.873119
0.861903
0.852291
0.844872
0.839461
0.835418
0.832082
0.829077
0.826323
0.823864
0.821804
0.820359
0.819883
0.820845
0.82371
0.828676
0.835467
0.843179
0.850399
0.85555
0.857303
0.855058
0.849239
0.841409
0.833976
0.829575
0.83015
0.836233
0.846835
0.859966
0.87346
0.885599
0.895269
0.901908
0.905365
0.905819
0.903789
0.900078
0.895616
0.891137
0.887017
0.883232
0.879617
0.876389
0.874562
0.875722
0.880846
0.889015
0.897529
0.903335
0.904522
0.900828
0.893417
0.884311
0.875762
0.869666
0.867227
0.868918
0.874711
0.884268
0.897004
0.912038
0.928087
0.943499
0.956442
0.965363
0.969352
0.968426
0.963406
0.955476
0.94568
0.934601
0.922553
0.909877
0.897163
0.885221
0.874919
0.866948
0.861668
0.859113
0.859143
0.861581
0.866176
0.872461
0.879694
0.887053
0.893911
0.899915
0.904765
0.907864
0.908188
0.904438
0.895583
0.88152
0.863704
0.845268
0.830272
0.82198
0.821366
0.827262
0.837675
0.850863
0.865523
0.880462
0.894434
0.906278
0.915168
0.920823
0.923502
0.923958
0.923168
0.921999
0.920933
0.919942
0.918678
0.916762
0.914111
0.911009
0.908062
0.905998
0.905439
0.906733
0.909853
0.914398
0.91964
0.924631
0.928295
0.929505
0.927268
0.921017
0.910966
0.898423
0.885874
0.876436
0.87271
0.875594
0.883958
0.895443
0.907612
0.918686
0.927669
0.934032
0.937418
0.937556
0.934421
0.928358
0.920116
0.910519
0.900144
0.889162
0.877319
0.864057
0.848873
0.83202
0.815473
0.803266
0.799991
0.807935
0.825378
0.848037
0.87192
0.894718
0.915536
0.934069
0.95009
0.963206
0.972912
0.978632
0.979843
0.976321
0.968342
0.956831
0.943197
0.9291
0.916085
0.905236
0.897041
0.891283
0.887042
0.882875
0.877241
0.869095
0.858495
0.846986
0.837257
0.831994
0.832393
0.837567
0.845439
0.854239
0.863287
0.872728
0.882827
0.893395
0.903782
0.913147
0.920827
0.926535
0.930303
0.932282
0.932549
0.931046
0.927723
0.92268
0.916376
0.909636
0.903488
0.898862
0.896367
0.896198
0.898172
0.901949
0.907192
0.913605
0.920905
0.928695
0.936451
0.943532
0.949322
1.10278
1.10241
1.09904
1.09329
1.08587
1.07739
1.06824
1.05871
1.04918
1.04027
1.03287
1.02798
1.02623
1.02741
1.03014
1.03215
1.03087
1.02422
1.01116
0.992298
0.970298
0.949631
0.935084
0.929696
0.933879
0.946193
0.96439
0.985986
1.00847
1.02959
1.04753
1.06082
1.06817
1.06835
1.06049
1.04465
1.02235
0.99666
0.971594
0.950927
0.936804
0.929198
0.926774
0.928498
0.934574
0.945858
0.962234
0.981664
1.0009
1.01705
1.02856
1.03539
1.03846
1.03894
1.0377
1.03501
1.03067
1.02451
1.01684
1.00867
1.00122
0.99521
0.990365
0.985548
0.979504
0.97162
0.962286
0.952729
0.944554
0.939221
0.937639
0.940001
0.945898
0.954578
0.965031
0.975824
0.98494
0.990023
0.989086
0.98143
0.968179
0.952112
0.936773
0.92544
0.92043
0.92245
0.929952
0.939426
0.94692
0.949596
0.946422
0.937936
0.925643
0.911431
0.897112
0.884044
0.873074
0.864776
0.859575
0.857331
0.85672
0.855542
0.852004
0.845933
0.83885
0.833212
0.831422
0.835164
0.845014
0.86027
0.878949
0.898174
0.914799
0.926102
0.930443
0.927608
0.919044
0.907537
0.89632
0.887965
0.883654
0.883286
0.885934
0.890419
0.895836
0.902063
0.909723
0.919598
0.931977
0.946356
0.961639
0.976623
0.990432
1.00267
1.01322
1.02207
1.02906
1.03381
1.03567
1.03393
1.02812
1.01832
1.00551
0.991806
0.980347
0.974627
0.977342
0.989197
1.00858
1.03216
1.05602
1.07649
1.09069
1.09665
1.09374
1.0833
1.06934
1.05799
1.0542
1.05822
1.06611
1.07354
1.07789
1.07781
1.07237
1.06109
1.04426
1.02312
0.999919
0.977585
0.959049
0.946339
0.939871
0.938453
0.939915
0.942015
0.943101
0.942433
0.940354
0.938011
0.936852
0.938036
0.941935
0.947929
0.95462
0.960288
0.963443
0.963224
0.959571
0.953153
0.945205
0.937253
0.930916
0.927669
0.928645
0.934431
0.944836
0.958769
0.974423
0.9896
1.00216
1.01049
1.01398
1.01324
1.0099
1.00594
1.00269
1.00048
0.998801
0.996826
0.993735
0.98894
0.982314
0.974377
0.966206
0.959207
0.954687
0.953364
0.955073
0.958783
0.963001
0.966207
0.96723
0.965524
0.961279
0.955354
0.948926
0.943152
0.938922
0.936744
0.936821
0.939142
0.943507
0.949484
0.956355
0.963164
0.96895
0.973087
0.975541
0.976713
0.977191
0.977502
0.978095
0.979422
0.981921
0.985839
0.990918
0.996198
1.00022
1.00172
1.00035
0.997059
0.993907
0.993244
0.996584
1.00391
1.01396
1.02517
1.03636
1.04685
1.056
1.06279
1.06588
1.06414
1.05735
1.0464
1.03314
1.01982
1.00848
1.00038
0.995776
0.994211
0.994991
0.997411
1.00072
1.00398
1.00627
1.00694
1.00588
1.0035
1.0004
0.997094
0.993813
0.990512
0.987112
0.983731
0.980865
0.979233
0.979486
0.981997
0.986758
0.993386
1.0012
1.00924
1.01646
1.02188
1.02486
1.0253
1.02385
1.0218
1.02076
1.02203
1.02602
1.03203
1.03856
1.04407
1.04768
1.04958
1.0508
1.05265
1.05606
1.06104
1.06657
1.07076
1.07133
1.06635
1.05506
1.03859
1.02013
1.00375
0.992508
0.986956
0.985272
0.984623
0.982695
0.978514
0.972595
0.966521
0.961918
0.959473
0.95875
0.958815
0.959039
0.959365
0.960137
0.961787
0.964699
0.969186
0.975406
0.983123
0.991423
0.99879
1.00367
1.0052
1.00368
1.00018
0.995719
0.990837
0.985751
0.980721
0.975918
0.971095
0.965579
0.958634
0.949954
0.939952
0.929754
0.921079
0.916003
0.916431
0.923365
0.936358
0.953484
0.971947
0.988846
1.00181
1.00929
1.01071
1.00636
0.997399
0.985713
0.973612
0.963137
0.955333
0.950405
0.948775
0.951585
0.959853
0.973288
0.990206
1.0084
1.02597
1.04161
1.0546
1.06468
1.07201
1.07699
1.08012
1.08191
1.08283
1.08321
1.0833
1.08306
1.08219
1.08014
1.07622
1.06976
1.06033
1.04793
1.03326
1.01793
1.00425
0.994484
0.989793
0.989491
0.991571
0.993875
0.995124
0.995242
0.995055
0.995731
0.997987
1.00152
1.00493
1.00627
1.00393
0.997207
0.986383
0.972559
0.95748
0.943267
0.932062
0.92555
0.924626
0.929296
0.938823
0.952001
0.967383
0.983397
0.998475
1.01133
1.02118
1.02791
1.03187
1.0334
1.0327
1.02993
1.02566
1.02098
1.0172
1.01543
1.01604
1.01865
1.02229
1.02576
1.02786
1.02742
1.02326
1.01429
0.999857
0.9803
0.957327
0.933886
0.913461
0.899
0.892199
0.893407
0.901911
0.916198
0.934069
0.952805
0.969652
0.982405
0.989813
0.991542
0.987906
0.97957
0.967499
0.953102
0.938534
0.926724
0.920777
0.922846
0.933105
0.94979
0.970039
0.99109
1.01094
1.02845
1.04303
1.05429
1.06192
1.06569
1.06553
1.06155
1.05402
1.0435
1.03082
1.01717
1.00395
0.992466
0.983566
0.977468
0.973752
0.97159
0.970068
0.968374
0.965929
0.962422
0.958
0.95355
0.950807
0.951872
0.958157
0.969466
0.984034
0.999407
1.01345
1.02495
1.03361
1.03982
1.04422
1.04751
1.05043
1.05371
1.05794
1.06333
1.0694
1.07511
1.07912
1.08034
1.07824
1.07302
1.06549
1.05689
1.04868
1.04241
1.03946
1.04064
1.04577
1.05352
1.06192
1.06893
1.07302
1.07345
1.07031
1.06432
1.05649
1.04773
1.03849
1.02894
1.01914
1.00927
0.99956
0.990155
0.980984
0.971892
0.962942
0.954597
0.947719
0.943306
0.942147
0.944499
0.949962
0.957531
0.96583
0.973361
0.978777
0.981197
0.980437
0.97707
0.972299
0.967596
0.964139
0.962391
0.961938
0.961803
0.960956
0.958757
0.95525
0.951199
0.947999
0.947334
0.950577
0.958223
0.969614
0.983263
0.997482
1.01095
1.0229
1.03295
1.04101
1.04731
1.05237
1.05658
1.05951
1.05993
1.05678
1.05038
1.04265
1.03599
1.03175
1.0294
1.02714
1.02319
1.01681
1.00848
0.99942
0.99094
0.984158
0.980035
0.979339
0.982355
0.988509
0.996394
1.00437
1.01135
1.01707
1.02185
1.02616
1.03017
1.03351
1.03536
1.03466
1.0305
1.02241
1.01051
0.995528
0.978811
0.962363
0.948639
0.940133
0.938848
0.945777
0.960579
0.981502
1.00563
1.0296
1.05052
1.06662
1.07741
1.08344
1.08587
1.08595
1.08468
1.08258
1.07966
1.07556
1.06984
1.06214
1.05236
1.04062
1.02734
1.01319
0.999004
0.985761
0.974536
0.966395
0.962221
0.96243
0.966771
0.974322
0.983731
0.993592
1.0027
1.01019
1.01559
1.01875
1.01975
1.01888
1.01631
1.01185
1.00488
0.994855
0.982126
0.968434
0.956411
0.948438
0.945499
0.9471
0.951969
0.958828
0.966669
0.97463
0.98188
0.987805
0.992279
0.995788
0.999376
1.00435
1.0118
1.02211
1.03456
1.0475
1.05904
1.06749
1.0718
1.07146
1.06647
1.05716
1.04416
1.02846
1.01144
0.994771
0.980233
0.969321
0.96289
0.960959
0.962867
0.967633
0.974212
0.981433
0.987796
0.991503
0.990875
0.985071
0.974738
0.96212
0.950456
0.942674
0.940199
0.94266
0.948573
0.956173
0.963898
0.970628
0.975738
0.979118
0.981037
0.981928
0.982128
0.981771
0.980796
0.978969
0.975991
0.971578
0.965678
0.958852
0.952466
0.948342
0.947751
0.950711
0.956221
0.962978
0.969849
0.975962
0.980586
0.983086
0.982994
0.980046
0.974226
0.965796
0.955331
0.943719
0.932184
0.922189
0.915261
0.912774
0.915622
0.923827
0.936317
0.951054
0.965664
0.978191
0.987563
0.993461
0.995875
0.994786
0.990259
0.982732
0.97316
0.962859
0.953154
0.945182
0.939672
0.936995
0.937266
0.94039
0.946062
0.953713
0.96257
0.971877
0.981206
0.990724
1.00111
1.01322
1.02752
1.04344
1.05928
1.07252
1.08055
1.08138
1.07409
1.05905
1.03776
1.0127
0.986872
0.963125
0.943551
0.929356
0.921191
0.919673
0.92543
0.938546
0.957989
0.981729
1.0073
1.03238
1.05509
1.07414
1.08878
1.09882
1.10442
1.10588
1.10342
1.09714
1.0871
1.07338
1.05637
1.03705
1.01702
0.998422
0.983383
0.973368
0.968791
0.969037
0.972952
0.979333
0.987161
0.995554
1.00369
1.01085
1.01646
1.02016
1.02179
1.02137
1.01917
1.01567
1.01153
1.00736
1.00376
1.00132
1.00068
1.00246
1.00705
1.01424
1.02312
1.03234
1.04036
1.04582
1.04767
1.04533
1.0388
1.02867
1.01608
1.00258
0.989858
0.979544
0.97287
0.970452
0.972231
0.977572
0.985532
0.995142
1.00548
1.01556
1.02441
1.03106
1.03477
1.0351
1.03213
1.02638
1.01878
1.01044
1.00254
0.99626
0.992529
0.991802
0.993771
0.997411
1.00126
1.00386
1.00408
1.00136
0.995756
0.987903
0.978832
0.969476
0.960372
0.951661
0.943494
0.93633
0.930839
0.927452
0.925917
0.925383
0.924836
0.923546
0.921223
0.917969
0.914095
0.909986
0.906115
0.903123
0.901849
0.903145
0.907473
0.91462
0.923643
0.933209
0.942236
0.950494
0.958789
0.968393
0.980033
0.993238
1.00657
1.01841
1.02753
1.0333
1.0356
1.03475
1.03152
1.02716
1.02321
1.021
1.02119
1.02351
1.02698
1.0304
1.03267
1.03317
1.03178
1.02882
1.02492
1.02082
1.01721
1.01454
1.01288
1.01184
1.01069
1.00878
1.00592
1.00256
0.999585
0.997865
0.997864
0.999328
1.00129
1.00241
1.00148
0.998161
0.993395
0.989278
0.987806
0.989389
0.992488
0.994903
0.995184
0.993045
0.988997
0.983768
0.977927
0.971896
0.966181
0.961516
0.958679
0.95809
0.959485
0.962067
0.965136
0.968546
0.972786
0.97884
0.987754
1.00014
1.01572
1.03327
1.05077
1.06606
1.07744
1.08396
1.08556
1.08279
1.07648
1.06744
1.05642
1.04426
1.03199
1.02086
1.01214
1.00674
1.00497
1.00641
1.01004
1.01465
1.01914
1.02272
1.02494
1.02556
1.02436
1.02102
1.01529
1.00728
0.997639
0.987353
0.977255
0.967659
0.95848
0.949684
1.08995
1.07857
1.06724
1.0567
1.0473
1.03918
1.03266
1.02855
1.02804
1.0322
1.04097
1.05288
1.06581
1.07837
1.09041
1.10242
1.11443
1.12571
1.13535
1.14283
1.14831
1.15231
1.1554
1.15797
1.16024
1.16233
1.1643
1.1661
1.1677
1.16899
1.16978
1.16967
1.16811
1.16467
1.15935
1.15261
1.14522
1.13792
1.13117
1.12514
1.11978
1.11489
1.11042
1.10669
1.10437
1.10392
1.10489
1.10595
1.10562
1.10316
1.0988
1.09349
1.08847
1.08486
1.08322
1.08359
1.08598
1.09072
1.09834
1.10883
1.121
1.13258
1.14106
1.14477
1.1433
1.13752
1.12901
1.11952
1.11043
1.1024
1.09517
1.08763
1.07809
1.06486
1.04696
1.02487
1.00097
0.979341
0.964577
0.959979
0.966047
0.98054
0.999981
1.0212
1.04197
1.06091
1.07696
1.08911
1.09638
1.09814
1.09443
1.08628
1.07577
1.06586
1.05959
1.05892
1.06374
1.07205
1.08094
1.0879
1.09162
1.09211
1.09024
1.087
1.08284
1.07732
1.06938
1.05802
1.04304
1.02529
1.00653
0.988818
0.974245
0.96481
0.962365
0.968307
0.982718
1.00374
1.02784
1.05102
1.06995
1.08272
1.0888
1.08869
1.08347
1.07451
1.06332
1.05149
1.04075
1.03294
1.02979
1.03239
1.04063
1.05301
1.06721
1.08097
1.09291
1.103
1.1124
1.12281
1.13535
1.14957
1.16347
1.17449
1.18083
1.18214
1.1795
1.17475
1.16986
1.16632
1.16478
1.16484
1.16521
1.16416
1.16005
1.15192
1.13982
1.12507
1.11013
1.09806
1.09167
1.09243
1.09976
1.11139
1.12423
1.13542
1.14285
1.14517
1.1418
1.13289
1.11957
1.10406
1.08925
1.07775
1.0708
1.06788
1.06745
1.06803
1.06878
1.0695
1.07039
1.07189
1.07438
1.07813
1.0832
1.08938
1.09614
1.10282
1.10876
1.11344
1.11638
1.11717
1.1158
1.11285
1.10924
1.10572
1.10245
1.09919
1.09588
1.09294
1.09113
1.09106
1.09281
1.0957
1.09851
1.0997
1.09766
1.0911
1.07936
1.06284
1.04319
1.02338
1.0072
0.998303
0.999076
1.01006
1.0301
1.05705
1.08831
1.1212
1.15316
1.18186
1.20526
1.22175
1.2303
1.23066
1.22352
1.2104
1.19348
1.17515
1.1575
1.14196
1.12916
1.11904
1.11116
1.10492
1.09959
1.09436
1.08837
1.08108
1.0726
1.06403
1.05729
1.05448
1.05698
1.0647
1.07602
1.08845
1.09945
1.10723
1.11098
1.11096
1.10822
1.10431
1.10063
1.09797
1.09627
1.09476
1.09252
1.08879
1.08332
1.07625
1.06821
1.06048
1.05507
1.05409
1.05861
1.06801
1.08064
1.09471
1.10874
1.1215
1.13197
1.13953
1.14403
1.14556
1.14407
1.13924
1.13072
1.11856
1.10346
1.08672
1.07011
1.05561
1.04502
1.03945
1.03859
1.04054
1.04286
1.0439
1.0435
1.04256
1.04205
1.0423
1.04293
1.04325
1.04275
1.0414
1.03977
1.03903
1.04113
1.04836
1.06196
1.08059
1.10047
1.1174
1.12861
1.1331
1.13091
1.12235
1.1077
1.08744
1.06288
1.03681
1.0138
0.999132
0.996374
1.0053
1.02218
1.04199
1.06031
1.07423
1.08227
1.08405
1.07984
1.07019
1.05566
1.03681
1.01428
0.989114
0.963015
0.938506
0.918643
0.906385
0.903905
0.912022
0.930016
0.955883
0.986961
1.02054
1.05423
1.08606
1.11429
1.13734
1.15374
1.16239
1.16271
1.1548
1.13952
1.11838
1.09365
1.06831
1.04592
1.03001
1.0228
1.02415
1.03146
1.04086
1.04891
1.05368
1.05486
1.05353
1.05167
1.05154
1.05502
1.06286
1.07429
1.08725
1.09898
1.10696
1.10967
1.10707
1.10043
1.09162
1.08232
1.07342
1.06496
1.05644
1.04738
1.0377
1.02791
1.01901
1.01196
1.00714
1.00392
1.00119
0.998603
0.997389
1.00018
1.00943
1.02527
1.04478
1.06347
1.07735
1.08413
1.08356
1.07718
1.06794
1.05934
1.05433
1.05454
1.06004
1.06983
1.08238
1.09598
1.10881
1.119
1.12491
1.12547
1.12064
1.11178
1.10145
1.0927
1.0876
1.08624
1.08699
1.08781
1.08772
1.08719
1.08767
1.09063
1.09663
1.10496
1.11401
1.12217
1.12841
1.13251
1.13474
1.13556
1.13539
1.1347
1.13386
1.13306
1.13229
1.13148
1.13051
1.1293
1.1277
1.12549
1.12265
1.11955
1.11699
1.11589
1.11687
1.11991
1.12438
1.12909
1.13245
1.13307
1.1306
1.12641
1.12297
1.12215
1.12393
1.12698
1.1303
1.13414
1.1395
1.14701
1.15627
1.16594
1.17431
1.18013
1.18292
1.18304
1.18117
1.17779
1.17277
1.16573
1.15707
1.1489
1.14499
1.14831
1.15826
1.17089
1.18195
1.18906
1.19189
1.19135
1.18865
1.18476
1.18013
1.17468
1.16803
1.15991
1.15067
1.14139
1.13371
1.12927
1.12908
1.13329
1.14115
1.15128
1.16215
1.17216
1.1798
1.18377
1.18328
1.17833
1.16974
1.15898
1.14768
1.13731
1.1289
1.12292
1.11937
1.11808
1.11877
1.12122
1.12516
1.1301
1.1352
1.13937
1.14149
1.14068
1.13626
1.12781
1.11521
1.09907
1.08124
1.06494
1.05403
1.05193
1.06056
1.08012
1.10909
1.14451
1.18228
1.21795
1.2476
1.26868
1.28021
1.28266
1.2776
1.26727
1.25398
1.23946
1.22455
1.20921
1.1932
1.17684
1.16162
1.14968
1.1424
1.13926
1.13789
1.13538
1.12936
1.11884
1.10506
1.09167
1.08273
1.0795
1.07974
1.08043
1.0802
1.07938
1.0789
1.07936
1.08073
1.08246
1.08396
1.08487
1.08527
1.08538
1.08531
1.08479
1.08321
1.07988
1.07441
1.06694
1.05806
1.04855
1.03902
1.02979
1.021
1.01277
1.0054
0.999448
0.995649
0.994671
0.996993
1.0028
1.01212
1.02499
1.04147
1.06144
1.08415
1.10807
1.13103
1.1508
1.16565
1.17482
1.17849
1.17757
1.17315
1.16612
1.15684
1.14533
1.13171
1.11673
1.10191
1.08921
1.0801
1.07489
1.07279
1.0726
1.07346
1.075
1.07709
1.07965
1.08249
1.08538
1.08809
1.09035
1.09208
1.09336
1.09449
1.09583
1.09764
1.10001
1.10285
1.10578
1.10796
1.10822
1.1053
1.09864
1.08908
1.07917
1.0724
1.07144
1.07664
1.08601
1.09652
1.10578
1.11284
1.11831
1.12387
1.13119
1.14088
1.15209
1.16329
1.17329
1.18149
1.18749
1.19078
1.19103
1.18851
1.18389
1.17771
1.16988
1.15973
1.14649
1.12967
1.10926
1.08569
1.06005
1.0342
1.01071
0.992009
0.979603
0.973643
0.973192
0.976803
0.9831
0.99123
1.00107
1.01306
1.02756
1.04409
1.06101
1.07609
1.08753
1.09487
1.09911
1.10207
1.10555
1.11052
1.11694
1.12415
1.13139
1.13829
1.14495
1.15186
1.15939
1.16728
1.1744
1.1792
1.1804
1.17753
1.17092
1.1614
1.15002
1.13788
1.12599
1.11527
1.1065
1.10006
1.09568
1.09231
1.08828
1.08181
1.07161
1.05751
1.04051
1.02266
1.00653
0.99484
0.990035
0.993848
1.00678
1.02751
1.05296
1.07935
1.10352
1.1235
1.13838
1.14811
1.15311
1.15413
1.15197
1.14739
1.14072
1.13175
1.11963
1.10337
1.08261
1.0586
1.03459
1.01524
1.00515
1.00732
1.02215
1.04737
1.07886
1.11186
1.14189
1.1654
1.18021
1.18574
1.18297
1.17415
1.1622
1.14992
1.13932
1.1313
1.12606
1.1237
1.12466
1.12932
1.13739
1.14754
1.15765
1.16539
1.16883
1.16702
1.16047
1.15108
1.14148
1.13373
1.1282
1.12362
1.11826
1.11095
1.10138
1.09013
1.07862
1.06903
1.06382
1.06501
1.07344
1.08857
1.10879
1.13191
1.15575
1.17833
1.19815
1.21403
1.22505
1.23039
1.22935
1.22159
1.20749
1.18853
1.16729
1.1469
1.13023
1.11927
1.11479
1.11646
1.12314
1.13324
1.14491
1.15625
1.16533
1.17035
1.16988
1.16319
1.15049
1.13287
1.1122
1.0909
1.07152
1.056
1.0452
1.0391
1.03713
1.03824
1.04088
1.0433
1.04396
1.0422
1.03883
1.03649
1.03892
1.04876
1.06534
1.08483
1.10287
1.11681
1.1261
1.13156
1.13446
1.13604
1.13722
1.13849
1.13981
1.14069
1.14042
1.13842
1.13467
1.12999
1.12587
1.12421
1.12662
1.13376
1.14509
1.15908
1.17372
1.18683
1.19641
1.20098
1.19969
1.19242
1.17969
1.16248
1.14207
1.11993
1.09782
1.07774
1.06191
1.05226
1.04981
1.0541
1.06331
1.07505
1.08741
1.09959
1.11167
1.12389
1.13601
1.14727
1.15681
1.16416
1.16931
1.17263
1.1748
1.17667
1.17885
1.18124
1.18275
1.18155
1.17604
1.16607
1.15351
1.14197
1.13534
1.13639
1.14588
1.16196
1.18007
1.19443
1.20111
1.19972
1.19268
1.18333
1.17455
1.16819
1.16502
1.16474
1.16615
1.16781
1.16874
1.16881
1.1686
1.16892
1.17005
1.17135
1.17155
1.16951
1.16492
1.15846
1.15145
1.14522
1.14063
1.13771
1.13582
1.13409
1.13179
1.1285
1.1241
1.1185
1.11175
1.104
1.09554
1.08667
1.07755
1.06806
1.05795
1.04707
1.03564
1.0247
1.01607
1.01191
1.01363
1.02094
1.03201
1.04463
1.05733
1.06944
1.08043
1.08943
1.09534
1.09721
1.09455
1.08767
1.07774
1.06686
1.0575
1.05156
1.04951
1.05029
1.05202
1.05288
1.05179
1.04862
1.04417
1.03985
1.03731
1.03809
1.04316
1.0524
1.06464
1.07799
1.09046
1.10017
1.10543
1.10485
1.09786
1.08517
1.06892
1.05209
1.03761
1.02754
1.02288
1.0237
1.02929
1.03828
1.04878
1.05885
1.06697
1.0724
1.07512
1.07577
1.07531
1.07462
1.0742
1.07416
1.07437
1.07474
1.07544
1.07687
1.07951
1.08365
1.089
1.09461
1.09898
1.10044
1.09776
1.09062
1.07988
1.06752
1.05598
1.04695
1.04061
1.03601
1.03257
1.03098
1.03278
1.03884
