0.625217
0.695343
1.54357
0.285988
0.0296592
0.878606
0.769864
0.678755
0.485133
1.52245
1.25384
0.176006
0.115819
1.54874
1.19056
1.08784
1.55857
0.205361
1.42131
0.864245
1.47594
1.01402
0.290461
1.55655
0.295118
1.41132
0.0642314
0.405637
0.62858
1.43434
0.281411
0.626879
0.427626
0.153761
1.17727
1.03583
1.17944
0.961142
0.854431
0.422653
0.135288
0.369121
1.07838
0.96325
1.52393
1.41583
0.829428
0.0927422
0.457511
0.570665
0.192552
1.22879
1.56717
1.15859
1.43733
0.571465
1.21203
0.974372
1.14225
0.73658
0.616454
0.0423189
0.801378
0.522406
0.996348
0.880441
0.0292129
0.47508
1.50656
0.805164
1.2307
1.30047
1.44846
1.32675
0.81305
0.456224
0.250641
0.458526
0.450731
0.449009
0.495788
0.748217
0.205882
0.133333
1.04644
0.236038
0.742705
0.297586
1.10569
0.995632
1.09321
1.16698
1.47621
1.3294
0.0859671
0.791366
1.20329
0.780319
1.36163
1.01864
1.0764
0.17172
1.3796
1.06466
0.895859
1.04847
0.641929
0.24923
0.692151
0.908966
0.911425
0.44573
1.32147
0.800206
0.732353
0.780191
0.213399
1.28967
0.892061
0.0646138
1.50336
1.50697
0.349298
0.50395
0.952121
0.0568528
0.128711
1.56478
1.33986
1.2135
0.499816
0.52545
0.309481
1.18722
1.01475
0.132971
0.841321
0.750493
0.292791
0.995344
0.629114
1.43261
1.16928
0.751698
0.930203
0.447387
0.455148
0.75121
0.0877958
1.5455
0.541546
0.909032
0.797792
0.193437
1.52224
1.54686
0.443918
1.24741
1.41321
1.50778
1.20146
1.46715
0.10557
1.44067
1.03558
0.712319
0.104902
0.575809
0.839876
0.85035
1.28933
0.05571
0.0556356
1.09288
0.516873
0.353356
0.978409
1.30427
0.867901
0.95835
0.362439
1.05894
0.544248
0.567533
0.685092
1.11358
0.597128
0.643795
1.34862
0.570686
0.0624235
1.18105
1.47106
0.438147
1.13745
0.20877
0.116297
0.289671
0.876375
0.317874
0.518388
0.254579
0.474244
0.131601
1.28076
1.23989
0.883367
1.1782
0.66318
0.0450511
1.05787
0.80536
1.28388
1.18274
1.41796
0.125173
0.769667
0.889422
0.28292
0.770904
0.633198
0.101057
1.33069
0.0341134
1.21404
1.36573
0.782014
0.0814907
1.16896
0.268817
1.43402
1.5668
0.405541
0.79414
0.256628
1.22485
0.998766
0.503277
0.0580071
0.403092
1.43616
0.855379
1.02907
0.184624
0.860669
0.504769
0.84627
1.09137
0.976627
1.05182
0.592259
1.43601
0.784085
0.123346
1.09773
0.0853926
1.43831
1.07701
1.22282
1.24999
1.09986
0.509417
0.173015
0.424994
1.51109
1.44049
0.646527
1.2355
0.0524644
0.084356
1.19129
0.29099
0.277551
1.27365
0.812996
1.37421
1.0717
0.126555
1.10414
0.455645
0.245685
0.469393
1.261
0.242293
1.35264
1.51396
1.16421
0.981039
0.609829
1.1366
1.31408
0.486296
0.987956
0.689193
0.509037
0.640799
0.991612
0.23632
1.54955
0.853366
0.328795
0.618405
0.600887
0.772258
0.447214
0.0242885
1.25259
0.760692
0.268494
0.693146
0.976988
0.172256
1.13879
0.372597
1.23749
1.01068
1.55
1.15894
0.880265
0.599073
0.683965
0.566247
0.649506
0.676554
0.874748
1.43133
1.11964
1.46569
0.26285
0.146147
0.496435
0.804294
1.10269
0.39481
1.15246
0.130958
0.788376
1.22034
0.575139
1.52472
0.0969232
0.859958
0.727243
0.146269
0.941985
0.188422
0.86473
0.370076
1.28695
0.205158
0.237087
1.26687
1.25157
1.35195
0.652274
1.42857
1.55716
0.950608
1.10625
0.869422
0.92238
1.2156
0.721147
1.00418
1.05612
1.32036
0.762423
0.599334
0.302555
0.216061
1.04257
1.32008
1.15411
1.5421
0.527704
0.595853
1.21699
0.624402
0.969833
0.55695
0.483924
1.03324
0.873537
1.17466
0.40367
1.07086
0.899959
0.520918
1.41115
0.0046989
0.172852
0.0157058
0.410046
0.783711
1.14586
0.0685397
0.781016
0.676806
0.360122
0.291154
1.27858
0.585352
0.380423
0.58408
0.513085
1.37898
1.35156
1.44159
0.0298646
1.04203
1.40743
0.422339
0.369783
0.586341
0.847799
0.497384
0.875762
0.146169
0.0541684
0.281881
0.141995
0.903628
0.253213
1.54029
0.839828
1.30663
0.76509
1.09246
0.647116
0.801177
0.175291
0.814451
0.737989
1.36385
0.0488455
1.36007
0.259068
0.898221
0.217479
1.44939
0.309039
1.44224
0.638372
0.52148
0.239354
1.29595
0.622391
1.19467
0.727049
1.2756
1.38852
1.08171
1.28938
1.12208
0.501839
0.09687
0.234058
1.26255
1.20965
1.03862
1.24059
1.19352
0.416694
1.34138
1.06697
0.192939
0.533627
1.23186
1.17926
0.89198
1.04953
0.910412
0.253894
1.0537
0.284912
1.54102
0.599321
1.34095
1.43987
0.634888
0.58984
1.06195
0.0517351
0.349299
1.3835
1.39787
1.55098
0.907042
0.528182
1.40815
0.163218
0.544735
0.79334
0.536466
1.50976
0.48721
0.485005
1.46209
0.52144
0.862055
0.251534
0.857824
0.145202
1.3415
1.031
0.284692
0.462747
1.47639
1.20668
0.733669
1.04447
0.00937767
1.24273
0.844509
0.402956
1.34563
0.189514
0.614524
0.0567676
0.92545
1.26271
0.770035
0.795515
0.324311
0.770332
0.50799
0.597605
0.0678408
0.357505
1.47277
1.54228
1.25199
0.787772
0.359443
0.751172
0.650698
1.3377
1.38784
0.333431
0.159883
1.21356
0.375993
0.15352
1.46521
0.0150344
0.77205
0.327456
0.549209
0.221099
0.611766
0.53868
1.48666
0.675657
1.20099
1.0035
0.837581
0.303673
0.252737
1.04569
1.39073
1.45038
0.638626
0.0196498
0.523324
0.842079
0.846612
0.268312
0.948051
1.24349
0.0242171
0.317405
1.14452
0.101615
0.996896
1.53188
1.30278
0.168973
0.185505
0.491227
1.32255
0.108338
0.239441
0.720294
1.55156
1.41356
0.469595
0.69557
0.757843
1.17059
1.53745
0.166736
0.638717
0.252817
0.0321597
0.133467
1.53978
1.05987
0.825618
1.49006
0.691234
0.595289
1.06415
0.231083
0.842879
0.676935
1.56025
0.241962
1.33739
0.370963
0.107567
0.0930367
0.369028
0.493698
0.878422
0.066658
0.823549
0.0559948
0.262426
1.29682
1.00254
0.158353
1.08214
0.532504
1.37218
1.49178
0.883189
0.679772
0.526803
0.936288
1.16999
1.19534
0.328919
0.809068
0.617492
0.835408
1.05309
0.111818
1.12724
0.0631455
1.26473
0.248502
0.393901
1.22181
1.06656
0.334821
0.626406
0.206883
0.962407
1.35856
0.117697
1.21348
0.277787
0.882345
0.249184
1.03088
0.78465
0.850427
1.54685
0.700687
1.56813
0.856816
1.09812
0.58423
0.133882
1.35857
0.243193
0.648798
1.49588
0.232881
1.24625
1.00442
1.12626
1.10026
0.99515
0.93554
1.42973
0.366245
1.43885
1.36683
0.64026
0.441534
1.26358
1.28259
1.18243
1.42276
0.898401
1.36534
1.04587
1.12445
0.817506
0.526676
0.0934083
1.49818
1.5589
0.916302
1.43083
1.44984
0.568073
1.19221
1.08096
0.368966
0.221858
0.2137
1.55167
1.16011
0.00364912
0.561242
0.0318506
0.299523
0.0407937
0.0497733
1.43691
0.869456
1.387
1.53113
1.01683
0.412339
0.626568
0.63716
1.38001
1.44161
0.586048
0.247677
0.1311
1.09352
1.07318
0.230387
0.396441
1.49153
0.489587
1.5223
0.122073
1.42814
0.968478
0.288183
1.30644
0.363146
1.31531
1.16037
1.52101
0.902037
0.943558
0.289269
1.39132
0.922537
0.818524
1.29722
1.50752
1.3465
0.478898
0.153413
1.18898
0.696227
1.35963
1.20867
0.258251
0.586479
1.47188
1.01865
1.40539
1.22489
0.925306
0.68975
0.572419
0.411926
1.01666
0.602757
1.10506
0.431092
0.679803
0.0314685
0.761212
1.12678
0.750953
0.753617
1.39223
0.376872
0.683433
0.516666
1.41201
0.212711
1.45274
1.28822
1.26038
1.22439
0.824003
0.0657392
1.50963
0.923721
0.997475
0.725901
1.16601
0.0995335
1.23472
0.0704963
1.00444
1.21193
0.718129
1.36636
0.323459
0.206034
1.43116
0.581275
0.414356
0.963065
0.684814
0.872723
0.661072
0.457465
0.680591
1.39895
0.551011
0.0763623
0.880458
0.325754
1.34926
0.430801
0.178873
0.904707
0.874441
0.683837
1.45794
0.387462
1.1777
1.40876
0.656724
1.0476
0.897722
1.36742
0.983494
1.02355
0.41432
0.307918
1.47012
0.283454
0.0875079
0.785635
1.09876
0.584269
0.00998959
0.815526
0.467665
0.796871
0.295868
0.511389
0.683397
0.643583
0.562402
0.0384726
0.707641
0.673584
0.326128
0.142572
0.503208
0.83095
1.48574
0.684857
1.44957
1.35249
0.297379
0.565103
1.53626
1.15112
0.000839772
0.655401
0.113107
0.714157
1.34564
0.763788
1.51041
0.142016
0.538268
0.247812
0.825553
0.605434
0.308696
0.180994
0.968111
1.38473
0.626265
1.56252
1.50519
0.697423
1.24174
0.28371
0.20898
0.376438
0.575027
0.240368
0.0764432
0.772368
0.278154
0.70035
0.790313
1.38286
0.830311
1.30237
1.19691
1.27431
0.677516
1.40857
1.24442
1.13962
1.00267
0.66279
0.802614
0.444964
0.84531
1.52192
0.976393
1.11993
0.762613
0.679027
0.431207
0.422945
0.124373
0.385992
1.25955
0.771417
0.320871
0.874009
0.684136
0.941655
0.934867
0.0438144
1.37627
0.843062
0.978752
0.327911
0.670252
0.251171
1.25578
0.510823
0.558322
0.157601
1.08805
0.517806
0.866884
0.914238
0.379399
0.395051
0.922312
0.0955513
0.210243
0.102038
1.16351
0.853291
0.289002
0.0525887
1.5377
1.0328
0.355147
1.28614
0.294496
0.875336
0.671789
0.059905
0.911794
0.508034
0.932049
0.473282
0.246862
0.584509
1.40227
0.0593727
0.302651
0.383599
0.264116
0.282747
0.0599923
1.55131
1.38921
0.271536
1.42125
0.271082
1.06582
0.902238
1.14869
0.816607
0.689568
0.680209
1.1539
0.145079
0.130108
1.3655
0.756692
0.406077
1.12366
0.011768
0.304338
1.19225
0.990083
0.16539
0.131763
0.802195
1.47872
0.563145
1.06686
0.148438
1.24789
0.923105
0.599574
0.932202
1.07256
1.4199
1.49958
0.862303
0.204498
1.31565
0.725837
1.54044
0.737579
0.581157
0.42217
1.24195
0.943278
0.249734
0.099862
1.15959
0.707812
0.49278
1.42312
0.839084
0.926675
1.56097
1.54749
0.196354
0.712091
1.31283
1.42612
1.3007
1.19348
1.35689
0.108848
0.898885
1.38486
0.691187
0.225555
1.23095
0.5625
0.856676
1.48468
0.911838
1.28539
0.178081
1.10352
0.390851
0.995312
1.54783
0.0659973
0.669704
0.948468
0.817353
1.01862
0.335309
0.700164
1.42615
0.713752
1.40619
1.40213
0.438814
1.44918
1.5122
1.10057
0.279208
0.754968
1.39902
0.825842
0.713564
1.4742
0.643599
0.140847
1.41607
1.24526
0.7169
1.56316
0.0435327
1.11761
0.169804
0.679389
1.0187
1.50057
0.214631
0.698278
0.939387
0.525599
1.00557
1.28957
0.0875505
1.23289
1.51793
1.53564
1.56191
0.476529
1.56918
0.00599
0.941286
0.097916
1.57056
1.35075
0.757596
0.96285
1.42116
0.975988
0.68972
1.01427
0.393669
0.0181766
1.40847
0.243667
0.0800062
1.4841
0.569166
0.430736
0.751587
0.484685
0.0111907
0.643836
1.25974
1.4997
0.715591
0.216251
0.561867
1.28582
1.36253
1.44807
0.56171
1.39332
1.24673
0.318782
0.857526
1.26098
1.35192
0.276413
1.02702
0.496794
1.39186
1.36716
0.491327
0.100617
1.22267
0.200319
1.07803
0.0170795
0.0649747
0.897631
1.23848
1.32934
1.15044
0.970319
0.25511
0.870974
1.3077
1.27106
0.0638656
0.225331
0.209245
1.48085
0.820828
0.571086
1.05565
0.419165
0.285147
1.17612
0.223927
1.40662
0.7741
0.576134
0.997666
1.11634
0.549087
1.32076
0.156093
0.300425
0.701107
0.271333
1.41281
0.328607
1.33959
1.02416
0.473858
0.0088192
1.26412
1.26251
0.141532
1.35984
0.207284
1.34362
0.513812
0.36056
0.534315
1.45364
1.08039
0.978395
1.23921
0.0280529
1.36154
0.93474
0.569894
1.49072
0.921867
0.394235
0.697926
0.583646
0.286759
1.29986
0.0411638
0.0842258
0.624771
1.18017
1.09323
1.12112
1.52886
0.564173
1.32503
0.526813
1.09158
1.08732
0.342194
0.137156
0.639751
0.44965
1.26802
1.16049
1.49268
0.2235
1.01906
1.17972
0.0628275
0.81818
0.469457
0.105391
1.51781
0.985444
0.279649
0.843826
0.008076
0.0699387
0.971276
0.923344
0.666662
0.8278
1.35297
0.408627
1.44472
1.5565
0.558278
1.25039
0.0690726
0.361632
1.51736
0.522127
1.20553
0.471782
1.485
1.17272
0.416457
0.0511101
0.831778
1.15006
0.328622
1.01647
0.861495
0.755511
1.0297
0.852443
0.145585
0.213452
0.616922
1.50908
1.25356
0.529993
0.385819
0.0422502
0.214633
0.59476
0.0432415
1.43978
1.13915
0.0632817
0.995042
0.762876
1.50867
0.255709
0.693805
0.891193
0.311233
0.600999
0.762512
0.404522
0.398529
1.53599
0.741313
1.17468
1.19459
0.929154
1.17179
1.37735
0.941293
0.943128
1.26742
0.374313
0.0339998
0.47985
0.827725
0.163067
1.14066
0.203988
0.127088
0.163725
0.230714
0.809653
0.342957
0.883193
0.461188
0.0867272
1.17034
1.56176
0.773402
1.44303
1.29701
0.163315
1.30429
1.35133
0.838986
1.16192
0.622467
0.364036
1.52321
0.315108
0.031688
1.09455
1.09693
1.31721
1.09531
0.112794
0.303326
0.957166
0.505871
0.451504
0.0970057
0.203564
1.49923
0.0872949
1.07058
1.4145
0.486118
0.608997
1.43897
0.900733
0.723536
0.995749
0.462456
1.16475
0.146998
0.71793
1.13752
0.361073
0.0686622
1.15942
1.2194
0.501761
0.0228475
0.834137
0.67204
1.47944
0.0727405
0.378702
0.313794
0.00198164
0.281175
0.776804
0.783818
0.93216
0.476352
0.262634
1.44087
1.36074
0.673025
1.07149
1.09617
0.967345
0.883041
0.336941
1.0517
0.721076
0.348894
0.259934
1.01776
1.4955
1.0687
0.179064
1.18111
1.57021
0.707747
1.50763
0.272204
0.221665
1.3639
0.484052
1.21004
1.18041
0.603382
1.33832
0.599362
1.47519
0.905118
0.655456
0.715681
1.10713
0.59535
0.968792
0.655908
1.07964
1.35428
0.0623031
0.778661
1.26808
0.259344
0.535815
1.24347
0.597038
0.317424
0.0491632
1.0748
0.639271
0.246756
0.994531
1.13633
0.989833
0.709018
1.11903
0.237403
0.99586
0.968742
0.246045
1.40492
1.30454
0.489286
0.352189
0.46522
1.21379
1.35327
1.20904
1.05749
0.400035
0.447979
1.39796
1.25986
1.26187
0.220534
0.858075
0.187952
1.12817
1.48503
1.10536
0.682141
0.895346
1.50467
0.831469
1.42863
1.13758
0.447812
0.843711
0.569381
1.17978
0.541066
0.887784
0.0847376
1.30825
1.26157
0.00898378
0.659456
0.793053
0.331449
1.54708
1.23341
0.186684
1.18626
0.829289
0.129966
0.500391
0.991138
0.30368
0.22246
0.747179
0.767806
0.873197
0.0628437
0.133415
0.438215
0.0294856
0.542969
1.40059
0.740562
0.642473
1.07873
0.20662
0.707491
0.335334
0.172508
0.513771
0.913653
0.671184
1.2239
1.45768
0.468434
1.38062
1.5124
1.35953
1.26906
0.966506
0.785145
0.488768
0.372445
1.33785
0.665779
1.44657
1.06272
0.0883129
0.758475
0.884499
0.671011
0.762157
0.574032
0.505115
0.38485
1.38299
0.652126
1.49554
1.41949
0.497915
0.458942
0.84589
0.361313
0.936111
0.526018
1.14646
0.802272
0.549212
0.61898
0.593281
0.00437264
0.283793
1.10407
1.40953
1.17052
1.22365
0.743039
0.951782
1.31204
1.53875
1.19437
0.229863
0.853725
1.34541
1.51026
1.07046
0.80238
1.35584
0.271282
0.780173
1.46073
0.869981
0.746857
0.749883
0.234009
0.830817
1.53286
1.33583
1.12873
0.125964
0.325782
1.32632
0.401479
1.56212
0.139657
0.0859064
0.396173
1.01987
1.42104
1.4369
0.0158794
0.180795
0.490494
0.994187
0.883416
0.04113
0.897394
1.25255
0.128443
0.856976
0.25345
1.29616
0.519055
0.474633
0.374348
0.519712
1.2927
0.0846722
0.765656
0.824813
0.21035
1.06775
0.757833
0.544157
1.17009
0.12583
1.34979
0.797795
1.30324
1.13267
0.848752
0.666709
1.51233
1.18652
0.273321
1.27155
1.21779
0.287085
0.390757
0.844645
1.2068
1.01281
1.06218
0.0649644
1.2036
0.781567
0.73439
1.14786
0.11551
0.917704
1.53088
1.42926
0.38689
0.487019
0.274636
0.241055
1.433
0.907765
1.11219
0.655365
0.422816
0.480224
1.09741
1.16825
1.04345
0.0378929
0.591399
0.933361
0.74145
0.0516069
0.132792
0.373486
1.22383
1.24182
1.3171
0.731882
0.761053
0.342385
0.338598
1.18519
1.13436
0.497577
0.841898
0.814558
0.716578
0.0924525
1.2746
1.36458
0.939835
0.830306
0.401367
0.117446
0.442272
0.834888
1.09651
0.571269
0.548104
0.877098
0.661911
0.439811
1.1098
0.474192
0.789942
0.818297
0.980678
0.862763
0.658023
0.846038
0.908272
1.15669
0.0955012
1.19338
1.49887
0.19132
0.496563
0.633053
0.795523
0.448957
0.353334
0.211424
1.3181
1.08392
0.676292
1.37547
0.377617
0.646699
0.853285
0.726157
0.405908
1.0903
1.40446
1.12302
0.614119
1.22825
1.40277
0.402105
0.477354
0.794658
0.437908
1.28554
1.27448
0.615824
0.723301
0.97132
0.84952
0.79061
1.56789
0.176066
0.270243
1.24128
0.0245514
1.14734
0.0727058
0.549976
0.678144
0.119361
1.53557
1.28458
0.40961
0.0249325
1.51393
1.53783
0.412682
0.370303
0.209742
0.916501
0.098132
1.49349
0.492623
1.22816
0.646962
0.350514
0.623623
0.82494
1.03589
0.0762031
1.54987
0.915734
0.262463
0.679593
0.56863
1.10482
1.46444
0.884385
0.648832
0.26779
0.175183
0.581187
1.49319
1.03121
1.24948
1.1817
0.167944
1.53402
1.17471
0.182407
1.47967
0.0261942
0.457242
1.04601
0.390861
1.37822
1.57063
0.682169
0.946965
0.483697
1.1835
0.829423
0.044654
0.316506
0.872298
0.266313
0.676272
0.661496
0.636966
0.217631
0.265863
1.06118
0.300288
1.5266
0.209504
0.291258
0.372684
1.25194
0.937428
0.954465
1.31601
0.164209
0.939637
0.686544
0.860654
0.555381
1.0642
0.736714
1.39433
0.0963869
0.595234
0.270262
0.377525
1.14566
1.55916
0.58064
0.501721
1.52644
0.206065
0.664479
0.0110156
0.254606
1.52678
1.14367
0.2287
0.477013
0.0456187
1.10998
1.0841
1.22265
1.4406
0.518159
0.736433
0.659159
0.81117
0.167193
1.06767
0.292601
1.04007
1.45311
1.41507
0.787746
1.17744
0.193197
1.41957
0.398603
0.500809
0.286627
1.28162
1.25588
0.494477
0.682252
1.38036
0.33418
1.28962
1.10825
1.19955
1.2143
1.08119
0.638064
1.09212
0.624731
0.796965
0.514779
0.482309
1.48541
0.581788
1.51951
0.0784075
1.1692
1.22546
0.0596268
0.110408
1.42557
1.34608
0.333773
1.46331
1.16077
1.13964
1.27943
1.09587
0.716473
0.576317
0.976391
1.41545
0.442114
0.218481
1.37393
0.814768
0.0970724
0.118649
0.0900973
0.25449
0.657375
1.20583
0.0415505
1.26432
0.811201
0.610462
1.12512
1.2655
1.13705
0.245141
0.381515
1.47105
0.618856
1.003
0.705366
0.776107
0.834181
1.4892
0.771143
0.901985
1.37576
0.740055
1.53096
0.676902
1.54427
0.494437
0.901123
1.52416
0.462452
0.328555
0.15623
1.49029
1.18328
0.230945
0.732615
1.12233
0.724939
0.245369
1.346
1.22899
1.01369
0.581687
0.692881
0.312869
0.0698152
1.01484
0.887901
0.730772
0.395789
1.49287
0.450396
0.83517
0.256834
0.432368
0.623118
0.804892
1.33147
1.26272
0.741541
1.37685
0.621261
0.188909
0.762234
0.595533
0.0862349
1.47538
1.00585
0.438149
0.178401
1.14793
0.28359
0.412484
1.10212
0.148946
1.22348
0.0642796
1.13794
0.131378
1.50574
1.07086
0.259807
0.749485
0.280983
0.586269
0.871937
0.788297
1.29113
1.15617
1.11019
0.381439
1.12275
0.0928444
0.980795
0.0851755
0.480616
1.45738
1.16559
0.215611
0.678238
1.52805
0.944
1.40429
1.44481
1.22476
1.21659
1.41919
1.41259
1.03324
0.672563
1.20863
0.867009
1.21584
0.877969
0.553425
0.268248
0.199011
1.32589
1.12785
1.04253
1.31621
1.13643
0.0351788
0.884152
0.804374
0.652947
0.0658417
1.09685
1.56227
0.52288
0.582562
1.4108
0.779571
0.469735
0.0368705
0.894677
1.05017
0.330519
0.75207
0.920049
0.80823
1.44764
1.22571
1.03304
0.647111
1.20677
0.294902
0.000642391
0.186933
1.53231
0.230766
1.13535
0.145148
0.0528428
1.00414
0.618569
0.836202
1.08547
1.20036
0.45132
0.59489
1.23695
0.468695
0.901969
0.561935
0.993849
0.897544
0.658831
0.0930902
1.13799
1.03028
1.48424
1.37673
1.14504
1.1897
1.1871
0.364156
0.79407
1.14661
0.31479
1.45863
0.726493
0.120525
1.25977
0.31497
0.467233
1.29756
0.911092
0.43517
0.694029
0.833776
0.618214
0.188215
0.779464
0.629966
0.548763
0.416418
0.066909
0.854734
1.2686
0.858588
1.35789
1.08011
0.835012
0.387298
0.718751
1.21091
0.14056
0.224357
1.48199
1.05836
0.874189
1.19905
0.766278
0.740213
0.6711
0.751469
0.277338
0.14746
1.21736
0.112939
0.180918
1.12003
0.940548
0.673442
0.238649
1.10543
0.658181
0.761539
0.165074
0.381625
0.480754
0.915834
0.343978
0.870295
1.56956
1.30379
1.48896
0.230613
0.109643
0.721008
1.16919
0.48941
0.620886
1.28081
0.742035
0.227363
1.51669
0.390565
1.02381
1.02173
1.26777
0.172622
1.20441
0.781698
1.02837
1.49763
0.81446
0.340187
0.982219
0.478839
0.215427
0.703489
0.56338
0.189499
1.13356
0.772003
0.486618
0.19511
0.628896
1.45696
1.49892
1.50651
0.929018
1.28914
0.0103829
0.942727
1.52355
0.436859
0.618509
0.0169048
0.963809
0.309184
0.84196
1.43273
0.690703
1.19443
0.116576
0.418942
1.36229
1.49885
1.2158
1.18078
1.15436
0.843632
0.508402
1.1474
1.00378
0.533783
1.40559
1.48963
1.4942
1.31346
1.1573
1.19902
0.0211531
0.978534
0.581526
0.577418
0.339139
1.11991
0.0365886
1.10969
0.0342698
0.530771
0.732806
0.440274
0.0424687
0.951293
1.14684
0.0303224
1.44134
0.425315
0.430526
0.978404
1.31192
0.663695
0.717366
1.28042
1.32748
1.54727
1.20198
0.963203
0.0268793
0.340546
0.325419
0.345758
1.02352
0.941497
0.463732
0.0282336
0.581501
1.24967
0.0656848
1.1084
1.29247
1.12077
0.6205
0.55801
0.329539
0.0745928
1.27978
0.269279
0.780659
0.65971
0.570185
0.439959
0.572317
0.506304
0.535001
1.15275
0.0669006
0.853711
0.714725
1.24719
0.524837
0.599005
0.60247
0.648949
1.46397
0.148534
1.10853
1.10161
1.06532
0.103633
1.24733
0.00583048
1.19279
0.326021
0.681452
1.47752
1.04202
0.0429011
0.28725
0.00636357
1.35619
1.47587
1.47967
1.2622
1.19268
1.51241
0.38883
0.302043
1.50608
0.940855
0.0541599
0.523374
1.37362
1.08048
1.01206
1.16829
1.56808
1.27653
1.24898
1.12962
1.13879
0.194406
1.33161
0.0053323
0.815613
0.409545
1.08025
0.197048
1.42748
0.302129
0.711473
1.39803
0.751268
1.21618
0.683722
0.97797
0.969247
0.992443
0.961664
1.33165
1.12656
0.901645
0.448974
1.39408
0.354698
0.582455
1.4263
0.695918
0.921575
0.188257
0.581819
0.181598
0.186106
1.55153
1.12777
0.202185
0.761674
0.84176
1.40527
0.986946
1.1262
0.124879
0.237392
0.799646
1.42993
1.42014
0.327203
0.579798
1.10706
1.51248
1.08981
0.551881
0.691486
0.0514305
0.141746
0.623049
0.468519
1.06813
1.36222
1.1722
0.0518147
0.112886
1.51567
1.21031
0.677741
0.268042
0.31089
1.17046
0.274217
1.04409
0.324779
1.21327
1.34501
0.990924
0.878782
0.827684
1.44537
0.454309
0.411628
0.560487
0.435485
1.15161
0.643342
0.870036
0.496051
1.1098
0.31912
0.0470494
0.135151
0.235637
0.574461
0.187099
1.48803
0.724335
0.927328
0.59704
0.334043
0.810101
1.10576
1.17379
0.241195
1.50153
0.619601
0.955235
0.894499
0.326938
1.27254
1.11559
0.786897
0.87499
1.31587
1.13897
0.706573
0.11854
0.58864
0.555383
0.688525
1.06671
0.636701
1.20981
0.158255
1.37844
0.74988
1.30485
0.895102
0.522086
0.299678
0.408233
0.0921337
1.1162
0.374295
0.15423
0.315778
0.416848
0.977255
0.328842
1.52718
0.574918
1.2561
1.1489
0.377566
1.07637
0.326855
0.719395
0.258852
1.10716
0.974202
0.495585
1.35728
1.30816
0.646286
0.928765
1.05121
0.505479
0.108708
1.22715
0.398798
0.900157
0.207107
0.382559
0.274059
0.803557
0.263261
0.315693
1.0052
0.345742
0.439904
1.11624
1.03257
1.23963
1.16256
0.0499106
0.423668
0.566821
0.149085
0.138378
0.131593
0.185517
1.34016
0.641341
0.961826
0.253927
0.734208
0.352835
0.981123
1.26904
0.414319
0.707049
0.273527
0.317511
0.645699
1.50664
0.0417498
0.683204
0.00420666
0.504493
0.0796329
1.3365
0.0532923
1.15228
1.11388
0.0313282
0.736771
1.46168
0.220937
1.25005
1.39642
0.257618
0.450998
1.03725
0.231756
0.528478
1.49121
1.38896
0.543441
0.0583197
0.146008
0.1204
1.21916
1.29635
0.624795
0.601446
0.0979414
1.41011
0.443852
1.37585
1.05976
1.18384
0.844068
0.364467
1.00977
1.05353
1.52076
0.51473
0.714858
0.409802
0.64024
0.246284
0.295732
0.835188
0.606393
0.509437
1.15723
0.214677
0.857217
1.17741
0.360166
0.324588
1.46259
0.605897
0.0732186
0.621177
1.10404
0.240585
0.43324
1.55663
0.581196
0.261353
0.2458
0.3125
1.12899
1.18621
1.35803
0.390655
0.0204297
1.45477
1.42025
0.146524
0.522825
1.08292
1.07098
0.392945
0.947542
1.02421
0.637251
0.809288
1.35816
0.904186
0.747155
1.39537
0.4119
0.0328826
1.18525
1.07267
1.4878
0.395741
0.0973023
1.40079
1.48501
0.776016
0.9129
1.43274
0.459661
1.07551
0.493182
0.0355645
1.0979
0.13325
1.44654
0.135707
0.268621
0.865119
0.957079
1.01773
1.41887
1.52162
0.714832
1.5197
0.727829
0.718445
1.04578
0.568624
0.469369
0.841694
0.9701
1.213
1.23853
0.552096
1.3088
1.22193
0.538265
1.40752
0.285339
1.24356
0.186542
0.582322
0.672942
0.336303
0.250437
1.51558
1.21141
0.416228
0.0875587
0.82224
0.326145
1.02907
1.52005
0.767504
1.45203
0.825567
1.02805
0.859556
0.24681
0.429083
0.220288
0.556833
1.37078
0.0488875
1.20827
0.786177
0.882549
1.40973
0.0881618
1.00748
1.52797
1.15631
0.782227
0.848667
0.70853
1.05719
1.42438
0.725642
1.00633
1.30834
0.76094
0.531969
1.39168
0.483113
1.3985
0.203453
0.302436
0.0933457
0.88453
0.55797
1.05288
1.1624
0.231401
0.828142
1.21728
1.00337
1.06297
1.06364
1.18723
0.615898
1.56302
1.30406
0.630375
0.71377
0.939648
0.874404
0.559282
1.47478
0.724238
0.450427
0.318778
0.197171
1.47016
0.661552
1.43339
0.889671
0.667628
1.33083
0.678564
0.29268
1.1164
0.058986
0.1053
1.11867
0.290085
1.41027
0.310316
1.3928
0.636655
0.738022
1.47326
0.591091
1.26489
0.996416
0.45177
0.622862
1.55764
0.8295
0.0262978
0.171248
0.585416
0.218973
0.729572
0.966142
1.30287
0.803179
0.0943697
0.0564808
0.787422
0.549371
0.543315
1.42357
0.519797
0.0196618
1.48951
0.467018
1.2113
0.443362
1.16575
0.672682
1.31931
0.827297
0.166732
1.56756
0.168206
0.0319071
0.165034
1.04034
1.1729
0.375785
0.649718
1.44182
0.190355
0.0123296
0.208031
0.641239
1.54802
0.835769
0.627767
0.845967
0.181856
1.13162
0.45763
1.40722
1.24996
1.4578
0.564462
0.62569
0.604162
1.02091
0.282002
0.783242
0.837739
1.4935
0.223469
1.12464
0.944728
0.309579
0.0840304
1.01961
1.13229
0.335627
0.484378
1.37197
1.43111
1.30382
0.660552
0.843314
1.23084
1.0557
0.371
0.142123
1.53427
0.31738
1.32108
0.407292
1.54852
1.22506
0.673674
0.898167
1.18837
0.533985
1.13931
1.06588
1.48874
1.52143
0.118276
0.740944
1.47392
0.567854
0.100213
1.01327
0.134519
1.0931
1.03904
0.821099
1.53965
0.562833
0.764778
0.648899
0.366208
0.867289
0.135099
1.04605
0.168444
0.396638
1.28047
1.42195
1.38728
0.596951
1.16956
0.972821
1.03234
0.757705
1.32636
0.580936
1.37829
0.917081
0.221608
1.19552
1.42944
1.44335
1.23721
1.42247
0.47253
0.483767
1.04475
0.919225
0.675691
0.0826292
0.252826
1.22569
1.23171
1.18571
0.793098
1.46068
1.10452
0.492219
0.871496
0.404539
0.793517
0.158731
0.848136
0.319951
1.21853
0.445662
1.19547
0.0490644
1.39872
0.34763
0.346374
1.28221
1.22445
0.70996
0.733439
1.2839
1.35507
1.19249
0.218449
1.40696
0.624399
0.524261
1.37815
1.10293
0.780039
0.836222
0.337039
0.321354
0.0578982
0.653732
1.4361
0.422943
1.46078
1.12809
0.868014
0.587982
0.325088
0.958022
1.50928
1.42731
1.46359
0.605772
1.07763
1.49821
0.315486
1.07732
1.26714
1.17692
1.56718
0.326216
0.553324
0.868278
0.341502
0.964104
0.602387
0.319446
0.305819
0.932324
1.24539
0.391984
0.983508
1.04895
1.1207
1.18121
1.30778
0.256342
0.176515
0.515616
0.1683
0.916208
1.19323
0.954917
0.0696522
1.14218
0.250159
0.342081
0.482842
0.561213
1.50356
1.33956
1.17357
0.467283
0.539674
0.934405
1.46937
0.543568
0.730612
0.691065
1.27157
1.3556
0.740992
1.26872
0.876923
1.1079
0.617701
0.403106
0.601723
0.7562
1.5487
0.980741
0.822004
0.130112
1.25689
0.295998
0.367688
0.825577
1.55793
0.383785
1.10029
1.47851
1.43596
0.477875
0.176219
0.0655822
1.29848
0.355854
0.51667
0.528935
0.448126
0.852552
1.05418
0.837365
0.821374
0.208467
1.17808
0.780424
0.259258
0.400977
1.28451
0.866038
1.00094
1.33556
1.18062
1.3727
0.911405
1.02925
0.25813
0.822057
0.00518956
1.34505
0.900447
0.877892
1.236
1.20561
1.38679
1.21791
0.697849
0.853815
1.3656
0.201463
0.528957
0.665088
1.3057
0.179338
0.0219148
0.259107
0.24604
0.079166
1.19544
0.885326
0.0310408
0.0194163
1.5526
0.829338
0.230273
0.229201
0.380154
0.512162
0.0639021
0.966259
0.475784
0.113017
0.392031
0.823849
0.325318
1.53396
0.917861
0.111519
1.26999
0.0540594
1.18593
0.563442
0.60096
0.227837
1.51564
1.3259
0.0746621
1.24182
1.07292
1.22228
1.45454
1.34541
1.15853
0.677097
1.27865
0.702075
1.48848
0.245233
0.823236
0.837497
0.0469498
1.34449
0.795058
1.26211
1.26035
0.408586
0.0786919
1.44469
1.54644
0.839699
0.677277
1.50978
0.55925
0.551821
0.115816
0.842265
0.143586
0.536794
0.892133
1.29596
0.883462
0.724438
0.568913
0.161118
0.25726
0.0252328
1.19953
0.690018
0.729072
0.261063
1.02444
0.337954
1.51756
0.849303
1.55054
0.352434
1.48139
0.309147
1.4056
0.773327
0.963979
1.05199
1.44644
0.0548323
1.0733
0.66834
0.834733
0.677496
0.841126
0.605974
0.0485007
0.982297
0.391644
1.56182
0.0636375
0.986065
0.62401
0.920662
0.591575
0.370071
0.760964
0.342625
1.0574
1.1321
1.38188
0.118429
1.04325
1.11021
1.56452
1.04874
1.12965
0.2219
0.739217
1.408
1.38867
0.78866
0.0966667
0.31248
0.771829
0.748715
0.719116
0.479963
0.145511
0.315591
0.052277
0.125441
1.53749
0.436511
1.25714
1.36694
0.999985
1.43362
0.06032
1.41378
1.42206
0.697109
0.177649
1.40515
0.667691
1.25294
1.37716
1.33305
0.325904
0.0393322
1.05492
1.41861
1.01136
0.660615
0.271494
0.478808
1.53235
0.749258
1.54774
1.46989
1.29019
0.811573
1.31759
1.4557
0.679974
0.0530851
0.929114
0.113864
0.351344
0.134384
0.113667
0.449726
0.509172
0.0785823
0.660506
0.787648
0.705708
0.486819
1.21427
0.177025
0.657679
1.15085
0.546588
1.34428
1.48238
1.24203
1.20633
1.4642
0.40054
0.959495
0.214246
1.00683
1.2048
0.0856617
1.17218
1.28701
0.0413308
0.799231
0.149973
1.47842
0.783009
0.0885643
0.795417
0.776709
0.0517677
0.29384
0.171175
0.801596
0.312087
0.7484
1.31483
1.08478
0.120869
0.311851
0.103067
0.077218
1.46798
1.37289
0.875032
0.00781188
0.888889
0.0565308
0.0986181
0.73249
0.676083
0.194419
0.119838
0.717335
0.848581
1.38393
0.235856
1.47833
0.352405
0.231922
0.290655
0.618516
1.26651
1.32775
0.159803
0.115629
0.738826
0.442207
0.665911
0.770917
1.35173
0.705969
0.0493404
0.777831
0.97303
0.968822
1.39548
0.537989
0.982874
1.20967
1.48258
1.2937
0.980744
0.866494
1.30817
0.60385
1.44716
1.11295
0.412358
0.168265
0.354515
1.32414
1.46607
0.274769
0.795065
1.0299
0.261477
0.483986
1.16221
0.621155
1.23011
0.164491
0.112502
0.651329
1.55803
1.40848
0.665117
1.53258
0.925563
1.17043
0.571199
0.894189
0.72298
1.34997
0.550121
1.5593
0.839252
0.964766
0.622108
1.22264
0.265427
0.055106
0.900589
0.0446495
0.760724
1.49743
0.454118
0.608614
0.100877
0.183443
0.544877
1.55758
1.51348
0.971593
1.03126
1.41035
0.000888148
1.28548
0.432614
0.695809
1.25658
0.80462
0.544951
0.902142
1.48214
0.980724
0.365078
1.51047
0.127056
0.728554
0.651018
0.061367
1.41476
0.50937
1.49802
0.323884
0.952703
1.34116
0.422479
0.395255
0.10047
1.09962
1.12321
0.725539
0.795592
1.38242
0.779916
0.675599
1.31225
0.436917
0.589463
0.119632
1.03542
0.943799
1.28698
1.56356
0.792947
0.986831
0.812168
1.0514
1.14078
0.033931
0.00205766
0.382611
0.649912
1.01607
0.473618
1.37197
1.10395
0.0219773
0.70074
1.08981
1.43984
0.651313
0.926141
0.638334
0.231337
0.673516
0.457065
1.53029
0.523513
0.397335
1.37414
1.24315
1.51898
0.596113
1.3633
0.44108
0.780414
1.02166
0.130004
0.327908
0.0338002
0.91192
1.48438
0.706276
1.00452
1.17979
0.639775
1.35415
1.33688
1.52174
1.54343
0.870376
0.413857
0.319921
0.742083
0.377234
0.742729
0.339168
1.36758
0.806855
0.292229
0.521889
0.675304
0.480669
1.22256
1.00684
1.11976
0.760401
0.719558
1.36194
0.0718577
0.195188
0.0551173
0.601248
0.84203
0.597555
0.689768
0.0918133
0.432927
0.193843
1.26186
0.477257
0.606837
0.0672229
0.708126
1.39524
1.22722
0.925573
1.0683
1.55798
1.42405
0.508389
1.50328
1.0332
0.200404
0.843445
1.06006
1.56188
1.55009
1.45827
1.29417
0.957237
0.643552
0.479599
0.1396
1.29916
0.656493
1.05995
1.52278
1.5538
1.0753
0.820472
0.179219
0.654745
0.563551
0.221345
1.27076
0.520703
0.203802
0.60043
1.35012
0.481691
1.40452
0.61808
1.03035
0.94898
0.530947
1.23117
0.868519
1.10665
0.239805
0.927484
0.511801
1.44774
0.389774
0.712878
1.12732
1.00904
0.53595
1.34782
1.10495
0.129665
0.422092
0.292814
0.620149
1.04261
1.10903
0.85263
0.65431
0.841261
1.40525
0.781645
0.809106
1.56353
1.53179
1.50665
0.137666
0.866875
0.273755
0.968623
1.06436
1.13834
0.500219
0.180619
0.510795
0.994811
0.329394
1.10729
0.390845
0.856364
0.696807
1.51069
0.702138
0.106046
0.0599766
1.1355
1.37612
1.54742
1.01622
1.4094
1.53675
1.01378
0.527533
0.495329
0.544434
0.692187
0.871584
0.842972
0.433626
0.6311
1.40936
0.624497
0.375082
1.47535
0.0781831
1.42487
0.606656
0.382729
0.458396
0.494339
0.980179
0.748393
0.279063
1.2974
0.114921
0.774987
1.48066
0.623802
1.16965
0.228582
0.648025
1.07319
0.13458
0.275188
1.50977
0.945834
0.409843
0.575038
0.447539
0.404371
1.5305
0.0384273
0.204657
0.329609
1.28364
0.193369
0.247799
0.443282
1.43047
0.939693
0.992196
1.31819
0.722689
1.42642
0.88689
0.341901
0.900613
1.42786
1.13549
1.3486
1.16215
1.23016
1.18751
0.147638
0.530737
0.0505238
0.0827143
1.47075
0.290037
0.10904
0.696741
1.20089
0.323959
0.137338
0.994802
0.928379
0.764652
0.41341
1.08779
0.0610918
1.25833
1.10283
0.604694
1.15472
0.322969
0.369692
1.49872
1.2525
1.31381
0.729445
0.235892
1.50205
0.268665
0.93362
1.30654
0.0253381
1.49154
1.06237
1.29501
0.264986
1.28235
1.2768
1.23855
1.28762
0.733466
1.14561
0.783227
0.157376
0.630331
0.568123
0.0606707
1.53407
1.23014
0.489902
0.679171
1.41409
1.12155
0.267446
0.799829
1.35975
0.978784
0.73161
0.573101
0.220394
0.199337
0.366069
1.08237
0.26825
1.18579
1.31982
0.566484
0.371778
0.629162
1.40392
0.582419
1.428
1.29046
0.711729
0.781497
0.743476
1.35087
1.42071
1.22932
0.95774
0.191656
0.0793859
1.56694
1.38016
1.10714
1.13031
0.731453
0.285172
0.429558
1.16502
0.17362
1.30078
1.08349
0.196135
0.278791
0.420589
1.07309
0.417549
1.48856
0.707605
1.01272
0.381044
0.685905
0.77972
0.367931
0.857484
0.634999
1.45265
0.709183
0.777218
0.285428
1.04878
1.56525
1.55673
1.22112
0.450927
0.211542
0.69804
0.223751
1.57066
1.50101
0.415691
1.4028
1.1584
1.23037
0.289707
1.03263
0.267874
1.3898
0.305462
1.40692
1.20644
0.274464
1.26939
0.971071
0.692288
0.027646
0.812097
0.700622
0.959662
1.14702
1.30751
0.597014
0.0995658
0.997525
0.161172
0.369587
1.10117
0.968173
0.492674
0.0488607
1.30245
0.0214218
0.327313
0.178078
0.600368
1.03682
0.643588
0.429777
0.623192
0.0782263
1.41547
1.01062
1.52298
1.49178
1.15059
1.17199
0.32972
0.636057
0.373443
1.30263
0.59904
0.77591
0.489306
0.763078
1.05602
0.74115
0.620722
1.35899
0.0853784
1.07922
1.23814
0.909747
0.48108
1.4533
1.52788
1.22868
0.375077
1.18478
0.454532
0.349024
1.29202
1.24113
0.204479
1.49468
0.105468
1.44174
0.563417
0.486069
0.178055
0.0133768
0.470961
0.986746
0.540427
1.44657
0.410738
0.810356
1.26232
0.967809
0.297178
1.19675
0.170695
0.529095
0.186991
0.32121
1.21504
0.736434
0.999803
0.402573
0.395676
1.44994
0.0658355
1.07242
0.594309
1.11999
0.143738
1.19292
0.683892
1.09923
0.430721
0.245219
0.527269
0.844868
1.27875
1.10681
1.05294
0.232299
0.345657
0.155946
0.31368
0.144207
1.02035
0.266614
0.362855
0.0194487
0.518325
1.25339
0.938591
0.740146
1.32711
0.492578
0.882373
0.768805
0.7579
1.27498
0.182016
0.688374
0.81186
0.369264
0.211903
1.1175
0.510971
1.05248
0.227783
0.226261
0.550189
0.381108
1.23294
0.0972741
0.944242
0.722601
1.18237
1.05892
0.0731644
1.55111
1.3662
1.37835
0.257156
1.257
1.04483
1.14177
1.36523
0.426786
0.532258
0.709574
0.88937
1.29927
1.5219
1.39004
0.550262
0.805346
0.571557
0.178167
1.35001
1.34049
0.964013
0.651403
0.57051
0.204043
0.533443
1.21618
0.972785
0.996617
1.48435
1.2286
1.28162
0.0229243
0.377186
1.23715
1.2925
0.692199
0.768432
1.49996
0.721588
0.318315
1.31819
0.260914
1.41368
0.150436
0.593802
1.21521
1.35976
0.0350295
0.671429
1.48658
0.56356
0.940555
0.529222
1.1306
0.276089
0.180058
1.52308
0.974568
0.942848
0.977316
0.10852
0.320476
0.511886
0.478973
1.05503
0.110462
0.249898
0.304275
1.20617
1.02587
0.578978
0.265905
0.71181
0.242768
0.771981
0.70881
0.953053
0.203076
1.07641
0.0628743
0.430714
0.338094
0.0174004
0.251354
1.32179
0.516482
1.12247
1.00956
1.49487
1.33143
1.06057
1.40155
0.142553
0.149873
0.672401
0.0235875
0.259408
1.5627
1.46972
0.760055
0.366543
0.31393
0.3264
0.295462
0.58879
0.0233452
0.912057
0.877398
1.33568
1.38822
0.757136
0.677914
1.42449
0.548201
0.516445
0.567265
0.00737384
0.715602
0.554921
1.36156
0.189156
0.0804772
1.08072
0.792637
0.117898
0.117854
0.892974
1.50846
0.836624
0.0451992
0.956806
0.0518733
0.538931
1.4551
0.213504
0.875048
1.18231
0.305338
1.13979
0.674728
0.063424
0.525607
0.750949
1.02207
0.225048
0.0687668
0.865085
0.852441
1.24372
0.476947
0.499726
0.321726
1.319
0.345525
1.24836
1.13582
1.31113
0.0684997
1.07212
0.991012
1.21145
0.157605
0.513249
0.0678091
1.21819
0.227329
1.04848
0.149719
0.228486
0.906707
1.45472
0.562331
0.446249
1.54921
1.55593
0.297471
0.655856
0.492926
1.40523
0.702465
0.792265
1.02172
0.332255
1.01822
1.10772
0.520434
1.48725
0.479774
0.769338
0.0575957
1.36263
1.19935
0.252174
1.25626
0.697933
0.917352
0.430051
0.519956
0.485378
1.30994
1.4844
0.0968431
0.0158312
0.614831
0.851111
0.987124
0.0550543
1.55671
1.47415
0.738106
0.457486
0.867487
0.894084
1.54686
1.08081
0.559449
0.269923
0.505802
0.53933
0.267273
0.0973621
1.26672
1.56452
1.12126
1.06649
0.3901
0.416431
1.55818
0.870655
0.495032
0.754503
0.184002
1.42771
1.06704
0.509332
0.79692
1.20203
0.62007
0.557335
1.228
1.1526
0.954605
0.668433
0.0244744
0.275306
1.01599
0.163704
0.087498
0.555789
0.0145633
0.794693
0.167759
1.48237
0.63186
0.693219
1.24574
0.665498
0.629682
1.0403
0.668637
0.929591
1.20709
0.933816
0.121444
1.55634
1.3106
1.19749
1.33513
0.857802
0.0895022
0.932344
1.41495
0.972124
1.52078
0.295968
0.441949
0.220746
0.240252
0.730055
1.00614
1.06003
0.23568
0.444185
0.922857
0.59993
0.125741
0.664445
1.49604
1.19859
0.999763
0.445384
0.283782
0.830834
0.372431
0.783785
1.13349
0.455712
0.577767
0.244335
0.195152
1.37636
1.26176
0.654786
0.631358
0.909004
0.451362
1.33147
1.38906
1.37486
1.24911
0.788735
0.668283
0.272885
0.21166
0.787612
0.286438
0.515111
0.158873
1.52503
1.05973
0.306864
0.431395
0.00545771
0.13974
1.35706
0.664169
1.27194
0.489685
1.11572
1.49069
0.890558
0.591716
0.916226
0.339251
1.06825
0.348165
1.32062
0.851795
1.27702
0.557969
0.554273
0.36804
0.0424015
1.43129
1.55573
1.37114
0.0300216
0.632693
0.982972
0.0804359
1.00372
0.956399
0.735777
0.796523
0.898391
1.46169
0.134225
0.071202
0.788823
1.2728
1.2933
0.672747
1.26449
1.51648
1.56839
0.683915
0.867287
0.783318
0.920479
0.435253
0.459549
1.41021
1.22435
1.31209
0.516716
0.52684
0.717998
1.32032
0.227968
1.34845
1.05614
1.51672
1.28911
1.22019
0.959381
0.94465
0.630986
1.52134
0.0870491
0.389383
0.228059
0.0572877
1.20318
0.279802
0.821954
1.06896
0.663544
0.883186
0.884888
1.34517
1.19443
0.208332
0.138271
0.233936
1.44293
1.17799
1.48787
0.447449
1.30317
0.736869
0.431667
0.694863
1.33878
0.991028
0.92388
0.306673
0.128451
0.494005
0.417911
0.609128
0.94564
1.53546
1.11013
0.661915
1.41153
0.586336
0.0280726
1.16478
0.415676
0.565832
1.43791
0.443608
0.68668
0.269895
1.47356
0.208957
1.21063
0.623565
0.646836
1.35271
1.45392
1.21768
1.39915
0.0532862
0.123506
1.14406
0.296588
0.794489
1.04584
0.00766269
1.16182
1.55096
1.54789
0.141329
0.687867
1.0911
1.30691
1.05903
0.856057
0.544329
0.616025
0.435749
0.879685
0.750824
1.43629
0.543532
1.29193
0.172188
1.16112
0.828844
1.08329
0.112232
1.07903
1.07873
1.14519
0.178093
0.686742
1.54077
0.567807
0.0411169
0.190246
0.434282
1.1754
1.55717
0.408533
1.20175
0.771006
0.773879
0.0407641
1.51626
0.0679594
0.957712
0.898405
0.101073
0.345855
0.656259
0.519083
1.12611
1.27892
0.940685
0.547778
1.02739
0.512457
0.471098
0.047023
1.28732
0.154438
0.697247
0.0465352
1.51848
0.821033
0.527654
0.756059
0.560627
1.41927
0.299752
0.692862
0.616272
0.656197
0.913891
0.974137
1.15657
0.6123
0.919449
1.2701
0.88869
1.02238
1.17294
0.593065
1.10699
1.2309
0.224459
0.0448423
0.938037
0.600916
0.63895
0.502922
0.712024
1.47015
0.561977
0.580586
0.0361213
1.0534
0.968641
0.320678
0.0633886
1.30305
1.13971
1.40121
0.827155
0.446397
1.07639
1.12356
1.52649
1.55854
1.49448
1.49304
1.21456
1.12452
1.16159
0.0876844
0.895685
1.19037
1.23834
0.530866
1.06639
0.188358
1.52426
0.0350965
1.36788
1.28018
0.453573
0.456546
1.14607
0.673584
0.967273
0.810184
0.703278
1.18792
1.42701
1.55967
0.585566
1.51
0.0953374
1.40982
1.04247
1.34747
1.44033
0.405453
1.29745
1.06604
0.734546
1.48573
1.5271
0.845559
1.14847
1.15999
0.601572
0.802052
0.16326
0.760206
0.7241
0.724697
0.496386
0.728904
0.0912567
1.51758
1.26848
0.348167
1.35735
1.52837
0.18453
1.43198
0.190446
1.21122
0.876829
0.992726
1.4172
1.07107
1.56839
0.173493
1.20819
1.2556
0.740615
0.581837
0.776681
0.355466
0.364417
0.956172
0.289287
0.615989
0.367383
1.11991
0.595852
0.493378
1.27147
0.945077
0.166339
0.883686
0.734413
1.55777
0.150527
0.578879
1.2404
0.62197
0.716608
0.308904
0.940013
0.436017
0.962237
1.1368
0.190803
1.19114
0.643666
1.48488
0.793035
0.482265
1.3144
0.703296
0.582136
1.47415
0.3725
0.629552
0.217414
1.37292
0.923573
0.557323
0.516091
0.117372
0.740549
1.2307
0.528147
0.8618
0.821904
0.087437
0.723246
1.38822
0.9303
0.296098
1.28482
1.04789
0.606805
0.473088
0.983563
1.55269
0.824143
0.696214
0.19785
0.794382
0.306529
1.14942
0.58095
0.318029
0.104476
0.181809
1.24344
1.28729
0.11904
0.508449
0.366293
1.23934
0.45304
1.1798
0.205829
0.925225
0.561778
1.32936
1.24644
1.39521
1.04626
0.555788
0.468202
1.50603
1.19986
0.525755
0.390883
0.7805
0.34807
0.686037
0.0740022
0.892174
1.12122
1.44956
1.34148
1.07841
0.572935
0.364673
0.213444
0.281924
0.415104
1.00139
0.926632
1.18688
1.35635
1.38316
1.36336
0.48544
0.00810909
1.00681
0.9356
0.727396
1.05161
1.35723
1.15099
0.949283
1.4983
0.124318
0.333213
0.0710368
0.49777
0.0113217
1.04069
1.10142
0.697031
0.843651
0.733
0.533637
1.37357
0.404268
0.159431
0.493652
1.09758
0.908887
0.00158089
0.644651
0.569377
0.74497
0.936
0.564778
0.523452
0.0995103
1.37848
0.906766
0.82504
0.314722
0.996511
1.25824
1.09021
0.497721
0.344737
0.837727
1.18688
0.95639
0.318973
0.746475
0.983476
0.928012
0.933033
0.481307
0.51122
0.645109
0.597317
0.306874
1.34351
0.719625
0.633069
0.623868
0.601901
0.724909
0.508501
0.695167
0.248443
0.524142
1.15244
0.569565
0.462251
0.822693
0.727131
1.16303
0.631705
1.42483
0.555666
1.07596
0.234438
0.0241908
0.915134
1.04275
0.71411
0.796185
0.440287
1.39319
1.22641
0.991437
0.0126064
0.915762
0.471998
0.112721
0.271927
1.13486
0.926661
0.14889
1.43989
0.331514
0.84696
1.28293
0.0967143
0.558745
0.0241167
0.0663523
0.472893
0.317988
0.552944
0.639082
0.196377
0.619491
0.238427
0.918434
0.571771
0.152792
0.402855
0.207675
1.3555
1.11694
1.39653
0.693043
0.40342
0.167009
0.471083
1.05025
1.24857
0.891973
0.744697
0.0999691
1.12175
1.33134
0.737026
0.88389
0.747224
1.23252
0.634621
1.11468
1.27144
1.27386
1.02037
0.192433
1.06884
0.0969397
0.190078
1.55563
1.03095
0.156485
0.694735
1.54192
0.275827
0.303853
1.28304
1.37429
0.813392
0.617327
0.963664
0.922566
0.8006
0.38075
0.133946
0.863999
0.811356
0.967761
1.34449
0.340767
0.197152
0.335968
1.35131
0.777459
1.20981
1.19229
1.31209
0.599383
1.07647
0.142196
0.573713
0.353038
1.48703
1.19862
0.551371
0.494835
0.73494
0.790518
0.222627
1.13221
0.650887
1.15193
0.369774
1.19705
0.826127
0.621861
0.898681
0.0109231
1.21759
0.817517
0.466919
0.129551
0.098863
0.182056
0.457353
1.1018
0.138233
0.367698
1.32348
1.53184
0.648966
0.106117
0.6282
1.30068
1.17233
0.478642
0.470189
1.19503
0.373724
0.0317885
0.69411
0.666629
1.15293
0.840866
0.171375
0.0211926
1.27883
0.377429
0.553967
1.06502
0.229014
0.599656
0.410809
0.0438459
1.50301
1.2807
1.13744
1.5086
0.902613
1.53145
0.44051
0.853907
0.3039
0.049643
1.25847
0.520461
0.814005
0.344816
0.0133465
0.134926
0.0261043
0.487422
0.248765
0.250729
0.981912
0.543415
0.795965
0.185743
0.656324
0.23139
1.08577
1.06355
1.27526
0.851423
1.43171
1.4035
0.481822
0.147474
0.0952221
0.0757207
0.828828
0.0960729
1.31513
0.975508
0.281487
0.151173
0.371434
0.304724
0.0105744
0.907753
1.28381
0.653175
0.0173859
0.165228
1.50721
1.13287
1.42388
1.25085
0.550281
1.54976
0.418826
0.126182
1.25591
1.50758
0.567362
0.713365
0.591982
1.34082
0.596234
0.231959
0.250426
0.91085
1.18506
1.29948
1.41956
0.0803414
1.54848
1.16619
1.5559
1.43001
0.783708
0.886068
0.994244
0.272801
0.745214
0.230771
1.32362
1.29488
0.323806
0.898003
0.0940846
0.659263
0.0967549
1.04521
0.831966
0.969765
0.503926
1.36641
0.524831
0.862097
0.114803
0.586327
0.732264
1.31047
0.00126453
1.11529
0.0295005
0.788831
1.4176
0.433336
1.30877
0.327926
1.31124
0.69559
1.55474
0.684577
0.207964
1.54766
1.32811
0.553631
0.791841
1.30608
0.239385
1.09726
0.601394
1.48286
0.530633
0.690601
0.769995
0.265419
1.37736
1.43923
1.38715
1.10588
1.22903
0.123703
0.761339
1.14801
0.543313
1.28472
1.14775
0.561293
1.50854
0.094267
0.832412
1.32542
0.0189664
0.616091
0.321552
0.632629
0.0171746
0.911558
0.114045
1.20789
1.3568
0.82725
0.341617
0.410688
1.20588
1.23709
0.109229
0.954293
0.4511
0.386702
0.0943146
0.848512
0.554361
0.479157
0.148039
0.125276
0.83661
0.78805
0.308549
1.37079
0.661148
0.569187
1.33893
0.329826
0.880925
1.53601
0.622159
1.02868
0.412672
0.464529
1.56205
1.45474
0.911289
0.909444
0.377945
0.622853
0.528487
1.32968
1.53817
0.459652
1.07893
0.682569
0.0863687
0.466399
1.568
0.309866
0.473728
1.22333
0.392148
0.460876
1.05008
0.732093
0.641527
1.43728
0.41199
0.722042
1.47985
1.52169
1.15869
1.48322
0.256633
1.43952
0.126404
0.224449
0.546382
0.732351
0.974
0.00123052
0.11222
0.160351
0.32737
0.436851
1.55959
0.769157
1.38296
0.349747
0.196238
1.20252
1.42591
0.192524
0.156407
0.764822
0.0155612
1.3412
1.28904
0.980534
1.50774
0.963933
0.894857
0.352153
0.740035
0.856019
0.181584
0.996314
1.45655
0.682461
1.41097
0.56844
1.31416
0.184495
0.66029
0.648392
0.127296
1.53008
0.596226
0.514849
1.44768
0.437273
1.13208
0.16633
1.25687
0.854936
0.626753
0.496729
1.35216
0.803853
0.743256
0.922047
0.363996
0.357469
0.0595645
0.773324
0.989414
1.31013
1.11671
0.556275
0.675028
1.45665
1.27857
1.19087
1.04683
0.740577
0.246218
0.670341
0.278408
0.459037
1.38359
0.496456
1.15782
0.109324
0.141778
0.61908
0.794657
0.891812
1.42374
0.901357
0.539168
0.00789737
1.15615
1.06248
0.467615
0.0563894
0.0133519
0.233216
1.36082
1.17051
0.235752
1.22946
0.791226
1.24155
1.44217
1.02814
0.308503
0.0709329
1.28932
0.237955
1.10107
0.544726
0.98961
0.469614
1.40473
0.757327
0.525683
0.23509
0.553612
0.987665
0.669275
1.30582
0.422766
0.160935
0.889308
0.311989
1.52964
1.30233
0.9832
0.823507
1.29427
0.33906
0.784315
0.288953
0.0872575
1.12972
0.41139
0.869209
1.34136
1.52044
0.896373
1.3501
1.38506
0.858518
0.423709
0.493632
1.48739
0.356222
0.322603
0.720076
0.938852
0.422636
0.659036
0.655824
1.48872
0.324257
0.697727
1.55298
0.892261
1.34048
1.52967
0.103128
1.31959
0.21733
1.0927
1.00296
0.440499
1.4108
0.827939
1.37685
0.540488
0.268988
1.5589
1.46409
1.26697
0.168589
1.06105
1.12616
0.680607
1.23902
1.1721
0.27834
1.24065
1.48629
1.5211
0.508212
0.532392
1.0812
0.290317
0.399517
0.252554
1.09608
0.290389
1.34141
0.148633
0.288432
0.7908
1.30725
1.30604
1.16318
0.849213
0.412667
1.36774
0.723197
1.14121
0.492719
0.683568
0.129342
0.907419
1.55182
0.460829
0.664678
0.962532
0.82411
1.43849
0.15414
1.09412
0.560638
0.141588
0.654933
0.663943
0.35504
0.0826035
1.25863
1.25155
0.110126
0.865219
0.914734
0.416441
1.52603
0.130017
1.5031
0.738496
0.788213
0.248086
0.599247
0.755501
0.792638
0.40497
1.18551
0.772911
1.30237
0.19832
1.00511
0.502673
0.0133082
0.198882
0.137215
0.119368
1.12703
0.756739
0.282645
1.16163
0.275379
0.292961
0.711923
0.471801
1.5004
0.284432
1.00594
1.11508
1.49798
0.350194
0.11618
0.232863
1.12035
0.378419
1.23491
1.45307
0.869544
1.28365
0.139817
1.19343
0.328334
1.01564
0.803825
0.544382
0.000184264
0.733098
0.115035
1.11708
0.409345
1.46378
0.72516
0.101526
1.18668
0.319811
0.247836
1.34892
1.31623
1.44252
0.0727252
0.81106
0.724559
1.22635
0.575245
1.40248
1.02962
1.34697
0.149978
0.770599
0.543996
0.340713
0.683007
1.14377
1.48829
0.355887
0.955602
0.712235
1.45004
0.853753
1.53421
0.851827
0.873973
1.26114
1.15993
0.326575
0.2154
1.10422
0.317474
0.369464
0.155793
1.51315
1.40989
0.771743
0.876998
0.376951
1.3917
0.478059
0.834589
0.37483
1.33638
0.585335
1.00191
0.1306
1.25283
0.678428
0.401779
0.802709
0.878592
1.10862
1.018
0.22724
0.199421
1.11007
1.15592
0.585578
0.74336
1.03876
0.350981
0.628304
0.450409
0.779368
0.195232
1.32085
0.996339
1.48092
1.10926
0.604494
0.718254
1.28409
0.734917
0.963687
0.50299
0.00668082
0.0425257
0.286703
0.65143
0.300404
0.035215
1.55021
1.40738
0.644988
1.11818
1.29053
1.42496
0.453015
0.487215
0.375335
0.789045
1.34883
1.40938
0.0278492
0.550308
1.46658
1.35341
0.465578
0.346892
0.617356
0.152048
0.734746
0.0321721
0.441108
0.438034
0.638589
1.50887
0.544442
1.49558
1.24935
1.12513
1.43522
0.633647
1.39803
1.38117
0.734961
1.09466
1.52433
0.346549
1.03365
0.224386
0.348995
0.869798
0.832888
1.03571
0.637382
0.300281
1.35743
0.166954
0.516572
1.02087
1.20828
0.625141
0.68808
1.07206
1.37694
1.37417
0.673983
0.0602955
0.51738
1.35399
0.421179
0.351821
0.617141
1.26847
0.439752
0.453451
0.465001
1.16047
1.48712
0.345149
0.0221631
0.459511
0.670235
1.27519
1.24244
1.21752
0.486468
0.992796
1.15134
0.573812
0.396707
1.34609
0.223499
0.0727704
1.4683
1.00945
0.34961
0.259722
1.36181
1.29354
1.25617
0.716359
0.967691
0.548279
0.818818
1.5266
1.1885
0.976988
0.380263
1.041
0.675158
1.39912
0.344401
0.787701
0.166491
1.22199
1.1013
0.583432
1.01742
0.0611709
1.06489
0.207494
1.45782
1.34519
0.109196
0.0672715
0.102226
0.784178
0.00442438
0.114365
0.423198
0.828501
0.319894
0.471779
0.939604
1.49459
0.195491
1.12097
0.890286
1.01149
1.1238
0.274503
0.483737
0.674843
0.766894
0.70578
0.783495
0.750605
0.678043
0.686912
0.0155806
0.129443
1.49918
1.10695
1.3125
0.472431
0.322444
1.35254
1.18045
0.87771
1.37395
1.10564
0.243879
0.452951
1.46122
0.0353245
1.3629
0.147368
1.23886
0.692868
0.550396
0.0652005
1.25132
0.769226
0.923739
0.606103
0.594562
1.4491
1.28585
0.887962
0.161043
0.549533
0.109538
0.00664352
0.237198
0.720902
0.30101
1.29673
1.50407
0.485709
0.672389
0.296581
1.20647
0.937612
0.334995
0.0879848
1.2698
0.262676
0.412796
0.161006
0.259523
0.705735
0.702292
0.609969
0.279216
0.639195
0.0586313
1.28609
1.56225
1.20368
1.49089
0.202469
0.200235
1.46377
1.34623
0.997382
0.228782
0.839889
0.698471
1.42694
0.872502
0.28555
0.630974
1.06736
1.02674
0.903838
0.266656
0.296355
0.334497
0.405648
1.34407
0.160403
1.21424
1.05022
0.361741
0.653552
1.19903
1.29949
0.0337614
0.580556
0.891991
0.315347
0.296221
1.23123
0.462766
0.0189036
1.48686
1.15266
0.970914
1.3652
1.5036
0.324257
0.110496
0.311408
0.611245
1.49746
0.0228594
1.18203
1.3926
0.753504
0.0894024
1.38819
1.56695
0.192246
1.0862
0.0622562
0.912684
0.568229
0.454519
1.5662
0.310944
0.692323
0.25761
0.382407
0.293844
0.670349
0.89635
0.0263916
1.03705
1.32291
0.844267
0.24866
1.0351
0.273646
1.08556
0.251409
1.22322
1.44019
0.670854
1.5625
1.3281
1.44773
0.934027
0.390033
1.28289
0.205954
1.24695
0.304726
1.25839
1.41315
0.290792
1.35795
1.00622
0.595604
0.449669
0.274568
0.889815
0.0710726
0.434085
0.774891
0.163646
0.910608
0.845775
0.663062
1.02206
1.49548
0.924506
1.02973
0.875671
0.641375
0.352495
1.30294
1.50753
1.55535
0.574307
0.605908
0.688125
1.06609
0.388012
0.436517
1.17504
0.702119
0.682421
1.52305
0.776271
0.770964
0.753626
0.263717
0.145665
0.216489
1.08692
0.510515
0.245194
0.814595
0.886989
0.14652
1.19356
1.38025
0.218314
1.13006
0.695999
0.302934
0.38286
1.46438
0.172224
0.106885
1.30787
0.522247
1.0561
0.955847
1.48093
1.20005
1.16397
0.0799804
0.124452
0.775759
0.195048
1.56019
0.473728
0.953921
0.0573736
1.3567
0.158416
0.187145
1.2609
1.37263
1.36192
0.839786
1.16178
0.454348
0.20302
0.177322
0.18512
1.2271
1.41811
0.470093
0.360376
1.55833
0.617688
0.402012
1.47022
0.141935
0.961072
0.703696
1.11638
0.884108
1.27849
1.04389
0.219163
1.07271
0.348451
0.5671
0.409139
0.0547194
1.16288
1.10256
0.922532
1.55783
0.583387
0.225136
1.26294
0.62139
0.290166
0.720121
0.0348222
0.670245
0.62481
0.904053
0.655041
0.64498
1.00463
0.113482
1.54456
0.226665
0.110695
1.3698
0.791691
0.186518
0.0375469
1.02801
0.251867
0.658962
1.51582
1.4729
0.697044
0.577494
0.650996
0.163857
0.887172
0.805854
1.1174
1.07437
1.32235
0.712523
0.819336
0.129616
0.405117
0.00164526
1.24808
0.550967
0.393358
1.29658
1.07913
0.0406978
0.827087
0.0512593
0.677313
0.199193
0.154609
0.205377
0.869778
0.0205431
0.675763
1.24214
0.969229
1.4195
0.0788938
1.07492
1.45072
1.25169
0.00839601
0.442129
0.0660382
0.68179
0.300422
0.238105
0.405111
0.326904
0.683536
0.213205
0.952333
1.53566
1.55385
1.10841
0.34483
0.433828
0.291091
1.41185
0.684149
1.50145
0.468708
1.16135
0.375924
1.13341
0.902137
1.50554
1.35256
0.453082
0.676361
1.48548
0.491589
0.442611
0.0343172
0.899176
0.903478
1.52363
1.49481
1.10301
0.162592
1.31592
1.27361
0.841012
1.54674
1.01791
0.413935
1.40151
0.820765
0.162463
0.497282
1.35692
1.24952
0.686906
0.441321
1.5414
1.0102
1.2983
0.0123787
1.16833
0.952186
0.414751
0.400657
0.550519
0.148473
1.42991
0.0752798
0.900131
0.854879
0.259205
1.00165
1.26969
1.37819
0.834478
0.23082
0.679145
0.854391
1.38431
1.34015
1.50363
1.41941
1.34503
0.983821
0.0882535
0.732798
1.14309
0.192479
1.42267
1.20532
0.8418
1.26676
0.531853
0.0482979
0.252055
0.373236
0.754939
1.44373
0.682178
0.218084
0.933837
1.15609
0.791793
1.0123
0.889457
0.540206
0.13984
1.03097
1.34474
0.283943
0.379084
0.897606
1.37005
0.540129
0.921002
0.596055
0.106426
0.629042
0.438043
0.0361959
0.796812
0.562375
1.03827
0.84315
0.35198
0.981328
0.413217
0.10707
0.102999
1.1916
0.284785
1.5333
1.44274
0.130023
1.54244
0.20357
0.092409
0.0209572
0.561535
0.493399
1.2019
0.89188
0.0888462
0.953028
1.44491
0.890003
1.0597
0.488686
1.31599
0.0684472
1.04898
1.33946
1.12965
0.8161
0.130865
0.865558
0.396809
1.04144
0.540498
1.11184
0.405576
1.43365
0.1095
1.49201
0.322266
0.947566
0.762816
0.163713
0.847001
0.148613
0.0439565
0.106524
0.764212
0.77129
0.740857
0.00281317
0.136713
1.42604
0.111271
1.51182
1.44448
1.03561
1.09418
0.36833
1.20429
1.38364
0.831704
0.763822
0.790141
0.806064
0.661242
1.42395
0.0128704
0.240728
0.64394
0.440754
0.176972
1.47167
1.15696
0.103878
1.42619
1.25967
0.532467
1.54279
0.905055
1.35481
1.03886
1.4318
0.289425
0.686102
1.29261
0.583514
0.686213
0.888651
0.996119
1.122
0.918202
0.375936
1.2417
0.587575
0.561023
1.11605
1.46471
0.46629
0.621287
1.47179
0.90327
0.753975
1.09659
0.282803
1.14044
0.0908603
1.03744
0.616534
0.399794
0.135185
1.55163
0.931467
1.01827
1.46258
0.613871
1.07091
0.431169
1.13139
0.407771
0.821421
0.981098
1.16054
0.532756
0.299871
0.938248
0.386476
0.530327
1.06092
0.442259
0.969602
1.12528
0.195769
1.24572
0.54311
0.452878
0.609895
1.01103
0.456344
1.07462
0.582758
0.338911
1.20537
1.14277
0.738619
1.1783
0.748449
0.0163159
0.846697
1.12363
1.19922
0.756472
0.783297
0.754032
1.17959
0.468041
1.44758
1.00123
1.46683
0.580547
0.521196
1.43929
1.0775
0.473281
0.859166
0.190991
1.48299
0.140249
0.113873
1.56644
1.31132
1.11951
1.13872
0.186929
0.402143
0.848107
1.13896
1.43802
0.668422
0.234561
0.870483
0.267211
1.56553
0.560459
0.17762
0.704025
0.028584
0.010004
0.191874
0.841334
0.515039
0.181595
0.622453
1.53504
0.0316934
0.720136
0.95864
1.16268
0.351945
0.850253
1.16856
0.983485
1.46684
1.46563
0.366721
1.12039
0.684886
0.947511
0.430777
1.47202
0.65369
0.576585
0.788817
0.574035
0.830948
1.06303
1.0745
1.44768
1.43808
1.49163
0.379989
0.205846
1.30483
0.354934
0.482168
0.592576
0.330254
1.27588
0.431171
0.53305
0.974004
0.73537
0.576828
0.0832213
0.556679
1.49283
0.307045
1.4494
0.962705
1.31575
1.34696
1.28909
0.54848
0.015992
0.976224
0.00883755
0.793911
0.459243
0.862758
0.373299
1.10463
1.27076
0.439397
1.23692
1.18512
1.21747
1.05006
1.14287
0.88459
0.87986
1.27604
0.656624
1.02243
0.613241
0.400417
0.070814
0.0734527
0.203187
1.55219
1.07057
0.667017
0.132224
0.371239
0.593756
0.099703
1.07468
0.870566
1.37964
0.798542
0.862833
0.215078
1.30853
0.441746
0.239833
1.14089
0.713503
1.48198
0.596444
0.116571
1.31648
1.12837
1.26101
1.04206
0.0759907
0.973051
1.31462
0.691463
0.424062
0.176404
0.138688
1.30803
1.42856
0.399606
0.306482
1.49266
1.51346
0.835342
1.33131
0.808459
0.033938
0.491961
0.595575
0.324526
0.912154
0.936037
0.720507
0.904532
0.7747
0.134371
0.790005
1.22594
0.99978
0.125513
0.059604
1.01638
0.941954
0.126207
0.482715
1.08031
1.11556
0.965059
1.08952
0.551376
0.178172
0.918987
0.138116
0.426192
1.07668
1.36562
0.374231
0.132172
0.465158
1.29047
0.623853
0.893552
0.71518
1.48351
1.36144
1.31958
0.292246
1.42686
0.112161
0.861104
1.18406
0.770293
0.999019
1.17965
0.227489
1.47156
0.334234
0.982411
0.864976
1.39149
0.246784
0.670555
1.15757
1.54043
0.828626
0.907429
0.304139
1.45416
1.48273
0.76883
0.598807
0.605084
0.146686
0.733172
0.463761
0.226283
0.854287
0.292181
0.510712
0.665053
1.28724
1.51052
1.56237
0.120153
1.39897
1.00565
1.26567
0.683324
0.296158
0.00605116
0.594333
0.258004
1.43049
0.976986
0.91666
0.0282471
0.204203
1.41645
1.32708
0.992343
0.775504
0.0961959
0.159763
1.34397
0.664835
0.824113
0.372759
1.09698
1.54409
0.686962
1.51588
0.992668
0.517912
0.962546
1.45749
1.14794
0.160069
0.992445
1.35521
0.405017
0.0838724
0.835331
0.289174
0.323219
0.770371
1.52588
1.56643
0.140233
0.440271
0.265683
0.737984
0.874778
0.923752
0.538873
0.212173
1.08259
0.788322
0.97811
0.766352
0.858302
0.671761
0.766298
0.72629
1.13527
0.148071
0.285367
1.33291
0.190585
0.906315
0.273741
1.49337
1.51456
0.0916302
1.15548
1.21689
0.728777
0.834024
1.37316
1.30497
0.739529
0.850048
0.710967
1.16669
0.741545
0.874324
1.15532
1.04905
0.12106
0.0750002
0.704549
0.803555
0.358419
0.833626
0.0913544
0.290049
0.154717
0.0543405
1.45788
0.109471
0.320694
1.48189
0.922416
0.999279
1.44346
1.04892
0.4553
0.433011
0.228848
0.863873
0.332881
0.0135966
0.979312
1.08459
1.06025
0.450086
0.480523
0.315987
0.209539
0.797765
0.837764
0.407992
1.26345
0.440146
0.311605
0.395332
0.639431
0.919255
0.673113
0.271061
0.696347
0.682357
1.20423
0.245966
0.811741
0.925857
0.676367
0.699984
1.2409
0.894555
0.577707
1.32331
1.48198
0.573922
1.09362
0.918276
0.20187
0.424227
0.682015
1.23921
0.256901
1.02565
0.897838
0.746436
0.584253
0.614926
1.52203
0.215864
0.427867
1.00758
0.141061
0.825015
0.595794
0.84453
1.14775
0.0778834
0.152132
0.21506
1.20248
0.389025
0.8312
1.38828
1.04239
0.685555
0.978
1.07408
0.504335
0.0449906
0.3633
1.44173
1.24232
0.914406
0.609894
0.876873
0.042905
1.29511
0.253385
1.42511
0.572257
0.82745
1.14527
0.527289
1.4654
0.223213
0.534013
1.25335
1.23832
0.960471
0.395374
0.037284
1.39921
1.5526
0.160712
1.35872
1.32094
1.4461
0.498297
0.588481
0.70967
0.782776
0.903701
1.54932
1.25286
0.776021
1.14923
0.914386
1.15738
0.948983
0.377983
0.839809
0.56338
1.32534
0.416724
0.368129
1.37425
0.93102
0.98408
0.141418
0.996026
0.746011
0.532214
0.419574
1.49255
1.30587
1.46613
0.657766
0.258734
1.16302
1.20469
1.4069
0.0401466
0.0171788
0.681721
1.55376
0.500422
1.50414
0.790913
0.74478
0.689582
0.154268
0.246292
1.17946
0.870688
0.337124
1.40991
0.954667
1.52569
1.24411
0.169459
0.0962178
0.104205
1.26956
1.31406
0.880482
1.30863
0.0899402
1.11668
0.0693026
0.946273
0.416105
1.50486
0.117427
1.19691
1.54226
0.785918
0.494555
0.0856353
0.881809
0.132459
0.830146
0.666636
1.3153
0.552277
0.123513
1.28566
1.13236
0.930735
0.415072
1.3353
0.635747
1.56689
0.944318
0.396708
0.467471
0.903512
1.14261
1.03707
1.52717
1.08669
0.76175
1.55496
0.385071
0.70907
1.06395
1.19552
0.468999
0.140556
0.823525
1.10689
0.400003
1.3259
0.677423
0.443902
1.05223
1.37745
0.156861
1.00477
0.619575
1.32757
0.433794
1.22774
0.558274
0.479285
0.574206
0.563575
1.17496
0.33503
1.12659
0.671843
1.49856
0.0822866
0.608421
1.10427
0.882912
0.344704
0.0863571
0.728545
0.0648176
0.205223
0.460988
0.313388
0.831156
1.19333
0.988726
1.01426
1.36359
0.05703
1.36624
0.349247
0.435663
1.17356
0.727054
1.44052
1.06376
1.26381
1.06796
0.337183
0.487063
0.0040478
1.12779
0.667214
0.769296
1.43435
0.964376
1.06322
0.681659
0.952693
1.1608
0.72605
0.0768753
0.552634
0.78855
0.245143
1.06784
0.926351
0.508729
0.0375561
1.02556
1.12267
0.901601
0.219142
1.00294
1.29245
1.21053
1.21311
0.344031
1.33558
1.03389
0.4375
0.709323
0.47607
0.261609
1.21177
0.967684
0.40129
1.08279
1.01688
0.00382079
0.797216
1.04998
0.889824
0.661917
0.912243
1.25919
0.328504
0.742945
0.978791
0.986541
0.221539
0.246936
0.238883
1.30483
0.338285
0.110655
0.754996
1.37322
1.32548
0.899791
0.586273
0.501035
0.58456
1.27551
1.24754
0.658498
0.478495
0.949766
0.311834
1.25964
0.485943
1.33626
0.319262
1.30081
0.436902
1.14362
1.19876
1.41035
1.50403
0.0478508
0.690475
1.07192
1.54073
0.880751
0.0760357
1.22944
1.40446
1.13247
1.08969
0.627471
1.41748
0.182957
0.335153
1.26984
0.902419
0.558976
1.2382
1.08737
0.511815
1.56473
1.48848
0.487897
0.157758
1.48866
0.189343
0.47534
0.706102
0.0426878
1.15444
0.403935
0.251995
0.811558
0.753066
1.06891
0.515074
0.734132
0.403928
0.189906
0.712352
1.1987
0.639734
0.261875
1.13951
0.504004
1.08159
1.28635
0.842113
1.24918
1.1019
1.3916
0.916316
1.12234
0.504047
0.419219
0.0578426
0.62802
0.740438
0.0169497
0.396143
0.984049
0.220551
1.49856
0.059998
0.801408
1.46382
0.912273
1.15941
1.54193
0.254031
0.284276
1.46989
0.099951
0.902799
0.370832
0.780114
1.41905
0.362248
0.0476791
0.414826
0.0194867
0.00978744
0.0820915
0.48327
0.0569114
0.995176
1.29322
1.54858
1.10897
0.581662
0.922711
0.987395
0.924497
0.799093
1.43756
0.264595
1.20391
0.117298
1.46167
0.232026
0.284577
0.494582
1.29183
0.838221
0.831698
0.815267
0.287583
0.249341
0.438929
1.16064
0.0438506
1.07999
0.533059
1.47511
1.45
1.19952
1.28396
0.0148399
1.03644
0.159856
1.32358
0.585234
1.21255
1.07806
0.0525295
1.08354
0.785783
0.615548
1.02412
0.423237
0.20526
0.404117
0.354954
1.48942
0.572986
0.339685
1.03987
0.038093
0.394544
0.169841
0.538248
0.871661
0.354789
0.339507
0.864824
0.569843
0.420472
1.46774
1.1906
0.890749
0.131505
0.344897
0.467956
0.429771
0.703722
0.158825
1.17228
1.44426
0.025221
1.01422
0.392308
0.323664
0.44773
0.174722
1.55959
0.909029
0.0446879
1.18613
1.51078
0.156945
1.17947
0.873196
0.455024
0.191145
0.152973
0.680239
1.55252
0.000852363
1.48027
0.615981
1.50563
0.212476
0.722209
0.967868
1.28636
0.297514
0.118076
0.76466
0.942434
1.54157
0.238918
1.09701
0.310036
0.450497
0.101137
1.5029
1.4027
0.525532
1.10203
0.78216
0.960026
0.0470089
0.942857
0.971369
0.424806
0.99248
1.53618
1.1576
0.662942
1.20631
0.266374
1.50324
0.624172
0.177866
1.22877
1.26269
1.10853
0.00445499
0.409501
0.167102
1.16775
0.976001
0.369201
0.433941
0.570389
1.30145
1.0708
0.227653
1.19058
1.20961
0.415058
1.19449
0.054878
0.388762
0.768083
0.144293
0.00552639
1.49624
1.12505
1.15043
0.74119
1.03464
0.310143
0.32945
0.51728
0.547433
0.885353
0.377688
0.771942
0.305458
1.0411
1.56677
0.570268
0.795413
0.152865
0.0436123
0.684029
0.515196
1.17456
0.872085
1.08944
0.969234
1.5315
0.249565
1.39142
0.0900597
0.266188
1.07917
1.15655
0.654354
0.0893989
0.761732
0.00520241
0.711747
1.48955
0.947066
0.745051
1.008
0.545738
1.54563
1.56942
0.695047
0.394352
0.827072
0.326799
1.33899
0.275133
1.1198
1.32138
0.440048
0.117868
0.875303
1.23852
1.09349
0.635174
0.130998
1.15979
1.34622
0.28873
0.744015
0.736969
1.02192
0.281634
0.991498
1.21203
0.939857
0.873249
0.75348
1.27691
0.320204
0.659418
0.0566482
1.07276
0.956357
0.588837
0.624279
0.896462
1.18867
0.246975
1.29279
0.542814
0.505599
1.05759
0.329446
0.90963
0.855852
1.5092
0.199673
0.0694747
1.04171
0.289639
0.455613
0.378315
0.781567
0.461912
0.286374
0.67308
0.546891
0.751031
0.777013
0.595006
0.310732
0.0656848
1.39617
1.48864
1.40087
0.642412
0.201707
1.11289
0.349999
1.05132
1.11226
1.40217
0.0496433
0.112596
0.736765
0.499015
1.50022
1.45442
1.35414
0.59073
0.872734
1.15551
1.30388
0.339519
1.09455
0.503177
1.32712
0.759246
0.00211133
0.28434
0.452825
1.38792
1.18725
1.47357
0.394513
0.870944
0.942126
1.21642
0.187607
0.999626
0.441304
0.709587
0.792198
0.493265
0.35732
0.0100362
0.670132
0.572555
0.900256
1.16223
0.562269
0.151086
0.0434952
1.14572
0.798285
1.53237
0.549256
0.601973
1.3403
1.20073
0.0785377
0.099832
0.460685
0.0763369
0.0885825
0.191561
1.48166
0.634939
0.911218
1.52244
0.570347
1.29865
0.278592
0.546856
1.29358
0.62394
1.5101
0.691064
1.06397
0.720587
1.06467
0.623716
0.23742
0.272348
0.240956
1.12238
1.2099
0.267046
1.23606
0.968472
0.0048005
0.655546
0.0901051
1.0398
0.0104796
1.01625
0.926722
1.48303
0.818741
1.01109
0.370758
1.15455
0.858323
0.581682
0.780621
0.579735
0.937433
0.342178
0.628007
0.766436
1.18322
0.716157
0.976816
0.91516
1.2359
1.05952
0.458392
0.45527
1.08109
1.18036
0.437414
1.17551
1.24371
0.399403
1.15665
1.1479
0.265445
1.4815
0.109001
1.1153
0.520117
0.591755
0.172657
0.290945
0.825139
1.55991
0.559226
0.683135
1.37286
0.693969
0.156073
0.369876
1.24413
1.18494
0.319817
0.577449
1.0567
0.0418375
0.372891
1.17656
0.975789
0.226294
0.0888294
0.767134
0.446928
0.983289
0.512669
1.38909
1.31728
0.667129
0.708804
0.159761
0.249498
1.01849
0.145092
1.1097
1.1578
0.916388
0.134128
0.635007
0.287063
0.210564
0.827363
1.0532
0.701149
0.690739
1.47047
1.43778
1.17995
0.0218508
0.586376
0.600417
0.309771
1.04953
0.423036
1.40416
0.557484
0.479075
0.43246
0.162733
0.743705
0.296468
0.832689
0.0269034
1.04144
0.133866
0.851686
0.462975
1.15374
0.69652
0.570404
0.542667
1.29758
0.143395
0.113211
1.46127
0.138833
0.989856
0.477042
0.816417
0.0428636
0.756106
0.685516
1.10765
1.33667
0.285554
0.630916
0.105381
1.06374
1.30688
0.335748
0.163261
1.08531
0.365962
1.40817
1.41366
1.39415
0.306779
1.30756
1.29166
0.591852
0.863431
0.58525
0.216919
1.54851
1.52007
0.523494
0.507845
0.248927
0.205551
0.182812
1.12131
1.56592
0.624914
0.989066
1.03051
0.905349
1.09634
0.65281
0.571204
1.10414
1.14622
0.544618
1.56543
0.440406
0.789028
0.310501
0.156331
1.12518
0.284809
1.36849
0.54695
1.17085
0.643754
1.07628
0.523987
1.55676
0.792206
0.943255
1.09452
0.672749
0.785197
0.0945686
1.46587
1.42275
0.663166
1.47035
1.20506
1.45574
0.7304
0.713269
0.0194708
1.39787
0.0363525
0.956195
1.11313
0.396048
0.913551
0.845495
1.09005
0.927966
1.08492
0.775141
0.670679
1.17024
0.456909
0.646316
0.943776
0.960195
0.427227
0.185541
0.127013
0.0684911
1.11084
1.00757
1.38418
0.581559
1.23882
0.447161
1.38015
0.0497034
1.31874
0.754251
1.4855
0.91329
0.870987
1.35167
0.976372
0.784926
1.2477
0.662987
0.954712
1.09538
0.856537
1.41207
0.029339
1.12278
1.42874
0.640803
0.927192
0.654943
1.36019
0.114749
0.629027
0.0357689
0.960953
0.10923
0.150357
0.148917
0.483976
0.14652
0.594866
0.122184
0.560116
0.586992
0.554389
0.795629
1.27514
1.45364
1.52605
1.12361
1.52987
0.472186
0.127129
1.48941
1.44873
1.27141
0.0706568
0.253709
1.21898
0.38464
0.0561269
0.950912
1.21582
0.405818
0.0341272
1.09642
0.167095
0.424817
0.460167
0.348857
1.30257
1.21197
0.524478
0.299005
0.835244
0.135201
1.33763
1.47864
0.387139
1.47735
1.51201
0.0216785
0.100035
0.59924
0.067263
0.790445
1.15651
0.871121
0.636221
1.21592
0.708128
0.849023
1.03177
0.436843
0.710595
1.49957
1.13132
0.00854846
1.35414
0.74178
1.2534
0.850339
0.600839
0.0297391
0.373917
1.45096
1.20873
0.656653
1.29644
0.587415
1.10491
1.38779
1.14062
0.0421909
1.08141
0.27152
0.969805
1.5378
1.04727
0.879305
0.564105
0.83244
0.0521634
0.599329
0.716205
0.454559
0.750072
1.05114
1.05973
0.160862
0.727292
0.00168573
0.259411
0.806852
0.826752
0.142873
0.309471
1.01397
0.40277
1.48571
0.216333
1.49826
1.38628
1.21322
0.116929
1.4667
0.162435
0.10238
0.36134
0.173786
1.41194
1.29158
0.953903
1.30506
0.373382
1.40958
1.02023
0.257243
1.56633
1.04623
0.65123
1.23288
0.304368
1.42358
0.301819
0.832121
1.27234
0.123214
0.726992
1.2997
1.37792
0.285706
0.782328
0.0859217
0.359206
0.251595
1.47082
0.973226
0.76872
1.4005
1.09198
0.143875
1.11869
0.368721
0.253098
0.351433
1.50795
1.17833
1.31287
0.567123
1.43552
0.199734
1.04606
0.587846
0.268085
1.23542
1.52936
0.957451
0.393176
0.883881
1.17725
1.05934
0.751207
1.32708
0.987327
0.805707
0.916603
1.25459
0.995793
0.11369
0.113469
0.142916
1.33778
1.05901
1.34685
1.28456
0.0929863
0.115546
0.0604859
1.3943
0.695853
1.51168
0.962774
0.18626
1.20438
0.668123
0.833953
0.0240046
0.846819
0.0824728
1.01878
1.15855
1.3436
1.05243
0.355552
0.395923
0.969612
0.98131
0.612658
1.49319
0.515957
0.261863
0.928545
0.245127
0.418937
0.786826
0.6648
0.770513
1.00648
0.22544
0.557642
1.0221
1.03145
1.39535
0.209063
0.458718
0.356802
0.550007
0.100275
0.986724
0.214333
0.309429
1.3296
1.13242
0.79284
0.170123
1.34855
1.52676
0.693342
0.014543
1.1944
1.32985
1.24678
0.738091
1.16665
0.150282
0.711917
1.40287
1.01035
0.798998
0.425261
1.41338
0.851744
0.37027
0.987679
0.560653
0.329058
0.131
1.48884
1.52287
0.0742028
1.22889
1.30271
0.334319
1.13751
0.83197
0.740258
0.800538
1.09989
0.726336
1.39299
0.0667087
0.943473
1.4223
1.43387
0.432478
0.877632
0.589489
1.24381
1.5451
1.34946
1.53579
0.473021
1.21053
0.47249
0.60094
0.177883
0.133415
1.26047
1.22346
0.492252
0.191447
1.49883
0.459946
1.17837
0.0185354
1.12398
0.0352605
0.724795
1.02567
0.290759
0.622033
1.19047
1.27552
0.404803
0.762198
0.457176
0.19418
1.34048
0.58576
0.609589
1.52217
0.445493
0.657312
1.22469
0.250146
0.531175
1.10094
1.53621
0.486039
0.497018
0.0663197
0.962091
0.666878
0.874322
0.18004
0.221924
0.242713
1.15511
0.835666
1.5273
0.0711461
0.928846
1.34218
1.4774
1.02202
1.27037
1.05919
1.31362
0.781505
1.37194
1.0533
0.960538
1.13313
0.528458
0.812813
1.17761
0.885176
0.448105
1.43942
0.936054
0.212803
0.756585
1.10465
0.961405
0.186001
0.939209
0.777505
0.384007
0.765769
0.397494
1.31976
0.485077
0.667592
1.49774
0.224988
1.21368
1.46948
0.211235
0.823468
0.241937
0.257826
0.806705
0.93665
1.36507
0.987838
0.70051
0.616803
0.544796
0.381027
0.58721
0.0126122
0.888966
0.177648
0.71232
1.1626
0.162649
0.0701152
0.799931
0.986137
0.333744
0.0533013
1.15347
0.763
0.0509536
1.17493
0.924129
0.789548
0.657696
0.522514
0.443326
0.27797
1.47379
1.38935
1.45987
0.569885
0.45115
1.01648
1.37633
0.532721
0.158254
0.772192
0.333581
0.818018
1.15453
0.828806
0.62103
0.935998
0.853939
0.530206
1.11241
0.00402654
1.32081
1.32549
1.39365
0.846611
1.0986
1.22646
1.30974
0.838399
0.325296
1.18089
0.266104
1.19715
0.0912483
1.42483
0.842278
0.459744
1.55616
1.00906
0.63654
0.49564
0.499375
0.569138
1.52957
0.856907
1.50412
0.153264
1.06937
0.975725
0.478015
0.671196
1.55731
0.752652
1.3662
1.3999
0.600669
0.263818
0.697332
0.665269
0.912255
0.470106
1.23531
1.53474
0.589173
0.603398
0.255281
0.624162
0.723459
0.977025
0.546512
1.43669
0.397566
0.824801
0.477222
1.14565
0.146657
1.17803
0.843508
1.41618
0.272043
1.25893
0.462558
1.48981
0.344674
1.43706
1.21123
1.11889
0.873873
0.0397298
0.636132
1.09474
1.37701
0.437414
0.912043
0.788965
0.764763
1.51832
1.53588
1.56594
0.268074
0.299008
1.3235
0.881773
0.756477
0.215298
1.11616
0.959827
1.03489
1.24346
0.303912
1.33077
0.851186
0.56218
0.681712
1.3023
1.25903
0.66991
1.35764
0.653586
1.41006
0.574403
0.316885
1.15989
0.366698
1.03358
0.348598
1.32146
1.15963
1.07311
0.258016
0.867136
1.37149
0.522815
0.853333
1.49006
0.65726
0.270956
0.801998
1.56588
0.42289
0.823924
0.573103
0.480336
0.210009
1.39528
1.45724
1.15143
1.07821
0.774128
0.617886
1.31396
0.706261
0.951724
1.28092
1.32963
0.933076
0.132179
0.842253
0.6962
1.06066
0.220124
0.600804
1.47496
0.865942
0.774836
0.778345
1.12298
0.256416
0.0573992
0.319228
1.08201
0.217033
0.706261
0.14962
1.24468
0.0147078
1.3577
0.238494
0.439972
1.12186
1.07908
0.844445
1.19083
0.651415
1.11739
1.38323
1.08479
1.31973
1.41264
0.957608
0.480156
0.960017
0.265855
1.29789
1.19101
0.193093
1.03563
0.826086
1.38457
0.495225
0.0556111
0.437654
1.34686
0.631738
0.0488024
0.0402475
1.07341
0.0966768
0.444497
1.32674
0.326591
0.373721
0.0394608
0.450199
1.00624
1.40759
0.794485
0.652565
1.4366
0.189801
1.08877
1.53579
0.0674379
0.575118
0.555831
0.124844
0.518211
1.02488
0.145007
0.979079
0.172384
1.16407
1.38249
0.664929
1.32485
1.06129
1.30973
1.23491
0.689953
1.04448
1.02828
1.46047
0.466631
0.141853
0.95548
0.69184
0.983937
1.34042
0.0935889
1.44224
0.463359
0.761369
0.314696
0.877497
0.202747
1.27266
1.21843
1.05121
0.0373517
0.573504
0.965131
1.05609
0.516005
1.38615
1.1907
1.39969
0.735604
0.994152
0.392139
1.47475
1.36771
0.397072
0.560197
0.727615
0.0174699
0.838599
0.159568
1.12812
1.26856
0.829562
1.28958
0.279088
1.0086
1.53585
1.36435
1.32706
1.43828
0.0300731
1.48135
1.52018
0.184632
1.03233
0.118648
0.335102
1.5418
1.48196
0.284996
0.610003
1.17195
0.576858
1.11832
0.189174
0.226673
1.04937
1.37197
1.49427
0.630533
0.826413
0.817094
1.11884
1.26757
0.0652975
0.286553
0.588314
0.439555
0.976378
1.12522
0.273977
1.33153
0.552699
0.67356
0.169145
0.938573
0.166437
0.472917
0.592307
1.5233
1.27906
0.636682
0.421915
1.0325
0.885206
1.02696
1.15264
0.715758
1.34836
1.12656
1.11547
0.164237
1.21675
0.783907
0.0234424
1.32239
1.35611
1.53436
0.412679
0.459227
1.13213
0.886542
0.470949
0.107528
0.548481
1.14941
1.25318
0.0371733
0.533358
0.69008
0.551787
1.34068
1.43718
1.38614
0.326046
1.28384
1.45143
0.447003
0.494802
0.890073
1.19747
0.592716
0.991905
0.313347
1.11221
0.102035
1.11679
0.941688
0.792797
0.0889795
1.36268
0.182101
0.844529
1.31865
1.12234
0.0766909
0.301062
0.399294
1.10394
1.34042
0.828733
0.900732
0.527256
1.21214
0.648915
1.16811
1.56904
1.03151
0.829344
1.46265
1.52551
1.36719
0.437974
1.17823
0.355324
0.40497
0.411119
0.11392
0.583511
0.436689
0.711372
0.275133
0.863974
1.23802
1.56208
1.45242
1.41314
1.56367
0.641141
0.158175
1.20481
0.225318
0.496588
1.40448
0.838132
1.44349
0.428414
0.706691
0.83268
0.415617
0.0684287
0.747302
1.44433
1.02951
0.627803
0.570509
1.01511
0.178247
0.514895
0.0774338
0.834111
0.850938
0.132249
0.167853
0.479429
1.05817
1.4063
0.0815536
1.48613
0.315187
0.089682
0.332136
1.41362
1.07988
1.52281
0.918467
1.38735
0.258249
1.14161
0.293633
1.33507
1.52159
1.12089
0.311197
1.04668
1.52071
0.78979
1.34179
0.557366
0.473418
0.287633
1.38521
1.15805
1.27093
0.492152
1.52773
0.107938
0.97084
1.2421
0.500583
1.52624
0.200058
0.0321068
0.141997
1.15341
0.0468085
1.00927
1.48938
0.287864
1.42394
1.167
1.21928
0.803742
0.186946
1.40323
1.51346
0.256905
0.63457
1.45601
0.333968
0.289361
0.987842
1.30473
0.172242
0.449335
0.473147
0.76213
0.852147
0.703087
0.398466
0.858646
0.415314
0.066107
0.975053
0.787356
0.972707
0.421389
1.32115
0.510966
0.00353797
0.176157
0.754853
0.292714
0.751091
0.219864
1.2495
0.480956
0.175104
0.268355
0.586284
1.04615
0.0401959
0.16465
0.909313
0.394829
0.262427
0.169587
0.672242
0.745503
1.46316
0.808733
1.46146
1.39302
0.556269
1.0127
1.32275
0.266797
0.808057
0.946584
1.26169
0.22476
0.214926
0.282125
0.623057
1.29202
0.244195
0.321711
0.404317
1.2822
0.480029
1.00717
0.0129429
1.3307
1.15533
0.466676
1.52194
0.990508
1.38984
1.06511
1.11741
0.0288634
0.0278105
0.431756
1.56959
0.451091
1.24628
1.14971
0.640832
1.25878
0.81095
0.0940651
0.678353
0.156609
0.483707
1.07268
0.18338
0.797747
0.0171251
0.96898
1.16841
0.95833
0.396087
0.353422
1.04238
0.815472
0.378008
1.4105
0.34914
1.16785
1.33329
1.30207
0.883997
0.537477
0.794126
0.029372
0.438549
1.17396
1.35494
0.436531
1.31628
0.60799
0.272367
1.46818
1.51106
1.5616
1.33827
0.253122
0.568513
0.715274
1.41531
0.294134
1.35591
0.606201
1.15273
1.562
0.727011
0.135754
0.963539
0.831368
0.00847869
1.50556
0.308666
1.37575
0.179002
0.586742
0.799637
0.69162
1.26595
0.845248
0.230316
0.0128969
0.190024
0.26207
1.30515
0.129975
1.56688
0.942045
1.48318
1.46234
0.593104
0.0702374
1.2823
1.35571
0.305984
1.43656
1.54402
1.10239
0.693136
0.257499
0.188687
0.515761
1.26877
1.39533
0.494454
0.917698
0.0569855
1.08779
0.977474
0.0180075
1.06538
1.34389
0.902272
0.596641
1.10611
0.758607
1.45458
0.126696
1.09431
0.360225
0.14962
0.0504506
1.43758
0.280107
0.165206
1.11921
0.896999
0.393453
0.0531761
0.0765478
0.499182
0.680114
0.295241
0.228652
0.568868
0.149887
0.57979
0.12555
1.05991
0.890425
1.43142
1.42479
1.11997
1.28749
1.11461
0.125316
0.67508
0.79644
0.0126693
1.16288
1.19545
0.0327433
1.52544
0.00268182
1.492
1.27738
1.43169
0.326813
1.22228
0.667285
0.0835823
0.147025
0.113557
0.715353
0.737162
1.50621
0.224764
1.30318
0.757361
0.431902
0.0230908
0.359686
0.457466
0.315828
1.26226
0.983689
0.146483
0.3284
1.43448
0.301829
1.24451
1.41591
1.05508
0.192294
1.47596
0.659401
0.343723
0.33344
0.648091
0.171942
0.232768
0.370321
0.215208
1.23979
0.280552
1.2577
1.38428
0.466134
0.600699
0.963068
1.3917
1.45024
1.27203
0.0704111
0.877372
1.35791
0.433298
1.02706
0.887687
1.2887
0.207141
1.2451
0.765803
1.26013
1.28454
0.093992
0.137993
0.338042
0.112187
0.0428967
1.40564
1.08922
0.0371306
0.422432
0.141942
0.405461
0.738044
0.252648
0.273481
1.22983
0.8379
0.647251
0.181063
0.0860114
0.284243
1.44781
0.895439
0.7791
1.05976
0.11449
1.29983
1.41587
1.49334
0.86568
0.23864
1.16607
0.76597
1.05639
0.36165
0.0630057
0.194514
0.0383443
1.23865
0.514209
1.10611
1.16972
1.05449
0.0814116
1.31433
0.523789
0.162794
1.09992
0.870464
0.533344
0.148788
1.13361
0.293248
0.157912
0.610222
0.614118
0.270901
0.0848967
0.399539
1.43697
0.711566
0.158901
1.4359
0.448696
1.3233
1.06463
0.517418
1.55497
0.0644865
0.284128
1.24005
0.468436
0.998879
0.199635
1.36349
0.358432
0.696563
1.32939
0.451522
0.0537037
0.273499
1.01894
1.04353
0.0842852
0.637648
0.749678
1.20899
0.661073
1.36518
1.26666
0.104516
0.860191
0.249988
1.37472
0.298566
1.22883
0.753226
0.544355
1.19234
1.08134
0.181347
1.47625
1.43199
1.55687
0.252127
0.277518
1.10557
0.585666
1.051
0.335705
1.06462
0.716812
1.33054
1.07197
0.12626
0.137419
1.00502
0.0125415
0.66159
1.43489
0.46342
1.04511
1.07277
1.42186
1.12343
0.30976
0.1446
1.05623
0.539023
0.861096
1.49182
0.335439
0.898783
1.15587
1.22208
1.2278
1.11283
0.964929
1.43958
0.342648
0.215213
0.714248
0.246894
0.283196
0.908478
1.06277
0.668325
0.232361
0.92782
1.54349
1.02919
1.07363
0.0900246
1.21482
0.337288
0.95139
0.972449
0.46687
0.786045
0.48837
1.12599
1.20313
1.08205
0.715667
0.160566
0.525052
0.0961648
0.398419
1.04907
1.29696
0.935342
0.140484
0.898138
0.384803
0.887243
0.107785
1.49688
0.437935
0.856662
0.366581
0.394497
0.62756
0.852186
1.05573
0.537724
0.229363
1.17786
0.809276
0.640385
0.534468
0.103387
0.146683
0.0178179
1.02851
1.18294
0.43929
1.10286
0.412237
1.35125
0.639367
0.932198
0.998237
1.56208
0.289581
0.930272
1.35552
0.695659
0.896373
0.923378
0.503458
0.476028
0.503147
1.31442
0.0832782
1.35626
1.14664
0.80792
1.52704
0.98056
0.854841
0.533873
0.187444
0.241942
0.0139724
1.09183
1.32332
0.875937
0.932208
1.02104
1.54649
1.01289
1.17712
1.36468
0.340182
1.28844
0.633255
0.115219
0.24733
0.34785
0.0333538
1.54407
0.061394
0.907738
0.472179
0.306902
1.05877
0.214177
0.329052
1.38364
1.13834
0.128702
0.47871
0.602177
1.19915
1.06537
0.542534
1.45856
1.14158
0.0599659
0.477312
0.275835
0.0670319
0.451995
0.948086
0.309591
0.607328
1.56591
1.28942
0.747986
0.631606
1.18318
1.27902
0.0174952
0.106146
1.37014
0.378272
0.895974
0.590106
0.465059
0.518206
0.27206
0.302025
0.79802
1.14416
1.23758
0.663667
0.11565
1.18038
0.588703
0.56727
0.958757
0.946933
0.0492791
0.143297
0.000345148
1.05369
1.16756
0.636168
0.979038
1.47861
1.46205
1.2955
0.999754
1.54316
0.349531
0.317834
0.667274
0.624629
0.518556
1.00905
1.05608
1.56912
0.121355
1.56257
0.44226
0.000652684
1.27785
1.42716
0.120701
1.26143
0.233979
1.47542
0.392288
0.0816565
1.28753
0.461908
0.17278
1.12132
1.16237
1.51565
0.261151
1.00257
0.498651
0.4445
1.06795
0.737597
1.22062
0.85182
0.979717
0.461308
0.886752
0.39172
1.54446
0.720832
1.24924
1.31788
1.21858
0.973177
0.0561416
0.144614
0.4343
0.0932788
0.86338
0.311243
0.143799
1.31995
0.778105
1.19614
0.381736
1.51065
0.635084
0.633271
0.058588
0.324754
0.335107
1.44766
1.06612
1.50323
0.475076
1.44797
1.06602
0.888621
0.162799
0.668383
1.23848
0.772795
0.420741
0.957121
0.85881
1.31856
0.235567
0.0793286
1.29658
0.270864
1.15255
0.259896
0.252966
1.21006
0.26131
0.176523
0.107024
0.637108
0.841803
0.403854
1.23868
0.659448
0.283806
0.395549
1.4352
0.461516
1.36142
0.287314
0.674788
0.179571
0.504276
1.19774
1.50512
0.121797
0.312543
0.34361
0.251402
0.666934
1.2652
1.36823
1.56236
0.787812
1.1086
0.970323
1.12519
0.00364754
1.43457
0.100864
0.863891
1.38043
1.54709
0.759827
0.114576
0.701219
0.719549
0.375742
0.645274
0.773262
0.570833
0.49594
0.919459
0.886279
1.27965
0.597453
1.27453
1.09548
1.35555
1.33575
0.960072
1.05567
0.45585
0.880028
1.16136
0.988146
0.825684
0.913495
0.161809
0.533717
0.0434359
0.187318
0.558604
1.30277
0.731723
0.429199
1.48697
1.13499
0.552659
1.47713
0.298551
1.51552
1.17543
0.853871
0.488891
0.419095
1.07565
0.205875
1.41343
0.870885
0.433088
0.461677
1.55504
0.764913
0.271605
0.823577
0.136355
1.21403
1.4132
0.533209
0.481201
0.132705
0.646696
1.12371
0.0819297
1.08411
1.41759
0.530521
0.544949
0.321786
0.826859
0.28479
1.41015
0.313443
0.241287
0.751569
0.398984
0.459888
0.331283
0.925581
0.471837
0.752564
0.882753
0.105555
1.39223
0.491282
0.226176
0.081194
0.120894
0.914599
0.44509
0.619957
0.83407
1.23905
1.15739
1.38396
0.126396
0.943763
0.1736
1.53333
0.979148
1.27
0.487191
0.762669
1.47143
1.15128
0.872851
1.23671
0.213927
0.705426
1.17528
1.21842
0.212835
0.827187
1.24025
0.219172
0.455049
0.792692
1.32507
0.621155
0.487354
0.169281
1.05846
0.344541
0.589464
0.259128
0.277229
0.226999
0.659627
1.15671
0.896847
1.41866
1.0481
0.0928508
0.709637
1.29116
1.15301
0.0223942
0.659713
1.492
1.33408
1.07466
0.501513
0.321664
0.276071
0.965227
0.837762
1.05257
1.50944
1.47483
0.870214
1.33798
0.254042
0.316539
0.564689
0.944593
0.483342
0.83487
0.0353561
0.400603
0.571132
0.152002
0.453268
0.485319
1.43616
0.913563
0.698623
0.188333
0.350387
0.776802
0.196478
0.11342
0.861943
1.53324
0.06822
1.34729
0.472741
0.316597
0.342797
0.768615
0.811064
0.671461
0.00715583
1.22938
0.461174
1.03305
0.630321
0.496686
1.09762
1.26956
0.76182
0.891889
0.602865
1.40675
0.751638
0.266659
1.18693
1.50183
0.746698
1.36925
0.844922
0.348689
1.42708
1.51887
0.428654
0.517687
0.765862
1.23538
0.724224
0.511944
0.196152
1.34299
0.491154
0.935244
0.566146
0.228188
1.4164
0.181565
0.250457
0.857834
1.35989
0.12959
0.589492
1.04389
1.2833
0.0879164
0.733043
1.49982
1.2606
0.573166
0.541435
0.165468
1.55451
0.939752
1.01273
0.869455
0.186594
0.802436
1.33769
0.833362
0.768535
1.34293
0.674387
0.880231
1.37865
0.507289
1.30349
0.414015
0.798506
0.15363
1.21852
0.893514
0.875853
0.188031
0.472846
1.12677
0.0525827
1.29664
0.393156
0.223338
0.0277079
0.593988
0.900388
0.863325
0.98685
0.669986
1.07035
0.258708
1.19792
0.463758
1.53873
0.293288
0.502837
1.49609
0.661929
1.25228
1.3402
0.410649
1.11397
1.43613
0.740424
0.0381766
0.661302
0.970802
0.417717
1.54208
1.52586
1.0033
1.25923
1.42468
0.957027
1.41883
1.11137
0.734493
0.0579706
0.58533
0.691429
0.463639
0.341628
0.0680002
0.743525
0.947181
0.170862
0.224477
0.653187
0.812597
0.894038
1.28614
0.788331
0.716176
0.855793
1.27323
0.949998
1.30749
0.894594
1.48554
0.911867
0.234019
0.0533083
1.49311
1.45021
0.199563
0.460997
0.584974
1.29708
0.0791417
0.329492
0.348457
0.0276404
1.44008
0.0978277
0.909192
0.120497
1.13148
1.10424
0.414228
0.598856
0.710334
1.23825
0.0145438
0.664325
0.987853
1.08265
0.3627
0.402864
1.28984
0.750317
1.15705
1.43701
1.32869
0.373119
0.397949
1.45061
1.10218
0.024502
0.671822
1.16779
1.06528
1.14122
0.0870942
1.49748
1.4383
0.665239
0.0731601
1.21828
0.238549
0.887744
0.730901
0.957911
0.105874
1.47405
1.39831
0.693058
1.47469
0.181533
0.615089
0.394137
0.0227661
0.220361
0.932943
1.40005
1.217
0.0656625
0.979757
1.28466
0.376881
1.11122
0.936219
1.33792
0.344975
0.317142
0.0528209
0.582537
0.0234379
0.659243
0.354702
0.598283
0.578454
1.06026
0.723276
0.74733
1.38373
0.775129
1.4283
0.502345
0.064589
0.946879
1.32695
0.0986151
1.28917
0.305723
0.614463
1.12978
1.0882
1.01048
0.716593
0.583327
1.55388
0.129753
0.0276001
1.54442
1.43366
1.23994
1.08348
1.5289
1.30473
0.000700452
1.16058
0.757649
0.628345
0.297837
0.0627771
1.01428
0.727153
0.592395
1.1468
1.41923
0.339903
0.513448
0.0700695
0.0259315
0.937292
1.21638
1.08238
0.152594
0.86141
0.224273
0.919155
0.478076
0.154243
1.3622
0.87597
0.0821889
1.15126
1.35638
0.43057
0.278676
1.02598
0.123156
0.586849
1.41118
0.52201
0.463611
0.862352
0.970456
0.90208
0.465658
0.306156
0.351954
1.31251
0.545598
1.36002
1.47969
0.287001
1.23647
1.40496
0.530682
1.10339
0.694699
1.0156
0.23053
0.182577
0.460124
0.536989
0.345534
0.608609
1.39353
0.408259
1.16911
1.05029
1.02832
1.10207
1.38579
0.856013
1.32049
0.768799
0.630274
1.34619
0.153962
0.0261927
1.24748
0.656174
0.0638791
0.632275
1.1631
1.37976
0.138495
0.0633026
0.606999
1.34078
0.0654682
0.0629452
0.290811
0.0459265
0.371214
0.776931
0.0136662
1.36547
0.96912
0.684171
0.580719
1.36265
1.49344
0.531592
1.47395
0.651803
0.937989
1.4591
0.749781
1.54963
0.00919564
1.28731
0.924953
1.10637
0.0255888
1.23479
1.45404
0.482659
0.419229
1.22438
1.44838
0.00275505
1.24989
0.510816
1.33813
1.00261
0.306338
0.818316
1.02721
1.45468
0.475502
0.866715
1.16042
1.33139
0.194071
1.36073
0.59798
0.496012
0.381546
0.126597
0.495817
0.259191
1.29009
0.360775
0.101639
1.44551
0.814977
1.42973
0.0224288
1.17081
0.702614
0.984296
0.905736
1.48326
0.537024
0.437996
0.606399
0.879802
1.12395
0.324819
0.469718
0.588725
1.28245
0.891639
1.34126
0.368904
0.414686
0.972497
0.131678
1.41976
1.09938
1.3419
0.235153
1.10949
0.926251
1.18865
1.53304
0.677454
0.047756
1.55446
0.986562
0.900011
1.22424
1.09131
0.518146
1.31873
0.233631
0.194963
0.659543
1.47556
1.34685
1.39731
0.748045
0.288244
1.06304
1.3233
1.34155
1.49341
0.968883
1.23501
0.368565
1.05858
0.395424
0.982593
0.503889
1.37848
0.918459
0.32318
1.25749
0.805018
0.805265
1.15023
0.492178
0.527058
1.18433
1.36253
0.0942024
1.42658
0.903579
0.683453
0.589533
0.648149
1.24847
0.808325
0.719891
0.0520259
0.935112
1.29111
1.48999
0.832612
0.529116
1.18754
0.88341
0.222798
0.858254
1.1497
1.5236
0.273129
0.420654
0.779384
0.661075
1.18008
1.25556
0.6093
0.0925153
0.0133097
0.114385
1.24078
0.513534
0.504263
0.244965
0.301916
1.19241
0.92414
0.855945
0.503521
0.74981
1.00895
0.301037
0.560792
0.625727
0.431626
1.5072
1.16709
0.362532
1.40453
0.482959
1.46467
0.642447
0.364569
0.355512
0.686891
0.309216
1.04003
0.378084
0.460288
0.445673
0.0586934
1.05046
0.190249
0.380939
1.10847
0.598665
0.593703
0.569917
0.458253
0.713931
1.43507
1.43994
0.174434
0.496017
1.52362
0.0127774
0.0456403
1.13318
0.754748
1.1035
1.45852
0.0652681
0.256234
0.913872
1.15903
0.50481
0.0132775
0.106772
0.472495
0.725999
0.0619483
0.970693
0.900352
0.591982
0.172948
0.991856
0.667715
1.19481
0.0333027
1.56941
0.447348
0.866588
0.528244
0.0107872
0.261287
0.796312
0.0325545
0.354232
0.466289
1.23671
1.32334
1.16646
1.52065
1.06303
1.1978
1.31241
1.28311
0.360533
0.849717
0.293698
0.265362
0.156152
0.988828
0.730247
1.49794
1.4625
0.186781
0.646674
0.93652
0.657619
1.4169
0.627961
0.976366
0.285535
1.4103
0.510832
1.22314
1.00954
1.025
0.285613
0.46995
0.115686
0.498434
0.697531
0.410254
1.29178
0.414013
0.0415662
1.5468
0.560637
1.31163
0.756565
1.53612
0.327639
1.51563
1.52734
0.238638
1.11384
0.419476
0.548774
0.272726
0.674041
0.849279
0.79158
0.588384
0.331064
0.684218
0.776566
0.189981
1.41659
0.939462
0.150066
0.121613
1.08531
1.29166
0.990775
1.52113
1.18074
0.32246
1.39892
0.876254
1.25272
0.307081
1.42553
0.0734021
0.980198
0.910919
0.262519
1.00755
1.49463
0.613248
1.48861
0.932969
0.0951711
0.245429
0.517726
1.12897
1.00276
0.514653
0.0992885
0.83888
0.691102
1.1243
0.881414
1.49849
0.67127
0.486893
0.565886
0.481461
0.266184
0.381951
0.770462
0.330483
1.15013
1.42786
1.26092
0.499392
0.640401
1.39533
0.723879
1.42248
1.1756
0.561899
1.29524
0.730031
0.341621
0.284364
1.29181
0.419665
0.602198
1.41457
0.85057
0.450188
1.0695
1.1169
1.24697
0.844369
1.33402
1.49036
1.04669
1.25847
1.09726
0.962327
0.13022
1.18333
0.576611
0.896092
1.38949
0.43708
1.36832
0.905872
0.0159982
1.43067
1.00436
0.940818
1.05612
0.706479
1.1175
1.5643
1.23479
1.12824
1.04814
0.908483
0.63708
0.537579
1.19454
1.37778
0.736504
1.10495
1.51955
