           1     66.0588     66.0588           0
           2     84.3563     75.2076     6.46913
           3      81.935     77.4501     4.68533
           4     73.5789     76.4823     3.61257
           5     68.8314     74.9521     3.19775
           6     81.1256      75.981     2.82548
           7     75.9234     75.9728     2.42185
           8      81.574     76.6729     2.21802
           9     85.2574     77.6268     2.16698
          10     73.0633     77.1704     1.99775
          11     76.0334     77.0671     1.81881
          12     81.6783     77.4513     1.70735
          13     74.4056      77.217     1.59201
          14     76.2363      77.147     1.47984
          15     83.3847     77.5628     1.43842
          16     78.6376       77.63     1.35009
          17     91.2361     78.4304     1.48913
          18     74.3141     78.2017     1.42385
          19     79.5325     78.2717     1.35063
          20     80.7723     78.3968     1.28887
          21     63.9794     77.7102     1.39844
          22     78.5772     77.7496     1.33543
          23     86.1203     78.1136     1.32604
          24     83.1438     78.3232     1.28724
          25     65.8626     77.8247     1.32875
          26     88.1424     78.2216     1.33559
          27     81.3752     78.3384     1.29122
          28     78.4028     78.3407      1.2451
          29     76.3451     78.2719     1.20407
          30     71.2906     78.0391     1.18621
          31     67.5167     77.6997     1.19552
          32     79.3183     77.7503     1.15923
          33     85.7273      77.992     1.14903
          34      70.246     77.7642      1.1376
          35     78.7028      77.791     1.10541
          36     66.5292     77.4782     1.11809
          37     83.1754     77.6322     1.09843
          38     71.0507      77.459     1.08309
          39     81.7758     77.5697     1.06096
          40     84.7732     77.7497     1.04961
          41     84.8126      77.922     1.03805
          42     87.9775     78.1614     1.04058
          43     88.2192     78.3953     1.04233
          44     86.6919     78.5839     1.03556
          45     86.6972     78.7642     1.02812
          46     73.4216      78.648     1.01231
          47     75.9456     78.5905    0.992402
          48     77.1411     78.5603    0.972187
          49      81.702     78.6245    0.954458
          50     91.9943     78.8919    0.972104
           1     34.0701     34.0701           0
           2     31.4757     32.7729    0.917242
           3      30.581     32.0423    0.854285
           4     38.7176     33.7111     1.58092
           5     29.4005      32.849     1.48127
           6     37.0101     33.5425     1.38727
           7     28.9898     32.8921     1.33286
           8     29.4674      32.464     1.23309
           9     34.6489     32.7068     1.11972
          10      39.989      33.435     1.22181
          11     36.1616     33.6829      1.1356
          12      37.207     33.9766     1.07828
          13     40.0232     34.4417     1.09105
          14     32.6298     34.3123     1.02076
          15     29.3208     33.9795     1.00549
          16     35.7176     34.0881    0.948496
          17     36.3873     34.2234    0.902293
          18     32.1081     34.1059    0.859785
          19     30.2206     33.9014    0.838498
          20     32.6335      33.838    0.798965
          21     35.5185      33.918    0.764917
          22     20.9069     33.3266    0.931122
          23     30.5936     33.2078    0.898188
          24     31.8359     33.1506    0.862581
          25     30.1989     33.0325     0.83612
          26     30.7779     32.9458    0.808446
          27     33.3409     32.9605    0.778636
          28     38.1248     33.1449    0.772363
          29     26.4131     32.9128    0.779833
          30     27.5757     32.7349    0.773865
          31     35.8614     32.8357    0.755445
          32     33.9114     32.8693    0.732585
          33     35.5383     32.9502    0.714836
          34     38.8235      33.123    0.714379
          35     37.3488     33.2437    0.704097
          36     32.4812     33.2225    0.684858
          37     35.4254     33.2821    0.668931
          38     32.8347     33.2703    0.651431
          39     30.8371     33.2079    0.637708
          40     26.9681     33.0519    0.640561
          41     33.3632     33.0595    0.624982
          42     35.7496     33.1235    0.613375
          43     41.4128     33.3163    0.628674
          44     34.6608     33.3469    0.615128
          45     34.4363     33.3711    0.601934
          46     29.9863     33.2975    0.593329
          47     24.0112     33.0999     0.61272
          48     30.0311      33.036    0.603282
          49     36.2524     33.1016     0.59453
          50     32.4475     33.0885    0.582784
           1     14.0696     14.0696           0
           2     17.1026     15.5861     1.07232
           3     15.4398     15.5373    0.715989
           4     14.6941     15.3265    0.567172
           5     14.4274     15.1467    0.481403
           6     15.0291     15.1271    0.401568
           7     15.1336      15.128    0.344202
           8     16.3917      15.286    0.335472
           9     15.7152     15.3337    0.301568
          10     14.1361     15.2139    0.294232
          11     14.8867     15.1842    0.268983
          12     15.6985      15.227    0.249959
          13     13.8305     15.1196    0.252763
          14     16.8192      15.241    0.262246
          15     12.5231     15.0598    0.300916
          16     17.5476     15.2153    0.319766
          17     17.4132     15.3446    0.326047
          18     14.6186     15.3043    0.310418
          19     14.3842     15.2558    0.297833
          20     13.8565     15.1859    0.291044
          21     13.8458     15.1221    0.284094
          22     15.8004     15.1529    0.272849
          23     13.9845     15.1021    0.265673
          24     15.5442     15.1205    0.255241
          25     18.4468     15.2536    0.277551
          26     15.8423     15.2762    0.267798
          27     17.7364     15.3673    0.272942
          28     15.4204     15.3692    0.263201
          29     17.3186     15.4364    0.262568
          30     16.1464     15.4601     0.25488
          31     13.9113     15.4101    0.251507
          32     12.5493     15.3207    0.259051
          33     12.4854     15.2348    0.265066
          34     14.5561     15.2149    0.258021
          35     13.5944     15.1686    0.254768
          36     15.6458     15.1818    0.248036
          37     16.5701     15.2193    0.244154
          38     11.0327     15.1092    0.261408
          39     14.1874     15.0855    0.255771
          40     15.3822     15.0929    0.249484
          41     14.9871     15.0904    0.243413
          42     12.5573     15.0301    0.244975
          43     18.4479     15.1095    0.251843
          44     15.0426      15.108    0.246124
          45     12.7287     15.0551    0.246268
          46     14.1824     15.0362    0.241644
          47     15.5039     15.0461    0.236708
          48     14.1395     15.0272    0.232529
          49     15.4284     15.0354    0.227928
          50     12.6431     14.9876    0.228336
           1     8.16501     8.16501           0
           2     9.27736     8.72119    0.393276
           3     9.10088     8.84775    0.281814
           4     8.58344     8.78167     0.21897
           5     7.97484     8.62031    0.226976
           6     8.29202     8.56559     0.19563
           7     8.36005     8.53623    0.169873
           8      8.2811     8.50434    0.151602
           9      9.0581     8.56587    0.146713
          10     8.36595     8.54588    0.133397
          11     7.50057     8.45085    0.151379
          12     8.22557     8.43208    0.139924
          13     8.90221     8.46824    0.133752
          14     8.49648     8.47026    0.124214
          15     8.42238     8.46707    0.115974
          16     8.57341     8.47371    0.108916
          17     9.13949     8.51288    0.109324
          18     7.70277     8.46787    0.112132
          19     8.46323     8.46763     0.10623
          20      8.3506     8.46177     0.10108
          21     7.39781     8.41111    0.108222
          22     8.89384     8.43305    0.105504
          23     9.67693     8.48713    0.113938
          24     8.39925     8.48347    0.109249
          25     7.62287     8.44905    0.110169
          26     7.77137     8.42298    0.108972
          27     8.81197     8.43739    0.105884
          28     8.30605      8.4327    0.102206
          29     9.14067     8.45711    0.101555
          30      10.027     8.50944    0.110836
          31     7.95125     8.49144    0.108713
          32     8.53195      8.4927    0.105323
          33      8.6837     8.49849    0.102291
          34     8.95283     8.51185    0.100151
          35     8.13435     8.50107   0.0978687
          36     8.30472     8.49561    0.095302
          37     7.24228     8.46174   0.0985626
          38     9.83054     8.49776     0.10234
          39     9.07483     8.51256     0.10078
          40     9.00058     8.52476   0.0989958
          41     8.71816     8.52947   0.0966936
          42     8.04058     8.51783   0.0950894
          43     9.50856     8.54087   0.0956286
          44     8.47105     8.53929   0.0934684
          45     7.81441     8.52318    0.092769
          46     8.52383     8.52319   0.0907523
          47     8.49711     8.52264   0.0888231
          48     7.29534     8.49707    0.090578
          49     7.58181     8.47839   0.0906349
          50     7.93925     8.46761   0.0894614
           1     5.30591     5.30591           0
           2     6.04276     5.67434    0.260516
           3     5.01766     5.45544    0.249212
           4     5.31143     5.41944    0.189492
           5     5.49441     5.43444    0.152186
           6     6.23263     5.56747     0.17559
           7     5.48524     5.55572    0.150898
           8     5.71979     5.57623    0.133422
           9     5.49018     5.56667    0.118939
          10     5.37751     5.54775    0.108539
          11     5.45542     5.53936   0.0989961
          12     5.42817     5.53009    0.091179
          13      5.6513     5.53942   0.0846406
          14     5.45121     5.53312    0.078829
          15       5.521     5.53231   0.0735779
          16     5.70306     5.54298   0.0697489
          17     6.15478     5.57897   0.0743529
          18     4.88395     5.54036   0.0796193
          19      5.8739     5.55791   0.0773399
          20     6.00917     5.58048   0.0766935
          21     5.17651     5.56124   0.0754153
          22     5.74652     5.56966   0.0724561
          23     5.60884     5.57136   0.0693258
          24     5.52307     5.56935   0.0664665
          25     5.75817      5.5769   0.0642355
          26     5.73161     5.58285   0.0620399
          27     5.47492     5.57886   0.0598708
          28      6.0156     5.59445   0.0597298
          29     4.75636     5.56555   0.0642826
          30     5.25988     5.55537   0.0629422
          31      5.4523     5.55204   0.0609996
          32     5.33479     5.54525   0.0594699
          33      6.0896     5.56175   0.0599118
          34     5.70353     5.56592   0.0582947
          35     5.54172     5.56523   0.0566332
          36     5.52464      5.5641   0.0550713
          37     5.18275     5.55379   0.0545388
          38     5.60353      5.5551   0.0531193
          39     6.12823      5.5698   0.0537516
          40     5.15908     5.55953   0.0533796
          41     5.37004     5.55491   0.0522773
          42      5.6949     5.55824   0.0511388
          43     6.53215     5.58089   0.0547358
          44     5.50905     5.57926   0.0535161
          45     5.55001     5.57861   0.0523308
          46     5.32119     5.57301   0.0514915
          47     5.61597     5.57392   0.0504041
          48     5.41935      5.5707   0.0494568
          49     5.40617     5.56735   0.0485613
          50     5.75875     5.57117   0.0477407
           1      3.8028      3.8028           0
           2     3.87443     3.83862   0.0253246
           3     4.04803     3.90842   0.0594433
           4     3.85553      3.8952   0.0460296
           5     3.77315     3.87079   0.0428094
           6     3.79148     3.85757   0.0376602
           7     3.99253     3.87685   0.0368867
           8     4.21665     3.91933   0.0511888
           9     4.20775     3.95137   0.0546193
          10     4.36386     3.99262   0.0628311
          11     4.15062     4.00698    0.058738
          12     4.24019     4.02642   0.0569673
          13      3.8649     4.01399   0.0539231
          14     3.93663     4.00847   0.0503538
          15     4.14668     4.01768   0.0478324
          16     3.84466     4.00687   0.0460491
          17        3.99     4.00588    0.043351
          18     3.95695     4.00316   0.0410277
          19     3.52531     3.97801   0.0459344
          20     4.29841     3.99403   0.0463472
          21     3.92842      3.9909   0.0442454
          22     4.03923      3.9931   0.0422887
          23     3.55735     3.97415    0.044492
          24     4.11919      3.9802   0.0430467
          25     3.77784      3.9721   0.0420789
          26     4.05587     3.97533   0.0405837
          27     3.75957     3.96733   0.0398595
          28     3.96084      3.9671   0.0384366
          29     3.95101     3.96655   0.0371152
          30     4.15256     3.97275   0.0363923
          31     3.83022     3.96815   0.0355076
          32     3.60625     3.95684   0.0361542
          33     3.94029     3.95634   0.0350621
          34     3.86593     3.95368   0.0341316
          35     3.90244     3.95222   0.0331877
          36     4.11624     3.95677   0.0325771
          37     3.80809     3.95275   0.0319435
          38     4.15039     3.95796   0.0315235
          39     3.50899     3.94644   0.0327499
          40     3.86626     3.94444   0.0319924
          41     3.67088     3.93777   0.0319003
          42     3.94363     3.93791    0.031141
          43     3.67485     3.93179   0.0310119
          44      4.1767     3.93735   0.0308026
          45     3.71281     3.93236   0.0305196
          46     3.67552     3.92678   0.0303626
          47     3.79928     3.92407   0.0298375
          48     3.95005     3.92461   0.0292208
          49     4.01181     3.92639   0.0286786
          50     3.90362     3.92593   0.0281086
           1     2.84814     2.84814           0
           2     2.87431     2.86123    0.009253
           3     3.06501     2.92915   0.0558031
           4     2.86658     2.91351   0.0439903
           5     2.85882     2.90257   0.0365269
           6     2.88741     2.90005   0.0305264
           7     3.12321     2.93193   0.0394439
           8     2.89257     2.92701   0.0348189
           9     2.89969     2.92397   0.0310821
          10     2.84965     2.91654   0.0288489
          11     2.96581     2.92102   0.0265718
          12     3.01262     2.92865   0.0254303
          13     2.99219     2.93354   0.0239392
          14     2.94324     2.93423   0.0222393
          15     2.90755     2.93245   0.0208277
          16     3.17838     2.94782    0.024551
          17      3.1115     2.95745   0.0249233
          18      2.9225     2.95551   0.0236142
          19     2.98006      2.9568   0.0224067
          20      3.1145     2.96469   0.0226312
          21     2.65853     2.95011   0.0258259
          22     3.30525     2.96625   0.0292653
          23     3.02682     2.96888   0.0281111
          24     2.88897     2.96555   0.0271363
          25     2.94009     2.96454     0.02607
          26     2.95059       2.964   0.0250728
          27     2.85263     2.95988   0.0244811
          28     2.95695     2.95977    0.023607
          29     3.00454     2.96131   0.0228434
          30     2.97662     2.96182   0.0220876
          31     3.00584     2.96324   0.0214207
          32     3.15203     2.96914   0.0215484
          33     2.71375      2.9614   0.0222418
          34     2.80723     2.95687    0.022045
          35     2.96659     2.95715   0.0214169
          36     3.01723     2.95882   0.0208869
          37     2.91172     2.95754   0.0203612
          38     2.88099     2.95553   0.0199247
          39     3.12541     2.95989   0.0198843
          40     2.83148     2.95668   0.0196446
          41     2.94504     2.95639   0.0191675
          42       3.242     2.96319   0.0198808
          43     3.12032     2.96685   0.0197515
          44     3.12803     2.97051   0.0196393
          45     3.02688     2.97176   0.0192428
          46     3.10301     2.97462   0.0190348
          47      3.0764     2.97678   0.0187526
          48     2.78168     2.97272   0.0187973
          49     2.95878     2.97243   0.0184158
          50     3.26683     2.97832   0.0189654
           1     2.27046     2.27046           0
           2     2.38671     2.32859   0.0411016
           3     2.38298     2.34672   0.0311446
           4     2.30196     2.33553   0.0252893
           5     2.21561     2.31155   0.0294867
           6     2.32453     2.31371   0.0246515
           7     2.35339     2.31938    0.021772
           8     2.44342     2.33488   0.0239434
           9     2.42374     2.34476   0.0232296
          10     2.28689     2.33897   0.0216155
          11     2.32316     2.33753   0.0196982
          12     2.29373     2.33388   0.0183918
          13     2.24978     2.32741   0.0180791
          14     2.34119      2.3284   0.0168145
          15     2.39836     2.33306   0.0163277
          16     2.45068     2.34041   0.0168811
          17     2.48405     2.34886   0.0178779
          18     2.46314     2.35521   0.0179766
          19     2.43944     2.35964   0.0175686
          20     2.47226     2.36527   0.0175694
          21     2.22876     2.35877   0.0178949
          22     2.22611     2.35274    0.018069
          23     2.33512     2.35198   0.0172996
          24      2.3319     2.35114    0.016599
          25     2.26422     2.34766   0.0162951
          26      2.2638     2.34444   0.0159844
          27     2.24475     2.34075   0.0158131
          28     2.40415     2.34301   0.0154096
          29     2.50082     2.34845   0.0158099
          30     2.33897     2.34814   0.0152861
          31     2.38147     2.34921   0.0148307
          32     2.15282     2.34307   0.0155855
          33     2.18208      2.3382   0.0158584
          34     2.20921      2.3344   0.0158392
          35       2.135     2.32871   0.0163792
          36      2.3625     2.32964   0.0159512
          37      2.4024     2.33161   0.0156408
          38     2.35533     2.33223   0.0152416
          39     2.33367     2.33227   0.0148509
          40     2.36597     2.33311   0.0145035
          41     2.36901     2.33399   0.0141761
          42     2.30073      2.3332   0.0138607
          43     2.38101     2.33431   0.0135829
          44     2.32135     2.33401   0.0132774
          45     2.30206      2.3333   0.0130013
          46     2.30784     2.33275   0.0127304
          47     2.31122     2.33229   0.0124678
          48     2.33435     2.33234   0.0122081
          49     2.31117      2.3319   0.0119666
          50     2.33831     2.33203    0.011728
           1     1.84715     1.84715           0
           2     1.81283     1.82999    0.012134
           3     1.88341     1.84779   0.0166377
           4     1.92904     1.86811   0.0215667
           5     1.92891     1.88027    0.020396
           6      1.9813     1.89711    0.022917
           7     1.86982     1.89321    0.019972
           8     1.92725     1.89746    0.017923
           9     1.81963     1.88882   0.0178967
          10     1.82941     1.88287   0.0170644
          11     1.83946     1.87893   0.0159629
          12     1.92552     1.88281   0.0150975
          13     1.80912     1.87714   0.0149626
          14     1.87016     1.87664   0.0139022
          15     1.87524     1.87655   0.0129757
          16     1.93892     1.88045   0.0127368
          17     2.03691     1.88965   0.0149476
          18     1.84612     1.88723   0.0143115
          19     1.99088     1.89269   0.0145608
          20      1.9382     1.89496   0.0140094
          21     1.86572     1.89357   0.0134113
          22     1.88627     1.89324   0.0128058
          23     1.84151     1.89099    0.012445
          24     1.89623     1.89121   0.0119284
          25     1.81486     1.88815   0.0118358
          26     1.91717     1.88927   0.0114331
          27     1.79921     1.88594   0.0114858
          28     1.76031     1.88145   0.0119197
          29     1.93355     1.88325   0.0116433
          30     1.83211     1.88154   0.0113793
          31     1.89083     1.88184   0.0110161
          32     1.92538      1.8832   0.0107556
          33     1.96023     1.88554     0.01068
          34     1.87626     1.88526   0.0103693
          35     1.94086     1.88685    0.010194
          36     1.88126      1.8867  0.00991201
          37     1.98875     1.88945   0.0100205
          38     1.91965     1.89025  0.00978828
          39      1.8737     1.88982  0.00954649
          40     1.82636     1.88824  0.00943876
          41     1.96253     1.89005  0.00938087
          42     1.96179     1.89176  0.00931172
          43       2.015     1.89462  0.00952603
          44      1.9652     1.89623  0.00944363
          45     1.96426     1.89774  0.00935401
          46     1.91526     1.89812  0.00915841
          47      1.8546     1.89719  0.00901025
          48     1.96215     1.89855  0.00892356
          49     1.88091     1.89819  0.00874871
          50     1.87415     1.89771  0.00858693
           1     1.71737     1.71737           0
           2     1.56204      1.6397   0.0549189
           3     1.54068      1.6067   0.0454619
           4     1.55964     1.59493   0.0355859
           5     1.52794     1.58153   0.0308886
           6     1.63159     1.58988   0.0268435
           7     1.65869     1.59971   0.0247432
           8     1.70539     1.61292   0.0249288
           9     1.68577     1.62101   0.0234365
          10     1.63344     1.62225   0.0211257
          11     1.59209     1.61951   0.0193824
          12     1.55174     1.61386   0.0185718
          13     1.60806     1.61342   0.0171486
          14     1.60161     1.61257   0.0159444
          15     1.63365     1.61398   0.0149432
          16     1.66054     1.61689   0.0142899
          17     1.60775     1.61635   0.0134594
          18     1.53498     1.61183   0.0134494
          19     1.58395     1.61036   0.0128213
          20     1.65216     1.61245   0.0123494
          21     1.57578     1.61071   0.0118842
          22     1.53684     1.60735   0.0118088
          23     1.64205     1.60886   0.0113913
          24     1.55522     1.60662   0.0111338
          25     1.50254     1.60246   0.0114404
          26     1.57958     1.60158   0.0110342
          27     1.58773     1.60107   0.0106374
          28     1.59545     1.60087   0.0102594
          29     1.65985      1.6029   0.0101052
          30     1.60802     1.60307   0.0097698
          31      1.5689     1.60197  0.00951662
          32     1.63375     1.60296   0.0092709
          33     1.66239     1.60476  0.00916318
          34     1.59769     1.60455  0.00889604
          35     1.56594     1.60345  0.00871001
          36     1.68321     1.60567  0.00874532
          37     1.61983     1.60605  0.00851733
          38     1.56468     1.60496  0.00836247
          39     1.63994     1.60586  0.00819599
          40     1.56836     1.60492  0.00804451
          41      1.5919      1.6046  0.00785457
          42     1.60925     1.60471  0.00766834
          43      1.6025     1.60466  0.00749018
          44     1.58707     1.60426  0.00733061
          45     1.55565     1.60318  0.00724689
          46     1.59129     1.60292  0.00709395
          47     1.59427     1.60274  0.00694541
          48     1.60456     1.60278  0.00680082
          49     1.59722     1.60266  0.00666297
          50     1.59583     1.60253  0.00653111
           1     1.35122     1.35122           0
           2      1.3598     1.35551  0.00303207
           3     1.41074     1.37392   0.0151665
           4     1.40709     1.38221   0.0134523
           5      1.3405     1.37387   0.0130957
           6     1.33772     1.36784   0.0122208
           7     1.38748     1.37065   0.0107922
           8     1.38264     1.37215  0.00954665
           9     1.43125     1.37871   0.0105044
          10     1.30262      1.3711   0.0118949
          11     1.36036     1.37013   0.0108536
          12      1.3729     1.37036  0.00995156
          13     1.32691     1.36702  0.00973107
          14     1.45378     1.37321    0.010831
          15     1.39998       1.375   0.0102549
          16     1.36284     1.37424  0.00964208
          17     1.33917     1.37218  0.00929297
          18     1.36652     1.37186    0.008782
          19     1.35105     1.37077  0.00838784
          20     1.33766     1.36911  0.00813017
          21     1.34655     1.36804  0.00781369
          22     1.39596     1.36931  0.00756088
          23     1.37222     1.36943  0.00723321
          24     1.38942     1.37026  0.00697963
          25     1.34483     1.36925  0.00677417
          26      1.3942     1.37021  0.00658124
          27     1.37738     1.37047  0.00634285
          28     1.33532     1.36922  0.00623936
          29     1.31732     1.36743   0.0062756
          30     1.37867      1.3678  0.00607759
          31     1.36933     1.36785  0.00588174
          32     1.32198     1.36642  0.00587005
          33     1.39097     1.36716  0.00573912
          34       1.405     1.36827  0.00567722
          35      1.4063     1.36936  0.00561798
          36     1.36538     1.36925  0.00546302
          37      1.3275     1.36812  0.00543068
          38     1.46868     1.37077  0.00589736
          39     1.35914     1.37047  0.00575368
          40     1.34666     1.36987  0.00564056
          41      1.3593     1.36962  0.00550887
          42     1.33889     1.36889  0.00542606
          43     1.32806     1.36794  0.00538231
          44     1.38588     1.36834  0.00527542
          45     1.35527     1.36805  0.00516618
          46      1.2798     1.36613  0.00539837
          47     1.31881     1.36513   0.0053766
          48     1.38532     1.36555  0.00528103
          49     1.35068     1.36525  0.00518196
          50     1.28697     1.36368  0.00530952
           1      79.807      79.807           0
           2     83.6825     81.7448     1.37019
           3     84.9248     82.8048     1.25837
           4     71.4858      79.975     2.62609
           5      80.345      80.049     2.10191
           6     79.1491      79.899     1.75694
           7     76.2622     79.3795      1.5809
           8     75.3268     78.8729      1.4622
           9     75.6371     78.5134     1.34321
          10     79.8087     78.6429     1.21511
          11     75.1675      78.327     1.14499
          12     75.1675     78.0637     1.07942
          13      78.729     78.1149      0.9976
          14     72.1756     77.6906     1.01254
          15     78.5564     77.7483    0.946677
          16      84.001     78.1391    0.964804
          17     78.8985     78.1838    0.909084
          18     74.8464     77.9984    0.877283
          19     88.3463      78.543    0.985776
          20     79.2749     78.5796    0.937166
          21     83.7234     78.8246    0.923994
          22     79.2473     78.8438    0.882194
          23     72.9039     78.5855    0.880829
          24     77.1304     78.5249    0.846212
          25     70.3597     78.1983     0.87312
          26     74.8414     78.0692    0.849031
          27     78.7444     78.0942    0.817953
          28     66.1994     77.6694    0.892263
          29     79.4105     77.7294    0.863513
          30      84.651     77.9601    0.865003
          31     82.4239     78.1041       0.849
          32     85.5533     78.3369    0.853787
          33     84.3814     78.5201    0.847334
          34     71.3193     78.3083    0.848468
          35     80.0972     78.3594    0.825764
          36     77.5093     78.3358    0.803163
          37     81.2415     78.4143    0.785287
          38     80.4084     78.4668    0.766372
          39     79.3815     78.4902    0.747081
          40     85.5853     78.6676    0.749165
          41      86.355     78.8551     0.75399
          42     74.4202     78.7495    0.743395
          43     83.2529     78.8542    0.733447
          44     70.0589     78.6544    0.743518
          45     75.1941     78.5775    0.730961
          46     76.1675     78.5251    0.716946
          47     80.0185     78.5568    0.702395
          48     75.7871     78.4991    0.690128
          49      78.097     78.4909    0.676093
          50     79.6262     78.5136    0.662952
           1     28.9533     28.9533           0
           2     31.8539     30.4036     1.02552
           3     36.0244     32.2772      1.6756
           4     32.5445      32.344     1.25803
           5     30.2338      31.922     1.07489
           6     32.9746     32.0974    0.909945
           7       32.22     32.1149    0.780121
           8     31.0481     31.9816     0.69391
           9     30.5872     31.8267    0.633869
          10     32.0991     31.8539    0.571067
          11     32.9217      31.951    0.527338
          12      34.807      32.189    0.534408
          13     27.8277     31.8535    0.589266
          14     29.3343     31.6736    0.573992
          15     31.3412     31.6514    0.536154
          16     28.8948     31.4791    0.529602
          17     34.6357     31.6648        0.53
          18     36.5569     31.9366    0.565967
          19     26.4831     31.6496    0.604595
          20     32.9716     31.7157    0.577967
          21     36.8065     31.9581    0.599131
          22     29.4882     31.8458    0.582321
          23     31.5767     31.8341     0.55712
          24     33.8016     31.9161    0.539905
          25     37.7649       32.15    0.566734
          26       31.22     32.1143    0.546064
          27     26.4947     31.9061    0.564111
          28     36.3322     32.0642    0.565678
          29     30.7342     32.0184    0.548028
          30     31.7894     32.0107    0.529814
          31     34.8811     32.1033    0.520751
          32     34.9454     32.1921    0.511995
          33     36.3143      32.317    0.511491
          34     30.9512     32.2769    0.498023
          35     33.2401     32.3044    0.484553
          36     33.0663     32.3256    0.471555
          37     32.0118     32.3171    0.458887
          38     30.8877     32.2795     0.44835
          39     33.8926     32.3208    0.438758
          40     37.3173     32.4457    0.445215
          41      28.148     32.3409    0.446525
          42     35.7611     32.4223    0.443257
          43     29.7627     32.3605    0.437243
          44     27.1757     32.2427    0.442899
          45     31.3664     32.2232    0.433485
          46     33.9464     32.2606    0.425677
          47     32.5933     32.2677    0.416679
          48     30.6092     32.2332    0.409428
          49     35.4664     32.2992    0.406355
          50     33.1597     32.3164    0.398592
           1     16.0565     16.0565           0
           2     16.5382     16.2973    0.170285
           3     14.8187     15.8045    0.418146
           4     15.4513     15.7162    0.322797
           5     16.0164     15.7762    0.263762
           6     14.2263     15.5179    0.322367
           7     15.3582     15.4951    0.277121
           8      15.918     15.5479    0.247471
           9     14.2861     15.4077    0.256635
          10     14.8017     15.3471     0.23802
          11     16.4527     15.4476    0.236654
          12     14.0144     15.3282    0.245225
          13     15.6327     15.3516    0.227477
          14      14.794     15.3118    0.214687
          15     14.1869     15.2368    0.213071
          16     16.7807     15.3333    0.220524
          17     16.6339     15.4098    0.220424
          18     14.5968     15.3646    0.212755
          19     16.0154     15.3989    0.204296
          20     15.9882     15.4283    0.196194
          21     14.9779     15.4069    0.188021
          22     13.8281     15.3351    0.192684
          23     16.2491     15.3749     0.18836
          24     14.3291     15.3313    0.185483
          25     15.5475     15.3399    0.178265
          26     14.9592     15.3253    0.172009
          27      13.865     15.2712    0.173934
          28     13.8537     15.2206    0.174935
          29     15.2221     15.2206    0.168903
          30     16.1228     15.2507    0.165928
          31     12.7244     15.1692    0.179475
          32     14.1441     15.1372    0.176702
          33     15.0402     15.1342    0.171372
          34     14.8284     15.1252    0.166568
          35     15.5861     15.1384    0.162328
          36     16.5123     15.1766    0.162243
          37     15.6847     15.1903    0.158439
          38     15.1777       15.19    0.154269
          39     15.4692     15.1971     0.15048
          40       16.84     15.2382    0.152219
          41     15.8067     15.2521    0.149137
          42     14.8701      15.243    0.145863
          43     15.3755     15.2461    0.142504
          44      15.385     15.2492      0.1393
          45     15.2257     15.2487    0.136205
          46     16.7357      15.281    0.137027
          47     15.6544      15.289    0.134341
          48     15.6244      15.296    0.131724
          49     15.3155     15.2964    0.129036
          50     15.7849     15.3061    0.126825
           1     7.48364     7.48364           0
           2     9.07577     8.27971    0.562905
           3     8.70081     8.42007    0.392381
           4     8.48556     8.43644    0.294627
           5     8.23626     8.39641    0.238406
           6     8.36739     8.39157    0.198721
           7     8.85197     8.45734     0.18089
           8     9.05848     8.53249    0.173184
           9     8.41973     8.51996    0.154394
          10     9.21361     8.58932    0.153749
          11     8.50104      8.5813    0.139981
          12     8.51977     8.57617     0.12841
          13      9.0974     8.61626    0.124634
          14     8.44211     8.60382    0.116351
          15     8.30934     8.58419    0.110238
          16     8.21111     8.56087    0.105786
          17     9.14669     8.59533    0.105026
          18     8.49753      8.5899   0.0993316
          19     8.42062     8.58099   0.0945024
          20     9.18479     8.61118   0.0944765
          21     8.71325     8.61604   0.0901026
          22     8.83459     8.62598   0.0865529
          23     8.40995     8.61658   0.0832978
          24     8.49286     8.61143   0.0799864
          25     9.03752     8.62847   0.0785818
          26      8.3784     8.61885   0.0761458
          27     8.36184     8.60933   0.0739182
          28     9.13516     8.62811   0.0736251
          29     9.67842     8.66433   0.0794967
          30     8.27465     8.65134   0.0779008
          31     7.99165     8.63006   0.0782405
          32     8.53343     8.62704   0.0758537
          33     8.72909     8.63013   0.0736181
          34     8.43438     8.62438   0.0716777
          35     8.38031      8.6174   0.0699681
          36     8.85731     8.62407   0.0683412
          37      9.5068     8.64793   0.0705356
          38     8.26294     8.63779   0.0694031
          39     8.00007     8.62144   0.0695232
          40     8.59641     8.62082    0.067788
          41     8.31446     8.61334   0.0665451
          42     8.13073     8.60185   0.0659454
          43     9.59763     8.62501    0.068357
          44     8.27765     8.61712   0.0672578
          45     8.21125      8.6081   0.0663651
          46     9.22454      8.6215   0.0662616
          47     8.18814     8.61228   0.0654901
          48     8.60509     8.61213   0.0641259
          49     8.51307     8.61011   0.0628491
          50     8.83721     8.61465    0.061756
           1     5.38743     5.38743           0
           2     5.49833     5.44288   0.0392097
           3     5.61579     5.50051   0.0538332
           4     5.47327      5.4937   0.0408037
           5     5.71787     5.53854   0.0517068
           6     6.05033     5.62384   0.0889947
           7     5.76825     5.64447    0.078636
           8     5.57764     5.63611   0.0692488
           9     6.14439     5.69259   0.0813884
          10       5.413     5.66463    0.077904
          11     5.67703     5.66576     0.07083
          12     6.24038     5.71364   0.0794826
          13     5.28249     5.68048   0.0799891
          14     5.81388     5.69001   0.0748411
          15     5.54065     5.68005   0.0705109
          16       5.181     5.64886   0.0726758
          17      5.1741     5.62093    0.073571
          18     5.51116     5.61483    0.069736
          19     6.30455     5.65113   0.0749204
          20     5.81393     5.65927   0.0716152
          21     5.86631     5.66913   0.0688802
          22     5.78607     5.67445    0.065954
          23       5.577     5.67021   0.0632224
          24      5.4797     5.66227   0.0610844
          25     5.36149     5.65024   0.0598141
          26     5.36983     5.63946   0.0584778
          27     5.42659     5.63157   0.0568409
          28     5.95548     5.64314   0.0559757
          29     5.85316     5.65038    0.054512
          30     5.91308     5.65914   0.0533936
          31     5.77407     5.66285   0.0517998
          32     6.01663      5.6739   0.0513473
          33      5.7526     5.67629   0.0498467
          34     5.45591     5.66981   0.0488002
          35     5.79019     5.67324    0.047527
          36     5.58464     5.67078   0.0462705
          37     6.17859     5.68451   0.0470113
          38     5.32948     5.67517   0.0466933
          39     5.49927     5.67065   0.0457133
          40     5.54604     5.66754   0.0446765
          41     5.85481     5.67211   0.0438197
          42     5.45383     5.66691   0.0430835
          43     5.49719     5.66296   0.0422619
          44     5.70618     5.66395   0.0413129
          45      5.8286      5.6676   0.0405565
          46     5.78303     5.67011   0.0397524
          47     5.54852     5.66753   0.0389907
          48     5.85367      5.6714   0.0383707
          49      5.2318     5.66243   0.0386222
          50     5.59064       5.661   0.0378765
           1     4.08312     4.08312           0
           2     4.02533     4.05422   0.0204303
           3     3.95595     4.02147   0.0300153
           4     3.96911     4.00838   0.0252039
           5     3.85496     3.97769   0.0340544
           6     3.89087     3.96322   0.0313024
           7     3.95193     3.96161   0.0268722
           8     3.96613     3.96218   0.0235191
           9     3.79627     3.94374   0.0271867
          10     3.91789     3.94116   0.0245906
          11     3.95328     3.94226   0.0223798
          12     3.82255     3.93228   0.0226293
          13     3.68337     3.91314   0.0278341
          14     3.92104      3.9137   0.0258517
          15     3.92358     3.91436   0.0241366
          16     4.27358     3.93681   0.0313782
          17     3.91972      3.9358   0.0295485
          18     4.29453     3.95573   0.0339693
          19     3.94834     3.95535   0.0321836
          20     3.77305     3.94623    0.031839
          21     3.77078     3.93788   0.0313999
          22       3.807     3.93193   0.0305309
          23     3.91251     3.93108   0.0292152
          24     4.32248     3.94739   0.0322297
          25     4.01187     3.94997   0.0310435
          26      3.8456     3.94596    0.030108
          27     3.72723     3.93785    0.030063
          28     3.80971     3.93328   0.0293356
          29     3.72456     3.92608   0.0291936
          30     4.01138     3.92892   0.0283586
          31     4.02419       3.932   0.0276098
          32     4.03807     3.93531   0.0269453
          33     3.98695     3.93688   0.0261741
          34     3.91243     3.93616   0.0254142
          35      4.0552     3.93956   0.0249146
          36     3.83567     3.93667   0.0243891
          37     4.10078     3.94111   0.0241299
          38     3.98096     3.94216   0.0235177
          39     3.96563     3.94276   0.0229223
          40     3.91949     3.94218   0.0223567
          41     4.35183     3.95217   0.0239402
          42     4.01116     3.95357   0.0234114
          43     3.95133     3.95352    0.022867
          44     4.03297     3.95533   0.0224184
          45     3.90542     3.95422   0.0219477
          46     3.70916     3.94889   0.0221076
          47     3.87463     3.94731   0.0216936
          48     4.06055     3.94967   0.0213696
          49     4.17632      3.9543   0.0214282
          50     3.97875     3.95478   0.0210052
           1      2.9186      2.9186           0
           2     2.93615     2.92737  0.00620436
           3     2.92034     2.92503  0.00455815
           4     2.87751     2.91315   0.0108415
           5     2.96342      2.9232   0.0124934
           6     2.99305     2.93484   0.0148772
           7     3.06156     2.95295   0.0210592
           8     3.09374     2.97055   0.0247094
           9      2.9621     2.96961   0.0219817
          10     3.13055      2.9857   0.0249905
          11     2.90155     2.97805   0.0238609
          12     2.79331     2.96266   0.0263753
          13     2.88287     2.95652   0.0250502
          14     3.01961     2.96103   0.0236628
          15     2.80645     2.95072   0.0242255
          16     2.83778     2.94366   0.0237175
          17     2.96492     2.94491   0.0223553
          18     3.00193     2.94808   0.0213366
          19     3.05715     2.95382   0.0209717
          20     2.92625     2.95244   0.0199683
          21     3.14789     2.96175   0.0210751
          22     2.99894     2.96344   0.0201848
          23     3.00495     2.96524   0.0193878
          24     2.82027      2.9592   0.0194982
          25     2.98399      2.9602   0.0187435
          26     3.03591     2.96311   0.0182474
          27     3.00944     2.96482   0.0176521
          28     3.16163     2.97185   0.0183678
          29     3.06817     2.97517   0.0180322
          30     2.93033     2.97368    0.017493
          31      3.1647     2.97984   0.0179812
          32     3.07758     2.98289   0.0176768
          33     3.03377     2.98444   0.0172082
          34     3.00682     2.98509   0.0167147
          35     3.14926     2.98979   0.0168824
          36     2.88186     2.98679   0.0166775
          37     3.02069      2.9877   0.0162519
          38     3.14462     2.99183   0.0163405
          39     3.13689     2.99555   0.0163393
          40     3.05892     2.99714   0.0160074
          41      2.9544     2.99609   0.0156509
          42     2.90825       2.994   0.0154174
          43     3.03925     2.99505   0.0150947
          44     3.05137     2.99633   0.0148058
          45     2.97804     2.99593   0.0144824
          46     3.02821     2.99663   0.0141845
          47     2.89303     2.99443   0.0140529
          48     3.12403     2.99713   0.0140172
          49     2.95423     2.99625   0.0137584
          50     2.97782     2.99588   0.0134882
           1     2.35868     2.35868           0
           2     2.37635     2.36751  0.00624809
           3     2.34117     2.35873  0.00829188
           4     2.32929     2.35137   0.0089065
           5     2.36904     2.35491  0.00779493
           6     2.30647     2.34683  0.00982384
           7     2.43287     2.35912   0.0141562
           8     2.25931     2.34665   0.0170186
           9     2.23189      2.3339   0.0193229
          10      2.2891     2.32942   0.0179022
          11     2.45318     2.34067   0.0194923
          12     2.26412     2.33429   0.0188828
          13     2.45916      2.3439   0.0197226
          14     2.15433     2.33035   0.0224866
          15     2.24796     2.32486    0.021648
          16     2.36011     2.32706   0.0204068
          17     2.27733     2.32414    0.019415
          18     2.44385     2.33079   0.0194422
          19     2.44913     2.33702   0.0193909
          20      2.5077     2.34555   0.0202123
          21     2.33134     2.34488   0.0192611
          22     2.44031     2.34921   0.0188678
          23     2.25239       2.345   0.0185112
          24     2.34657     2.34507     0.01774
          25     2.38024     2.34648   0.0170861
          26      2.3269     2.34572   0.0164455
          27     2.40517     2.34792   0.0159831
          28     2.35241     2.34808   0.0154131
          29     2.35658     2.34838   0.0148844
          30     2.46606      2.3523   0.0148962
          31     2.38189     2.35325   0.0144462
          32     2.26209     2.35041   0.0142729
          33     2.30566     2.34905   0.0139047
          34     2.27997     2.34702   0.0136433
          35     2.40141     2.34857   0.0133417
          36      2.2846      2.3468    0.013089
          37     2.34415     2.34672   0.0127354
          38     2.34639     2.34672   0.0124003
          39     2.44551     2.34925   0.0123383
          40     2.38827     2.35022   0.0120684
          41     2.48439      2.3535   0.0122096
          42     2.33998     2.35317   0.0119231
          43     2.35342     2.35318   0.0116459
          44     2.42414     2.35479   0.0114923
          45      2.4045      2.3559   0.0112899
          46     2.31453       2.355   0.0110802
          47      2.3173      2.3542   0.0108734
          48     2.25926     2.35222   0.0108253
          49     2.27973     2.35074    0.010705
          50     2.36596     2.35104   0.0104952
           1     1.89078     1.89078           0
           2     1.90626     1.89852  0.00547384
           3     1.94568     1.91424   0.0133459
           4     1.94724     1.92249    0.012298
           5     1.84504       1.907   0.0169926
           6     1.91591     1.90848   0.0142252
           7     1.87611     1.90386   0.0129231
           8     1.88059     1.90095   0.0116305
           9      1.9147     1.90248   0.0104381
          10     1.90264     1.90249  0.00939429
          11     1.95627     1.90738  0.00972961
          12     1.94978     1.91092  0.00953871
          13     1.87318     1.90801  0.00923606
          14     1.86914     1.90524  0.00898396
          15      1.9009     1.90495  0.00838967
          16     1.92269     1.90606  0.00793828
          17     1.93671     1.90786  0.00767331
          18     1.91159     1.90807  0.00724982
          19       2.018     1.91385  0.00888204
          20     1.90691     1.91351  0.00844472
          21     1.95127      1.9153  0.00823183
          22     1.88091     1.91374  0.00800476
          23     1.88363     1.91243  0.00776306
          24     1.87599     1.91091  0.00758664
          25     1.95716     1.91276  0.00750533
          26     1.94007     1.91381  0.00728978
          27     1.90686     1.91356  0.00702434
          28     1.93625     1.91437  0.00682009
          29       1.844     1.91194  0.00700326
          30     1.86688     1.91044  0.00692905
          31      1.9157     1.91061  0.00670761
          32     1.86088     1.90905  0.00667561
          33     1.85096     1.90729  0.00670139
          34      1.8964     1.90697  0.00651195
          35     1.81644     1.90439  0.00682033
          36     1.89148     1.90403  0.00664029
          37     1.98831     1.90631  0.00684034
          38     1.92671     1.90684  0.00668138
          39     1.86548     1.90578  0.00659369
          40     1.93583     1.90653  0.00647148
          41     1.96345     1.90792  0.00646082
          42     1.96923     1.90938  0.00646978
          43     1.80162     1.90687  0.00678732
          44     1.89285     1.90656  0.00664055
          45     1.92261     1.90691  0.00650256
          46     1.95139     1.90788  0.00643269
          47     1.93377     1.90843  0.00631938
          48      1.8717     1.90767  0.00623387
          49     1.82308     1.90594  0.00634117
          50     1.94366     1.90669  0.00625907
           1     1.58692     1.58692           0
           2     1.62476     1.60584   0.0133777
           3     1.60257     1.60475  0.00896274
           4     1.56439     1.59466   0.0110252
           5     1.56856     1.58944  0.00997997
           6     1.53941      1.5811    0.011274
           7     1.58566     1.58175  0.00968221
           8     1.61024     1.58531  0.00910302
           9     1.58822     1.58564  0.00809729
          10     1.57466     1.58454  0.00736158
          11     1.65244     1.59071  0.00891204
          12     1.55342      1.5876  0.00869435
          13     1.59189     1.58793   0.0080318
          14     1.59245     1.58826  0.00746458
          15     1.60646     1.58947  0.00706496
          16     1.59153      1.5896  0.00662457
          17     1.56764     1.58831  0.00635961
          18     1.60387     1.58917  0.00606476
          19     1.59734      1.5896  0.00576077
          20     1.62162      1.5912  0.00569087
          21      1.5531     1.58939  0.00570173
          22      1.5851     1.58919  0.00544589
          23     1.63229     1.59107  0.00552214
          24      1.5231     1.58823   0.0059743
          25     1.58955     1.58829  0.00573556
          26     1.58501     1.58816  0.00551635
          27     1.58628     1.58809  0.00531248
          28     1.52803     1.58595   0.0055389
          29      1.6176     1.58704  0.00545436
          30     1.55834     1.58608  0.00535578
          31     1.60073     1.58655  0.00520381
          32     1.64806     1.58848  0.00538452
          33     1.55653     1.58751  0.00530765
          34     1.57546     1.58715  0.00516335
          35     1.55333     1.58619  0.00510545
          36      1.5605     1.58547  0.00501324
          37     1.55045     1.58453  0.00496632
          38     1.60181     1.58498   0.0048564
          39     1.70764     1.58813  0.00565934
          40     1.61533     1.58881  0.00555857
          41     1.62061     1.58958  0.00547685
          42     1.60996     1.59007  0.00536789
          43      1.6193     1.59075  0.00528593
          44     1.63672     1.59179  0.00526805
          45      1.6242     1.59251  0.00519999
          46      1.5885     1.59243  0.00508768
          47     1.59161     1.59241  0.00497946
          48     1.56954     1.59193  0.00489846
          49     1.57136     1.59151  0.00481644
          50     1.54554     1.59059  0.00480707
           1     1.38881     1.38881           0
           2     1.34217     1.36549   0.0164883
           3     1.35718     1.36272   0.0112227
           4     1.31439     1.35064    0.013429
           5     1.34151     1.34881   0.0108666
           6     1.36772     1.35196  0.00950137
           7     1.34444     1.35089  0.00820463
           8     1.34907     1.35066  0.00718218
           9     1.33695     1.34914  0.00654366
          10     1.36657     1.35088  0.00611707
          11     1.34307     1.35017    0.005602
          12     1.39156     1.35362  0.00610553
          13     1.34584     1.35302  0.00566515
          14     1.38573     1.35536  0.00572208
          15     1.34887     1.35492  0.00535692
          16     1.35321     1.35482  0.00502319
          17     1.38164      1.3564  0.00496933
          18      1.3467     1.35586  0.00472235
          19     1.37554     1.35689  0.00458608
          20     1.33517     1.35581  0.00448357
          21     1.32849     1.35451  0.00445474
          22     1.38896     1.35607  0.00451922
          23     1.34021     1.35538  0.00437503
          24     1.34579     1.35498  0.00421096
          25     1.32774     1.35389   0.0041811
          26      1.3454     1.35357  0.00403304
          27       1.434     1.35655  0.00486103
          28     1.38358     1.35751  0.00478238
          29     1.36125     1.35764   0.0046192
          30     1.38518     1.35856  0.00455556
          31      1.3959     1.35976  0.00456505
          32     1.31222     1.35828  0.00465789
          33      1.4039     1.35966  0.00471745
          34     1.33972     1.35907  0.00461501
          35     1.35788     1.35904  0.00448328
          36     1.32255     1.35803  0.00447184
          37     1.39401       1.359  0.00445547
          38     1.34835     1.35872  0.00434703
          39     1.35324     1.35858  0.00423783
          40     1.39296     1.35944  0.00421818
          41      1.3448     1.35908  0.00413038
          42     1.41174     1.36033  0.00421808
          43     1.35038      1.3601  0.00412633
          44     1.35991      1.3601  0.00403255
          45     1.35408     1.35996  0.00394515
          46     1.41146     1.36108   0.0040151
          47     1.39778     1.36186  0.00400485
          48     1.40696      1.3628  0.00403013
          49     1.27651     1.36104  0.00431556
          50     1.40241     1.36187  0.00430784
