           1    0.866648      0.866648           0
           2    0.878336      0.872492  0.00413233
           3    0.578528      0.774504   0.0800543
           4    0.934828      0.814585   0.0693524
           5    0.921036      0.835875   0.0586588
           6      0.9377      0.852846   0.0512786
           7     0.95618      0.867608   0.0460289
           8    0.954612      0.878483   0.0415402
           9    0.924096      0.883552   0.0372325
          10    0.916792      0.886876   0.0336573
          11    0.895328      0.887644   0.0306063
          12    0.887896      0.887665   0.0280558
          13      0.9581      0.893083   0.0264157
          14    0.964412      0.898178   0.0250153
          15     0.88868      0.897545   0.0233557
          16     0.94686      0.900627   0.0220984
          17    0.928012      0.902238   0.0208571
          18    0.909036      0.902616   0.0197018
          19    0.966732       0.90599   0.0189516
          20     0.90896      0.906139   0.0180046
          21    0.934004      0.907466   0.0171961
          22     0.81762      0.903382   0.0168924
          23    0.916004       0.90393   0.0161669
          24    0.960892      0.906304   0.0156665
          25    0.982944      0.909369   0.0153369
          26     0.87874      0.908191   0.0147922
          27    0.976956      0.910738   0.0144619
          28    0.935588      0.911626   0.0139726
          29    0.924392      0.912066   0.0134977
          30    0.920644      0.912352   0.0130508
          31    0.942668       0.91333   0.0126664
          32    0.860924      0.911692    0.012376
          33    0.853852      0.909939   0.0121245
          34    0.802532       0.90678   0.0121725
          35    0.761796      0.902638   0.0125097
          36    0.922884        0.9032   0.0121748
          37     0.91006      0.903386   0.0118472
          38    0.940684      0.904367    0.011576
          39    0.960484      0.905806   0.0113683
          40    0.940816      0.906681   0.0111177
          41    0.918476      0.906969   0.0108503
          42    0.966776      0.908393   0.0106849
          43    0.966096      0.909735   0.0105204
          44    0.586316      0.902385   0.0125899
          45      0.8579      0.901396   0.0123489
          46    0.916328      0.901721   0.0120847
          47    0.442452      0.891949   0.0152756
          48     0.96966      0.893568    0.015043
          49    0.901996       0.89374   0.0147369
          50    0.466464      0.885194   0.0167375
           1    0.656792      0.656792           0
           2     0.56338      0.610086   0.0330261
           3    0.558296      0.592823   0.0261428
           4    0.559596      0.584516   0.0208852
           5    0.663344      0.600282   0.0218633
           6     0.44314      0.574091   0.0300592
           7     0.65022      0.584967   0.0276626
           8    0.667812      0.595322   0.0260711
           9    0.331512       0.56601   0.0360665
          10    0.627644      0.572174   0.0329823
          11    0.485644      0.564307   0.0309077
          12     0.58386      0.565937    0.028375
          13    0.612216      0.569497   0.0264147
          14    0.692768      0.578302    0.025954
          15    0.448824       0.56967    0.025619
          16    0.697492      0.577659   0.0252327
          17    0.560204      0.576632   0.0237693
          18    0.498748      0.572305   0.0228392
          19    0.575988      0.572499   0.0216379
          20     0.56712       0.57223   0.0205577
          21    0.714172      0.578989   0.0206601
          22    0.456412      0.573417   0.0204585
          23    0.442116      0.567709   0.0203499
          24     0.53894       0.56651   0.0195373
          25    0.508672      0.564196   0.0188923
          26     0.57904      0.564767   0.0181742
          27    0.509752       0.56273    0.017615
          28    0.417928      0.557558   0.0177288
          29    0.621368      0.559759   0.0172534
          30    0.514592      0.558253   0.0167439
          31    0.608504      0.559874    0.016282
          32    0.597344      0.561045   0.0158153
          33    0.614516      0.562665   0.0154188
          34    0.567212      0.562799   0.0149659
          35    0.585464      0.563447   0.0145523
          36    0.682224      0.566746   0.0145173
          37    0.521468      0.565522   0.0141764
          38    0.537136      0.564775    0.013823
          39    0.596444      0.565587   0.0134924
          40     0.51286      0.564269   0.0132193
          41    0.668112      0.566802   0.0131373
          42    0.463676      0.564346   0.0130519
          43     0.35428      0.559461    0.013632
          44    0.497788       0.55806   0.0133941
          45    0.475704      0.556229   0.0132209
          46    0.602748      0.557241   0.0129721
          47    0.345548      0.552737   0.0134553
          48    0.544308      0.552561   0.0131762
          49    0.653368      0.554618   0.0130669
          50    0.548348      0.554493   0.0128061
           1    0.259388      0.259388           0
           2    0.159048      0.209218   0.0354755
           3    0.313036      0.243824   0.0368473
           4    0.316964      0.262109   0.0318508
           5    0.281344      0.265956   0.0257119
           6    0.369448      0.283205     0.02659
           7    0.329436      0.289809   0.0235974
           8     0.37738      0.300756   0.0230472
           9     0.19044      0.288498   0.0235211
          10    0.246228      0.284271   0.0215454
          11    0.239004      0.280156   0.0199759
          12    0.317868      0.283299   0.0185568
          13    0.353924      0.288731    0.017907
          14      0.3723      0.294701   0.0175947
          15    0.261404      0.292481   0.0165611
          16    0.178572      0.285361   0.0169875
          17    0.321708        0.2875   0.0161222
          18    0.309176      0.288704   0.0152715
          19    0.291012      0.288825   0.0144682
          20    0.274472      0.288108   0.0137626
          21    0.323168      0.289777   0.0132081
          22    0.292824      0.289916   0.0126084
          23     0.41704      0.295443   0.0132163
          24    0.322104      0.296554   0.0127122
          25    0.354664      0.298878   0.0124144
          26    0.324356      0.299858   0.0119756
          27    0.311952      0.300306   0.0115404
          28    0.277032      0.299475   0.0111581
          29      0.3499      0.301214    0.010908
          30    0.220864      0.298535   0.0108682
          31    0.347356       0.30011   0.0106311
          32    0.293192      0.299894   0.0103011
          33     0.43598      0.304018   0.0107829
          34    0.218268      0.301496   0.0107566
          35     0.28754      0.301097   0.0104567
          36    0.305696      0.301225    0.010167
          37    0.261976      0.300164  0.00994739
          38    0.285184       0.29977  0.00969342
          39    0.288028      0.299469  0.00944955
          40     0.40372      0.302075  0.00956598
          41    0.349932      0.303242  0.00940361
          42    0.270948      0.302473   0.0092111
          43    0.329472      0.303101  0.00901826
          44    0.280296      0.302583  0.00882818
          45    0.194276      0.300176  0.00895407
          46    0.214204      0.298307  0.00895235
          47    0.298364      0.298308  0.00876187
          48    0.355648      0.299503  0.00866038
          49    0.305096      0.299617  0.00848439
          50    0.332524      0.300275  0.00834019
           1    0.177184      0.177184           0
           2    0.143656       0.16042   0.0118539
           3    0.189932      0.170257    0.011268
           4    0.158884      0.167414   0.0088024
           5    0.133476      0.160626  0.00929763
           6    0.203852      0.167831   0.0101628
           7    0.140564      0.163935  0.00942798
           8    0.157268      0.163102  0.00828624
           9    0.197524      0.166927  0.00820085
          10    0.192932      0.169527  0.00778217
          11    0.206588      0.172896  0.00776986
          12     0.16082       0.17189  0.00718725
          13     0.13064      0.168717   0.0073013
          14    0.161192      0.168179  0.00679953
          15    0.188048      0.169504  0.00647396
          16     0.14488      0.167965  0.00624959
          17    0.153068      0.167089  0.00594308
          18    0.232788      0.170739   0.0066398
          19    0.173008      0.170858  0.00629141
          20    0.186088       0.17162  0.00602274
          21    0.172112      0.171643  0.00573599
          22    0.162868      0.171244  0.00548912
          23    0.174716      0.171395  0.00525253
          24    0.169764      0.171327  0.00503412
          25    0.166764      0.171145  0.00483606
          26     0.20184      0.172325    0.004792
          27    0.228992      0.174424  0.00505326
          28    0.195416      0.175174  0.00492809
          29    0.180324      0.175351  0.00476135
          30    0.134192      0.173979  0.00479624
          31     0.15562      0.173387  0.00467794
          32    0.140212       0.17235  0.00464521
          33    0.162168      0.172042  0.00451469
          34    0.153576      0.171499  0.00441445
          35    0.223568      0.172986  0.00453207
          36    0.186228      0.173354  0.00442108
          37    0.148984      0.172696  0.00435038
          38    0.206084      0.173574  0.00432372
          39    0.178964      0.173712  0.00421506
          40    0.160452      0.173381   0.0041227
          41    0.166392       0.17321  0.00402567
          42    0.144964      0.172538   0.0039856
          43    0.154888      0.172127  0.00391399
          44    0.181644      0.172344  0.00383101
          45    0.166692      0.172218  0.00374793
          46     0.15092      0.171755  0.00369494
          47    0.153024      0.171357  0.00363776
          48    0.139616      0.170695  0.00362157
          49     0.18876      0.171064  0.00356638
          50     0.16176      0.170878   0.0034999
           1    0.113904      0.113904           0
           2    0.103076       0.10849  0.00382828
           3    0.074584      0.097188  0.00957447
           4    0.113864      0.101357  0.00803742
           5    0.124756      0.106037  0.00767232
           6    0.087952      0.103023  0.00696053
           7    0.102364      0.102929   0.0059668
           8    0.136648      0.107144  0.00654242
           9    0.135544      0.110299  0.00653233
          10    0.076772      0.106946  0.00668434
          11     0.11348       0.10754    0.006103
          12    0.078472      0.105118   0.0060561
          13     0.09908      0.104654  0.00560803
          14    0.116464      0.105497  0.00527053
          15    0.132312      0.107285  0.00521352
          16      0.1063      0.107223  0.00488804
          17    0.099156      0.106749  0.00462348
          18    0.159852      0.109699  0.00522374
          19    0.069736      0.107596  0.00535553
          20    0.112404      0.107836  0.00509315
          21    0.068204      0.105949   0.0051885
          22    0.111424      0.106198  0.00495863
          23    0.156832      0.108399  0.00520886
          24    0.110028      0.108467  0.00499227
          25    0.135632      0.109554  0.00490941
          26    0.130672      0.110366   0.0047873
          27     0.13388      0.111237  0.00468854
          28     0.13248      0.111995  0.00458207
          29     0.11152      0.111979  0.00442409
          30     0.10122       0.11162  0.00429114
          31     0.14002      0.112537  0.00424938
          32    0.118356      0.112718  0.00412048
          33    0.115036      0.112789  0.00399621
          34    0.092868      0.112203  0.00392139
          35    0.115028      0.112283  0.00381018
          36    0.124228      0.112615  0.00371876
          37      0.0934      0.112096  0.00365434
          38    0.092996      0.111593  0.00359257
          39    0.144136      0.112428  0.00359605
          40    0.140724      0.113135  0.00357505
          41    0.097732      0.112759  0.00350754
          42    0.083672      0.112067  0.00349173
          43    0.089472      0.111541  0.00344984
          44    0.107256      0.111444  0.00337281
          45    0.086744      0.110895  0.00334222
          46    0.097932      0.110613  0.00328142
          47     0.04408      0.109198  0.00350367
          48    0.090804      0.108814  0.00345157
          49    0.116696      0.108975  0.00338488
          50    0.114212       0.10908   0.0033188
           1    0.088436      0.088436           0
           2      0.0468      0.067618   0.0147205
           3     0.08312     0.0727853   0.0106822
           4    0.076552      0.073727  0.00805305
           5    0.094896     0.0779608  0.00747296
           6     0.10404     0.0823073   0.0073841
           7    0.068328     0.0803103  0.00659376
           8    0.077328     0.0799375  0.00578006
           9    0.083312     0.0803124  0.00514998
          10    0.086652     0.0809464  0.00467384
          11     0.08044     0.0809004  0.00424917
          12    0.072448      0.080196  0.00395302
          13    0.096668     0.0814631  0.00384666
          14    0.079536     0.0813254  0.00357436
          15    0.091748     0.0820203  0.00340293
          16    0.068828     0.0811958  0.00328862
          17    0.079328     0.0810859  0.00309701
          18    0.090328     0.0815993  0.00296721
          19    0.070144     0.0809964  0.00287164
          20    0.111476     0.0825204  0.00310623
          21    0.082444     0.0825168  0.00295832
          22    0.054068     0.0812236  0.00309359
          23    0.086956     0.0814729  0.00296911
          24     0.06518      0.080794  0.00292198
          25     0.07692      0.080639   0.0028092
          26     0.07018     0.0802368  0.00272981
          27    0.098552     0.0809151  0.00271168
          28    0.076408     0.0807541   0.0026196
          29    0.090432     0.0810879  0.00255044
          30      0.0901     0.0813883  0.00248305
          31    0.092844     0.0817578   0.0024303
          32    0.059384     0.0810586  0.00245287
          33    0.093324     0.0814303  0.00240653
          34    0.046528     0.0804038  0.00254529
          35    0.088068     0.0806227  0.00248197
          36    0.074012     0.0804391  0.00241981
          37    0.087232     0.0806227  0.00236137
          38    0.071172      0.080374  0.00231229
          39    0.072924      0.080183  0.00226087
          40    0.067088     0.0798556  0.00222793
          41      0.0785     0.0798225  0.00217383
          42    0.057996     0.0793029  0.00218331
          43    0.091436      0.079585  0.00215069
          44     0.09692      0.079979  0.00213759
          45    0.086192     0.0801171  0.00209454
          46    0.088968     0.0803095  0.00205783
          47     0.09536     0.0806297  0.00203881
          48    0.085368     0.0807284  0.00199872
          49     0.08562     0.0808282  0.00196042
          50     0.08336     0.0808789  0.00192187
           1    0.073172      0.073172           0
           2    0.054592      0.063882  0.00656902
           3    0.058728      0.062164  0.00459852
           4    0.064156      0.062662  0.00347575
           5    0.037528     0.0576352  0.00528646
           6    0.059972     0.0580247  0.00441971
           7     0.08306     0.0616011  0.00503143
           8    0.064124     0.0619165  0.00441237
           9    0.071988     0.0630356  0.00406154
          10     0.06064      0.062796  0.00366244
          11    0.038756     0.0606105  0.00392779
          12     0.04772     0.0595363  0.00374449
          13     0.06286      0.059792  0.00346517
          14    0.055816      0.059508  0.00322927
          15    0.060212     0.0595549  0.00301433
          16     0.04036     0.0583553  0.00305535
          17     0.05018     0.0578744  0.00291323
          18    0.048104     0.0573316  0.00280149
          19    0.066412     0.0578095   0.0026945
          20    0.066408     0.0582394  0.00259385
          21    0.056764     0.0581691  0.00247128
          22    0.052628     0.0579173  0.00237175
          23    0.062524     0.0581176  0.00227707
          24    0.059432     0.0581723  0.00218285
          25    0.054524     0.0580264  0.00210041
          26     0.06262     0.0582031  0.00202704
          27    0.077092     0.0589027  0.00206917
          28    0.049344     0.0585613  0.00202324
          29    0.048576      0.058217  0.00198256
          30    0.069924     0.0586072   0.0019545
          31    0.055788     0.0585163  0.00189356
          32    0.086244     0.0593827  0.00202295
          33    0.072852     0.0597909   0.0020024
          34     0.05126       0.05954  0.00195917
          35     0.03698     0.0588954  0.00200642
          36    0.061844     0.0589773  0.00195236
          37    0.061568     0.0590474  0.00190085
          38     0.07278     0.0594087  0.00188487
          39     0.06238     0.0594849  0.00183808
          40    0.066284     0.0596549  0.00179997
          41    0.063132     0.0597397  0.00175806
          42    0.059628      0.059737   0.0017162
          43    0.058188      0.059701  0.00167667
          44    0.065828     0.0598403  0.00164434
          45    0.043068     0.0594676   0.0016495
          46     0.05286     0.0593239  0.00161988
          47    0.088904     0.0599533  0.00170329
          48    0.069224     0.0601464  0.00167872
          49     0.05498      0.060041  0.00164777
          50    0.060376     0.0600477  0.00161483
           1    0.069996      0.069996           0
           2    0.060972      0.065484  0.00319047
           3    0.042084      0.057684  0.00671446
           4     0.04828      0.055333  0.00543187
           5     0.05218     0.0547024  0.00438194
           6    0.051824     0.0542227  0.00367779
           7    0.053692     0.0541469  0.00315317
           8    0.056928     0.0544945  0.00277812
           9    0.045296     0.0534724  0.00265079
          10    0.042656     0.0523908  0.00259703
          11      0.0428     0.0515189  0.00250302
          12    0.049884     0.0513827  0.00229814
          13    0.054388     0.0516138  0.00213296
          14    0.055412     0.0518851  0.00199778
          15    0.055272     0.0521109  0.00187731
          16    0.047596     0.0518287  0.00178106
          17    0.055068     0.0520193  0.00168645
          18    0.040744     0.0513929  0.00170513
          19    0.042884     0.0509451  0.00167317
          20    0.064648     0.0516302  0.00172409
          21    0.025368     0.0503796  0.00204588
          22     0.05372     0.0505315  0.00195851
          23    0.041584     0.0501424   0.0019116
          24    0.039484     0.0496983  0.00188283
          25    0.032416      0.049007  0.00193026
          26    0.051224     0.0490923   0.0018579
          27    0.048432     0.0490679  0.00178925
          28     0.03454      0.048549    0.001799
          29    0.059328     0.0489207  0.00177495
          30    0.062072     0.0493591  0.00176909
          31     0.03372     0.0488546  0.00178251
          32    0.044024     0.0487036  0.00173318
          33     0.05896     0.0490144   0.0017083
          34     0.03458     0.0485899     0.00171
          35    0.046484     0.0485297   0.0016622
          36    0.040896     0.0483177   0.0016295
          37    0.034372     0.0479408  0.00162846
          38    0.057804     0.0482003  0.00160616
          39    0.046984     0.0481691  0.00156528
          40    0.050068     0.0482166  0.00152687
          41      0.0591      0.048482  0.00151252
          42     0.06024      0.048762   0.0015022
          43    0.044876     0.0486716  0.00146998
          44    0.048284     0.0486628   0.0014366
          45     0.05256     0.0487494  0.00140728
          46    0.053916     0.0488617  0.00138116
          47    0.042384     0.0487239  0.00135863
          48    0.050192     0.0487545  0.00133067
          49    0.046424     0.0487069  0.00130437
          50    0.040348     0.0485398  0.00128895
           1    0.038756      0.038756           0
           2    0.045116      0.041936   0.0022486
           3    0.052188     0.0453533  0.00316744
           4    0.027068      0.040782  0.00461694
           5    0.037388     0.0401032  0.00374312
           6     0.04342      0.040656  0.00315983
           7    0.044188     0.0411606  0.00274841
           8    0.044936     0.0416325  0.00244504
           9    0.030992     0.0404502  0.00244254
          10     0.04596     0.0410012  0.00225958
          11    0.038272     0.0407531  0.00206774
          12    0.037152      0.040453  0.00191708
          13    0.042172     0.0405852  0.00177417
          14    0.036316     0.0402803  0.00167344
          15     0.03356     0.0398323  0.00162074
          16    0.019864     0.0385843  0.00194137
          17    0.036868     0.0384833  0.00182979
          18    0.027192      0.037856  0.00183251
          19    0.020488     0.0369419  0.00195078
          20    0.037112     0.0369504  0.00185326
          21    0.035864     0.0368987  0.00176573
          22     0.04024     0.0370505  0.00169199
          23    0.044924     0.0373929  0.00165269
          24    0.037212     0.0373853  0.00158384
          25    0.029992     0.0370896  0.00154785
          26    0.055336     0.0377914  0.00163971
          27    0.040528     0.0378927  0.00158211
          28     0.04182      0.038033  0.00153181
          29    0.028392     0.0377006  0.00151464
          30    0.026604     0.0373307  0.00150864
          31    0.040612     0.0374365  0.00146368
          32    0.028216     0.0371484  0.00144602
          33     0.04428     0.0373645  0.00141826
          34    0.036132     0.0373282  0.00137701
          35      0.0387     0.0373674  0.00133823
          36    0.045036     0.0375804   0.0013179
          37    0.045756     0.0378014  0.00130067
          38     0.04702      0.038044  0.00128887
          39    0.037376     0.0380269  0.00125593
          40      0.0442     0.0381812  0.00123398
          41    0.029904     0.0379793  0.00122029
          42     0.02882     0.0377612  0.00121056
          43    0.033068     0.0376521  0.00118732
          44    0.024248     0.0373475  0.00119878
          45    0.044952     0.0375164  0.00118399
          46    0.035352     0.0374694  0.00115919
          47    0.041156     0.0375478  0.00113717
          48    0.040288     0.0376049  0.00111491
          49    0.029256     0.0374345   0.0011051
          50    0.045972     0.0376053  0.00109611
           1    0.027244      0.027244           0
           2    0.038336       0.03279  0.00392161
           3    0.047008     0.0375293  0.00467005
           4    0.019948      0.033134  0.00517271
           5    0.022284      0.030964  0.00457073
           6    0.033476     0.0313827  0.00382807
           7     0.02388     0.0303109  0.00342797
           8    0.014876     0.0283815  0.00350056
           9    0.027844     0.0283218  0.00311212
          10    0.033864      0.028876  0.00284983
          11    0.036216     0.0295433  0.00266773
          12     0.03082     0.0296497  0.00244754
          13     0.03808     0.0302982   0.0023436
          14    0.036632     0.0307506  0.00221944
          15    0.030128     0.0307091  0.00207187
          16    0.032484       0.03082  0.00194534
          17    0.031568      0.030864  0.00183141
          18    0.039084     0.0313207  0.00178569
          19     0.02752     0.0311206  0.00170288
          20      0.0246     0.0307946  0.00164865
          21    0.026308      0.030581  0.00158392
          22    0.036424     0.0308465  0.00153403
          23    0.032448     0.0309162  0.00146891
          24    0.029828     0.0308708  0.00140841
          25    0.031592     0.0308997  0.00135237
          26    0.049228     0.0316046  0.00147266
          27     0.03516     0.0317363    0.001424
          28     0.02106      0.031355  0.00142327
          29    0.033612     0.0314328  0.00137632
          30    0.038692     0.0316748  0.00135155
          31    0.027356     0.0315355  0.00131511
          32    0.028056     0.0314267   0.0012785
          33    0.043032     0.0317784  0.00128722
          34     0.03696     0.0319308  0.00125835
          35    0.033808     0.0319845  0.00122354
          36     0.03734     0.0321332  0.00119856
          37    0.035384     0.0322211  0.00116938
          38    0.033376     0.0322515    0.001139
          39    0.028916     0.0321659    0.001113
          40    0.042896     0.0324342  0.00111704
          41     0.04054     0.0326319  0.00110715
          42    0.029088     0.0325475    0.001084
          43    0.033204     0.0325628   0.0010589
          44     0.03318     0.0325768  0.00103492
          45    0.026924     0.0324512  0.00101952
          46    0.034228     0.0324898  0.00099809
          47    0.025284     0.0323365 0.000988559
          48    0.035032     0.0323927 0.000969557
          49     0.03456     0.0324369 0.000950779
          50    0.037172     0.0325316 0.000936468
           1    0.023008      0.023008           0
           2    0.025792        0.0244 0.000984293
           3    0.025572     0.0247907 0.000729616
           4    0.022324      0.024174 0.000764623
           5    0.018432     0.0230256  0.00119551
           6    0.024748     0.0233127  0.00103014
           7    0.035772     0.0250926  0.00186953
           8    0.019784      0.024429  0.00174964
           9    0.029052     0.0249427   0.0016289
          10    0.018768     0.0243252  0.00157871
          11    0.033832     0.0251895  0.00165493
          12    0.011432      0.024043  0.00187248
          13    0.029104     0.0244323  0.00176845
          14    0.024956     0.0244697  0.00164253
          15    0.035292     0.0251912  0.00168404
          16     0.02858      0.025403  0.00159205
          17    0.027748     0.0255409  0.00150437
          18    0.028548      0.025708  0.00143004
          19    0.027524     0.0258036  0.00135796
          20    0.029144     0.0259706   0.0013003
          21    0.021568      0.025761  0.00125516
          22    0.023244     0.0256465  0.00120331
          23    0.020576     0.0254261  0.00117102
          24     0.03272       0.02573  0.00116099
          25    0.026472     0.0257597  0.00111493
          26    0.033056     0.0260403   0.0011068
          27    0.024032     0.0259659  0.00106831
          28    0.031324     0.0261573  0.00104715
          29      0.0195     0.0259277   0.0010359
          30    0.020816     0.0257573  0.00101529
          31    0.015316     0.0254205   0.0010369
          32    0.018472     0.0252034  0.00102698
          33      0.0308      0.025373  0.00100977
          34    0.015944     0.0250956  0.00101744
          35    0.027852     0.0251744 0.000991411
          36    0.019636     0.0250206 0.000975736
          37    0.015964     0.0247758 0.000979585
          38      0.0293     0.0248948 0.000961014
          39    0.040304     0.0252899  0.00101435
          40    0.041996     0.0257076  0.00107153
          41    0.029992     0.0258121  0.00105048
          42     0.02066     0.0256894   0.0010326
          43    0.024528     0.0256624  0.00100894
          44    0.024148      0.025628 0.000986597
          45    0.028548     0.0256929 0.000966804
          46    0.031096     0.0258103 0.000952895
          47    0.022248     0.0257346 0.000935631
          48    0.025856     0.0257371 0.000916142
          49    0.024584     0.0257136 0.000897747
          50    0.029788      0.025795 0.000883483
           1    0.906532      0.906532           0
           2    0.848304      0.877418   0.0205867
           3    0.832584      0.862473   0.0183645
           4    0.936956      0.881094   0.0212074
           5    0.817344      0.868344   0.0204424
           6    0.955028      0.882791   0.0215439
           7    0.704756      0.857358   0.0299242
           8    0.940492      0.867749   0.0279299
           9    0.925024      0.874113   0.0255413
          10     0.86518       0.87322   0.0230028
          11    0.747548      0.861795   0.0235787
          12    0.896512      0.864688   0.0217905
          13    0.942264      0.870656   0.0209155
          14     0.86338      0.870136    0.019428
          15    0.923676      0.873705   0.0184577
          16    0.979252      0.880302   0.0184453
          17     0.78498      0.874695   0.0181926
          18    0.925444      0.877514    0.017399
          19    0.958112      0.881756   0.0169925
          20    0.900556      0.882696   0.0161689
          21    0.930732      0.884984   0.0155599
          22    0.713212      0.877176    0.016697
          23    0.841148      0.875609   0.0160444
          24    0.892124      0.876298   0.0153906
          25     0.93996      0.878844   0.0149842
          26    0.585404      0.867558   0.0181677
          27       0.943      0.870352   0.0177084
          28      0.8266      0.868789   0.0171447
          29     0.90844      0.870157    0.016608
          30    0.867392      0.870065   0.0160546
          31    0.853184       0.86952    0.015546
          32    0.925908      0.871282   0.0151597
          33    0.732608       0.86708   0.0152716
          34    0.466492      0.855298   0.0188265
          35     0.96388        0.8584   0.0185425
          36    0.864828      0.858579   0.0180283
          37     0.92908      0.860484   0.0176414
          38    0.910552      0.861802   0.0172263
          39    0.826072      0.860886   0.0168089
          40    0.936924      0.862787   0.0164959
          41      0.9233      0.864263   0.0161594
          42    0.975844      0.866919   0.0159916
          43    0.947924      0.868803   0.0157302
          44     0.67726       0.86445   0.0159637
          45    0.931208      0.865933   0.0156778
          46    0.894096      0.866546   0.0153489
          47    0.951616      0.868356   0.0151287
          48    0.909432      0.869211   0.0148377
          49    0.841168      0.868639   0.0145459
          50     0.94858      0.870238   0.0143426
           1    0.480316      0.480316           0
           2    0.588052      0.534184   0.0380904
           3    0.539684      0.536017   0.0254377
           4    0.599888      0.551985   0.0235628
           5    0.570812       0.55575   0.0191487
           6    0.582644      0.560233   0.0164735
           7     0.47648      0.548268   0.0179466
           8    0.549128      0.548376   0.0157036
           9    0.580916      0.551991    0.014369
          10    0.445032      0.541295   0.0164378
          11    0.406588      0.529049   0.0189642
          12    0.612128      0.535972   0.0186047
          13     0.57712      0.539138   0.0174407
          14    0.561028      0.540701   0.0162649
          15    0.589592      0.543961   0.0155037
          16    0.655368      0.550924   0.0160222
          17      0.5409      0.550334   0.0150906
          18    0.540876      0.549808   0.0142614
          19    0.491836      0.546757   0.0138333
          20    0.619384      0.550389   0.0136099
          21    0.483424        0.5472   0.0133302
          22    0.646372      0.551708   0.0134649
          23     0.65522      0.556208   0.0136108
          24    0.515644      0.554518   0.0131482
          25    0.515828       0.55297   0.0127131
          26    0.570988      0.553663    0.012243
          27    0.573268      0.554389    0.011811
          28    0.574168      0.555096   0.0114103
          29    0.530828      0.554259   0.0110475
          30    0.667096       0.55802   0.0113014
          31    0.594564      0.559199   0.0109982
          32    0.560876      0.559252   0.0106546
          33    0.577616      0.559808   0.0103462
          34    0.474548        0.5573   0.0103414
          35    0.582352      0.558016   0.0100706
          36    0.600756      0.559203  0.00986063
          37    0.451964      0.556305    0.010011
          38     0.48718      0.554486  0.00991148
          39    0.549592       0.55436  0.00965813
          40    0.607392      0.555686  0.00950724
          41    0.655368      0.558117  0.00958118
          42    0.688788      0.561229  0.00984524
          43      0.5296      0.560493  0.00964372
          44    0.634056      0.562165  0.00956837
          45    0.685076      0.564896  0.00973778
          46    0.494768      0.563372  0.00964469
          47    0.574184      0.563602  0.00944223
          48     0.59146      0.564182  0.00926334
          49    0.628256       0.56549  0.00916612
          50    0.514708      0.564474  0.00903889
           1     0.33486       0.33486           0
           2    0.326696      0.330778  0.00288641
           3    0.337532      0.333029  0.00266117
           4    0.285012      0.321025   0.0105859
           5    0.224068      0.301634   0.0193013
           6     0.26262      0.295131   0.0171447
           7    0.286936      0.293961   0.0147354
           8     0.30316       0.29511   0.0129383
           9    0.278764      0.293294   0.0116275
          10    0.265732      0.290538   0.0107864
          11    0.294444      0.290893   0.0098117
          12    0.363892      0.296976   0.0107152
          13    0.317372      0.298545   0.0100051
          14    0.304664      0.298982  0.00930003
          15    0.330416      0.301078    0.008913
          16    0.269588       0.29911  0.00857047
          17    0.289256       0.29853  0.00808591
          18    0.290912      0.298107  0.00764776
          19     0.31732      0.299118  0.00731179
          20    0.265216      0.297423  0.00713999
          21    0.314144      0.298219  0.00684424
          22     0.16654      0.292234  0.00876805
          23     0.31774      0.293343  0.00845667
          24    0.341448      0.295347  0.00833847
          25    0.265168       0.29414  0.00809184
          26      0.3429      0.296015  0.00799498
          27    0.242544      0.294035  0.00794037
          28    0.268116      0.293109  0.00771055
          29    0.304204      0.293492  0.00745415
          30    0.270624       0.29273  0.00724455
          31    0.314424      0.293429  0.00704458
          32    0.256164      0.292265  0.00692002
          33    0.397308      0.295448  0.00740633
          34    0.272336      0.294768  0.00721962
          35    0.354904      0.296486   0.0072149
          36    0.244048       0.29503  0.00716001
          37    0.261816      0.294132  0.00702255
          38     0.28842      0.293982  0.00683935
          39    0.296392      0.294044  0.00666426
          40    0.295624      0.294083  0.00649777
          41    0.321144      0.294743  0.00637272
          42     0.33168      0.295623  0.00628138
          43    0.295232      0.295613  0.00613531
          44    0.267564      0.294976   0.0060289
          45    0.330696       0.29577  0.00594695
          46    0.308548      0.296048  0.00582415
          47    0.370752      0.297637  0.00591315
          48    0.345276      0.298629  0.00587265
          49    0.302204      0.298702  0.00575326
          50    0.335664      0.299442  0.00568549
           1     0.20516       0.20516           0
           2    0.213916      0.209538  0.00309571
           3    0.186156      0.201744  0.00669006
           4    0.175548      0.195195   0.0075725
           5    0.170424      0.190241  0.00750564
           6    0.161928      0.185522  0.00759455
           7    0.170276      0.183344  0.00681477
           8    0.177392        0.1826   0.0060034
           9    0.165264      0.180674  0.00563691
          10    0.188096      0.181416  0.00512185
          11    0.152296      0.178769  0.00529636
          12     0.18928      0.179645   0.0049269
          13    0.155604      0.177795  0.00488265
          14      0.2001      0.179389  0.00478676
          15    0.162156       0.17824  0.00460344
          16    0.182876      0.178529  0.00432483
          17    0.191252      0.179278  0.00413468
          18     0.14038      0.177117  0.00443388
          19     0.15102      0.175743  0.00440813
          20    0.154544      0.174683  0.00431328
          21    0.209004      0.176318  0.00440664
          22    0.226112      0.178581  0.00475219
          23    0.187988       0.17899  0.00456314
          24    0.181532      0.179096  0.00437424
          25    0.177128      0.179017  0.00419998
          26      0.1661       0.17852  0.00406772
          27    0.173816      0.178346  0.00392079
          28    0.125156      0.176447  0.00421592
          29    0.174724      0.176387  0.00407096
          30    0.198376       0.17712   0.0040007
          31    0.203964      0.177986  0.00396425
          32    0.186108       0.17824  0.00384849
          33    0.125768       0.17665  0.00404703
          34    0.169732      0.176446  0.00393311
          35    0.136004      0.175291  0.00398686
          36    0.179892      0.175419  0.00387816
          37    0.163784      0.175104  0.00378608
          38    0.118116      0.173605  0.00397237
          39    0.174692      0.173632  0.00387061
          40    0.129832      0.172537  0.00392569
          41    0.190332      0.172971  0.00385385
          42     0.12958      0.171938  0.00389812
          43    0.173992      0.171986  0.00380775
          44    0.133488      0.171111  0.00382042
          45    0.191576      0.171566  0.00376249
          46    0.168116      0.171491  0.00368144
          47    0.195288      0.171997  0.00363777
          48    0.174912      0.172058  0.00356249
          49    0.149184      0.171591  0.00352023
          50     0.16738      0.171507  0.00345084
           1     0.10476       0.10476           0
           2    0.125988      0.115374  0.00750523
           3    0.123972       0.11824  0.00552366
           4     0.09454      0.112315  0.00659481
           5    0.102612      0.110374  0.00555404
           6     0.10638      0.109709  0.00466809
           7    0.120292      0.111221    0.004239
           8    0.084892      0.107929  0.00482025
           9    0.101268      0.107189  0.00434113
          10    0.108972      0.107368  0.00391067
          11    0.086268      0.105449  0.00399799
          12    0.137624      0.108131  0.00447446
          13     0.10758      0.108088  0.00413047
          14    0.143924      0.110648  0.00456011
          15    0.124124      0.111546   0.0043437
          16    0.128392      0.112599  0.00419788
          17     0.10366      0.112073  0.00398374
          18    0.116716      0.112331  0.00377076
          19    0.146608      0.114135  0.00398052
          20      0.1006      0.113459   0.0038386
          21    0.104028       0.11301  0.00368198
          22    0.099288      0.112386  0.00356706
          23    0.117112      0.112591  0.00341788
          24    0.093976      0.111816  0.00336233
          25      0.1018      0.111415  0.00325161
          26    0.084364      0.110375   0.0032888
          27    0.096856      0.109874  0.00320487
          28    0.101184      0.109564  0.00310541
          29    0.109252      0.109553  0.00299834
          30    0.124256      0.110043  0.00293818
          31    0.122716      0.110452   0.0028717
          32    0.112228      0.110507  0.00278249
          33     0.11978      0.110788  0.00271233
          34    0.101108      0.110504  0.00264745
          35    0.099804      0.110198   0.0025894
          36    0.115884      0.110356  0.00252229
          37    0.119072      0.110591  0.00246509
          38    0.100004      0.110313  0.00241592
          39    0.121252      0.110593   0.0023702
          40    0.068188      0.109533  0.00253697
          41    0.139516      0.110264  0.00257834
          42    0.087664      0.109726  0.00257249
          43    0.085124      0.109154   0.0025755
          44    0.119288      0.109384  0.00252725
          45     0.10826      0.109359  0.00247121
          46    0.124856      0.109696  0.00244034
          47    0.134144      0.110217  0.00244323
          48    0.114468      0.110305  0.00239393
          49    0.118708      0.110477  0.00235121
          50    0.129824      0.110864  0.00233581
           1    0.087548      0.087548           0
           2     0.07812      0.082834   0.0033333
           3    0.071048     0.0789053  0.00390228
           4    0.084232      0.080237  0.00314573
           5    0.071904     0.0785704  0.00292494
           6     0.07148     0.0773887   0.0026655
           7       0.072     0.0766189   0.0023933
           8         0.1     0.0795415  0.00344376
           9    0.076268     0.0791778  0.00308027
          10    0.089776     0.0802376  0.00294894
          11    0.060136     0.0784102  0.00319732
          12    0.083712      0.078852  0.00296124
          13    0.078788     0.0788471  0.00273346
          14    0.087164     0.0794411  0.00260197
          15    0.092516     0.0803128  0.00257036
          16    0.065424     0.0793823  0.00257265
          17    0.066216     0.0786078  0.00253522
          18    0.086616     0.0790527  0.00243309
          19    0.097172     0.0800063  0.00248491
          20    0.084184     0.0802152  0.00236943
          21    0.056228      0.079073  0.00251691
          22    0.068276     0.0785822  0.00244988
          23    0.063676     0.0779341  0.00242758
          24    0.072088     0.0776905  0.00233862
          25    0.087892     0.0780986   0.0022804
          26    0.077324     0.0780688  0.00219288
          27    0.082252     0.0782237  0.00211713
          28    0.079168     0.0782574  0.00204179
          29     0.07788     0.0782444  0.00197142
          30    0.102788     0.0790625  0.00206851
          31    0.063396     0.0785572   0.0020626
          32    0.060812     0.0780026  0.00207134
          33    0.066288     0.0776476  0.00203877
          34    0.078092     0.0776607  0.00197885
          35    0.069908     0.0774392  0.00193467
          36    0.093504     0.0778854   0.0019317
          37    0.082852     0.0780197  0.00188415
          38    0.067268     0.0777367  0.00185569
          39    0.074312     0.0776489  0.00181019
          40     0.06448     0.0773197  0.00179462
          41     0.07794     0.0773348  0.00175091
          42     0.08766     0.0775807   0.0017264
          43    0.107032     0.0782656  0.00181704
          44    0.063148      0.077922  0.00180794
          45    0.057296     0.0774636  0.00182494
          46    0.067788     0.0772533  0.00179735
          47    0.089068     0.0775047   0.0017766
          48    0.071472      0.077379  0.00174402
          49     0.09864     0.0778129  0.00176158
          50    0.084236     0.0779414  0.00173103
           1    0.061424      0.061424           0
           2    0.051284      0.056354  0.00358503
           3    0.074972       0.06256  0.00560254
           4     0.06844       0.06403  0.00439052
           5    0.062532     0.0637304  0.00352263
           6    0.045116      0.060628  0.00407897
           7    0.055824     0.0599417  0.00355353
           8    0.052984      0.059072  0.00321401
           9    0.065488     0.0597849  0.00293489
          10    0.063328     0.0601392   0.0026627
          11    0.053996     0.0595807  0.00247851
          12    0.041516     0.0580753  0.00269058
          13     0.06108     0.0583065  0.00249352
          14    0.069364     0.0590963  0.00243729
          15    0.049592     0.0584627  0.00235573
          16    0.076452      0.059587  0.00246223
          17    0.061232     0.0596838  0.00231929
          18    0.068176     0.0601556  0.00223791
          19    0.056976     0.0599882  0.00212638
          20    0.072948     0.0606362  0.00211649
          21    0.075108     0.0613253  0.00212494
          22    0.061776     0.0613458  0.00202845
          23    0.060304     0.0613005  0.00194076
          24    0.050728       0.06086  0.00190923
          25    0.068148     0.0611515  0.00185499
          26    0.066196     0.0613455  0.00179376
          27    0.043592      0.060688  0.00184391
          28    0.058372     0.0606053  0.00177991
          29    0.072096     0.0610015  0.00176208
          30    0.036556     0.0601867  0.00188235
          31    0.066584      0.060393  0.00183291
          32    0.059216     0.0603563    0.001776
          33    0.049332     0.0600222  0.00175332
          34    0.058036     0.0599638  0.00170272
          35    0.059972      0.059964  0.00165407
          36    0.074608     0.0603708  0.00165739
          37    0.052916     0.0601693   0.0016248
          38    0.056004     0.0600597  0.00158573
          39    0.063892     0.0601579  0.00154811
          40    0.071836     0.0604499  0.00153669
          41    0.061048     0.0604645  0.00149928
          42      0.0698     0.0606868  0.00147997
          43    0.073972     0.0609957  0.00147745
          44    0.072168     0.0612496  0.00146553
          45    0.060808     0.0612398  0.00143299
          46    0.057892      0.061167  0.00140369
          47    0.051312     0.0609574  0.00138939
          48     0.05464     0.0608258  0.00136667
          49    0.046792     0.0605393  0.00136846
          50    0.054348     0.0604155  0.00134668
           1    0.037616      0.037616           0
           2    0.060748      0.049182   0.0081784
           3     0.05778      0.052048  0.00593323
           4    0.048148      0.051073  0.00452932
           5    0.042516     0.0493616  0.00393352
           6    0.044404     0.0485353  0.00336359
           7    0.033964     0.0464537  0.00346789
           8     0.06048      0.048207  0.00344926
           9    0.039028     0.0471871  0.00321325
          10    0.042156      0.046684  0.00293105
          11    0.049008     0.0468953  0.00267219
          12    0.053748     0.0474663  0.00250979
          13    0.046976     0.0474286  0.00231701
          14    0.063204     0.0485554  0.00240998
          15    0.039088     0.0479243   0.0023305
          16    0.069124     0.0492493  0.00253365
          17    0.050732     0.0493365  0.00238612
          18      0.0501     0.0493789  0.00225393
          19    0.049932      0.049408  0.00213549
          20    0.040036     0.0489394  0.00207949
          21     0.04476     0.0487404  0.00198997
          22    0.050292     0.0488109  0.00190077
          23    0.022492     0.0476666  0.00213496
          24    0.039184     0.0473132  0.00207506
          25    0.041916     0.0470973  0.00200325
          26    0.040328     0.0468369  0.00194305
          27    0.038352     0.0465227  0.00189633
          28    0.054832     0.0468194  0.00185168
          29    0.050004     0.0469292  0.00179108
          30    0.042356     0.0467768  0.00173785
          31    0.037876     0.0464897  0.00170535
          32    0.047928     0.0465346  0.00165265
          33    0.067588     0.0471726  0.00172131
          34    0.049504     0.0472412  0.00167205
          35    0.052836      0.047401   0.0016319
          36    0.035528     0.0470712  0.00161955
          37    0.046392     0.0470529  0.00157588
          38    0.052756     0.0472029  0.00154154
          39    0.057196     0.0474592  0.00152316
          40    0.064108     0.0478754   0.0015409
          41    0.066252     0.0483236  0.00156715
          42    0.049184     0.0483441  0.00152997
          43    0.044156     0.0482467  0.00149749
          44    0.049228      0.048269  0.00146362
          45    0.030128     0.0478659  0.00148558
          46    0.042316     0.0477452  0.00145817
          47    0.034236     0.0474578   0.0014552
          48     0.05088     0.0475291  0.00142663
          49    0.065596     0.0478978  0.00144438
          50    0.052736     0.0479946  0.00141873
           1    0.045464      0.045464           0
           2    0.034204      0.039834  0.00398101
           3    0.045152     0.0416067  0.00302302
           4    0.039672      0.041123  0.00230563
           5    0.034808       0.03986  0.00216295
           6    0.024996     0.0373827  0.00289191
           7    0.037984     0.0374686  0.00248006
           8    0.036688      0.037371  0.00217197
           9     0.03654     0.0372787   0.0019326
          10    0.037256     0.0372764  0.00173934
          11    0.039984     0.0375225  0.00159854
          12    0.043332     0.0380067  0.00153689
          13    0.037788     0.0379898  0.00141876
          14    0.051016     0.0389203  0.00159357
          15    0.043024     0.0391939  0.00151064
          16    0.034664     0.0389108  0.00144251
          17     0.03562     0.0387172  0.00137058
          18    0.040368     0.0388089   0.0012975
          19    0.040588     0.0389025  0.00123259
          20    0.031148     0.0385148  0.00123043
          21    0.036648     0.0384259  0.00117505
          22    0.040696     0.0385291  0.00112616
          23    0.032908     0.0382847  0.00110339
          24    0.045288     0.0385765  0.00109532
          25    0.032964      0.038352  0.00107427
          26    0.036556     0.0382829  0.00103517
          27    0.031868     0.0380453  0.00102373
          28     0.02932     0.0377337  0.00103351
          29    0.041888      0.037877  0.00100775
          30    0.038916     0.0379116 0.000974756
          31    0.033188     0.0377592 0.000955148
          32    0.046148     0.0380214 0.000960601
          33    0.040996     0.0381115 0.000935711
          34    0.049364     0.0384425 0.000964946
          35    0.040232     0.0384936 0.000938729
          36    0.036268     0.0384318 0.000914687
          37     0.03852     0.0384342 0.000889969
          38    0.048116     0.0386889 0.000902282
          39    0.031124      0.038495 0.000899756
          40    0.038064     0.0384842 0.000877326
          41    0.030832     0.0382976 0.000875555
          42    0.031448     0.0381345 0.000869765
          43    0.033908     0.0380362 0.000855073
          44    0.046056     0.0382185 0.000854845
          45    0.032608     0.0380938 0.000844892
          46       0.038     0.0380917 0.000826527
          47    0.033416     0.0379923 0.000814907
          48    0.049668     0.0382355 0.000833443
          49    0.036636     0.0382029 0.000817073
          50    0.023468     0.0379082  0.00085222
           1     0.02024       0.02024           0
           2    0.034068      0.027154  0.00488894
           3    0.028476     0.0275947  0.00327909
           4     0.03304      0.028956   0.0027273
           5    0.021032     0.0273712  0.00260186
           6    0.036148      0.028834  0.00254644
           7    0.027492     0.0286423  0.00218986
           8    0.027736      0.028529  0.00191906
           9    0.021072     0.0277004  0.00187619
          10     0.02998     0.0279284  0.00170236
          11    0.030268     0.0281411  0.00156083
          12    0.036448     0.0288333  0.00157682
          13    0.037304     0.0294849  0.00158444
          14    0.037016     0.0300229  0.00155991
          15    0.028584     0.0299269  0.00145887
          16    0.030388     0.0299558  0.00136797
          17    0.025436     0.0296899  0.00131308
          18     0.03054     0.0297371  0.00124098
          19    0.026884     0.0295869  0.00118472
          20    0.040724     0.0301438  0.00124952
          21     0.03538     0.0303931  0.00121464
          22    0.026924     0.0302355  0.00116962
          23     0.01806     0.0297061  0.00123276
          24     0.03346     0.0298625  0.00119127
          25    0.031744     0.0299378    0.001146
          26    0.024596     0.0297323  0.00112018
          27    0.027048     0.0296329   0.0010831
          28    0.036336     0.0298723  0.00107055
          29    0.034264     0.0300237  0.00104429
          30    0.033448     0.0301379   0.0010157
          31    0.037728     0.0303827  0.00101201
          32    0.033712     0.0304867 0.000985721
          33    0.032776     0.0305561 0.000958289
          34    0.034268     0.0306653 0.000936302
          35     0.03102     0.0306754 0.000909605
          36    0.029256      0.030636 0.000885193
          37    0.040152     0.0308932 0.000897854
          38    0.031528     0.0309099 0.000874382
          39     0.02928     0.0308681  0.00085296
          40    0.021604     0.0306365 0.000862506
          41    0.034496     0.0307306 0.000846591
          42    0.027008      0.030642 0.000831061
          43    0.028332     0.0305883 0.000813468
          44    0.045204     0.0309205 0.000860132
          45     0.03078     0.0309173 0.000841023
          46    0.030588     0.0309102 0.000822771
          47     0.02806     0.0308495 0.000807497
          48    0.031412     0.0308612 0.000790759
          49    0.042608      0.031101 0.000810145
          50    0.042372     0.0313264 0.000824707
           1    0.032708      0.032708           0
           2    0.033104      0.032906 0.000140007
           3    0.033344      0.033052 0.000151402
           4    0.026948      0.031526  0.00132642
           5    0.024308     0.0300824  0.00167129
           6    0.022432     0.0288073  0.00181509
           7    0.029136     0.0288543   0.0015564
           8    0.037572      0.029944  0.00170108
           9    0.026764     0.0295907  0.00154833
          10    0.017192     0.0283508  0.00182356
          11     0.03078     0.0285716   0.0016711
          12     0.02952     0.0286507  0.00153371
          13    0.025248     0.0283889   0.0014379
          14    0.031812     0.0286334  0.00135582
          15    0.016724     0.0278395  0.00147975
          16    0.028952      0.027909   0.0013889
          17    0.033588     0.0282431  0.00134677
          18    0.025992      0.028118  0.00127775
          19    0.022124     0.0278025  0.00124883
          20    0.023916     0.0276082  0.00120142
          21    0.029148     0.0276815  0.00114644
          22    0.029688     0.0277727  0.00109795
          23    0.029028     0.0278273  0.00105157
          24    0.037268     0.0282207  0.00107882
          25    0.027348     0.0281858  0.00103623
          26    0.028752     0.0282075 0.000996608
          27    0.024936     0.0280864 0.000967034
          28    0.024544     0.0279599 0.000940737
          29     0.02758     0.0279468 0.000908389
          30    0.013888     0.0274781 0.000991648
          31    0.031088     0.0275946 0.000966472
          32    0.036888      0.027885 0.000978932
          33    0.031068     0.0279815 0.000954008
          34    0.018792     0.0277112 0.000963474
          35    0.026684     0.0276818 0.000936393
          36    0.023352     0.0275616 0.000918074
          37    0.036608     0.0278061 0.000925246
          38    0.026488     0.0277714 0.000901547
          39    0.026792     0.0277463  0.00087878
          40    0.015624     0.0274432 0.000907563
          41    0.022604     0.0273252  0.00089307
          42      0.0201     0.0271531  0.00088822
          43    0.025884     0.0271236 0.000868054
          44    0.024788     0.0270705 0.000849947
          45    0.025588     0.0270376 0.000831697
          46    0.020304     0.0268912 0.000826399
          47    0.028936     0.0269347  0.00080996
          48    0.025448     0.0269038 0.000793678
          49     0.02596     0.0268845 0.000777714
          50    0.031132     0.0269694 0.000766785
