1 1.76816 0
2 1.76814 1.92896e-05
3 1.76806 8.01077e-05
4 1.76796 0.000114776
5 1.76787 0.00012811
6 1.76779 0.000131926
7 1.76772 0.000131676
8 1.76765 0.000130968
9 1.76759 0.000130339
10 1.76753 0.000130434
11 1.76749 0.00012709
12 1.76747 0.000116739
13 1.76745 0.00011026
14 1.76741 0.000108522
15 1.76741 0.000101072
16 1.76736 0.00010912
17 1.76736 0.000102569
18 1.76735 9.72213e-05
19 1.76734 9.26548e-05
20 1.76732 8.88711e-05
21 1.76731 8.50941e-05
22 1.76732 8.15178e-05
23 1.76731 7.84153e-05
24 1.7673 7.68366e-05
25 1.76729 7.38646e-05
26 1.76729 7.09673e-05
27 1.76728 6.9369e-05
28 1.76728 6.68859e-05
29 1.76728 6.4642e-05
30 1.76727 6.38772e-05
31 1.76726 6.20661e-05
32 1.76727 6.06993e-05
33 1.76726 6.03202e-05
34 1.76728 6.24982e-05
35 1.76726 6.33228e-05
36 1.76726 6.15995e-05
37 1.76726 5.99135e-05
38 1.76726 5.84188e-05
39 1.76726 5.69012e-05
40 1.76727 5.76461e-05
41 1.76727 5.66072e-05
42 1.76726 5.55997e-05
43 1.76726 5.46255e-05
44 1.76726 5.33849e-05
45 1.76726 5.21854e-05
46 1.76726 5.11776e-05
47 1.76726 5.02416e-05
48 1.76727 4.96738e-05
49 1.76727 4.865e-05
50 1.76726 4.83738e-05
51 1.76727 4.75143e-05
52 1.76726 4.6609e-05
53 1.76726 4.57213e-05
54 1.76726 4.48667e-05
55 1.76726 4.41362e-05
56 1.76726 4.33417e-05
57 1.76726 4.25843e-05
58 1.76725 4.23643e-05
59 1.76725 4.17262e-05
60 1.76726 4.1616e-05
61 1.76725 4.20553e-05
62 1.76725 4.14173e-05
63 1.76724 4.13147e-05
64 1.76724 4.09318e-05
65 1.76724 4.03356e-05
66 1.76724 3.97219e-05
67 1.76724 3.96371e-05
68 1.76723 4.13262e-05
69 1.76724 4.09195e-05
70 1.76724 4.03507e-05
71 1.76723 4.07942e-05
72 1.76723 4.05075e-05
73 1.76723 3.99489e-05
74 1.76723 3.94339e-05
75 1.76723 3.92044e-05
76 1.76722 3.87158e-05
77 1.76722 3.82262e-05
78 1.76723 3.81572e-05
79 1.76723 3.77058e-05
80 1.76722 3.74121e-05
81 1.76722 3.72135e-05
82 1.76722 3.70251e-05
83 1.76722 3.66158e-05
84 1.76722 3.62091e-05
85 1.76722 3.5812e-05
86 1.76722 3.55241e-05
87 1.76722 3.5114e-05
88 1.76723 3.47489e-05
89 1.76723 3.45182e-05
90 1.76723 3.41594e-05
91 1.76723 3.38031e-05
92 1.76723 3.34738e-05
93 1.76723 3.31138e-05
94 1.76723 3.27618e-05
95 1.76723 3.24337e-05
96 1.76723 3.21205e-05
97 1.76723 3.18403e-05
98 1.76723 3.15514e-05
99 1.76722 3.14003e-05
100 1.76723 3.19922e-05
1 1.54374 0
2 1.54404 0.000298072
3 1.54426 0.000277892
4 1.54424 0.000197775
5 1.54427 0.000156173
6 1.54428 0.000127987
7 1.54429 0.00010888
8 1.54428 9.51313e-05
9 1.54428 8.39003e-05
10 1.54425 8.02957e-05
11 1.54423 7.45957e-05
12 1.54423 6.80976e-05
13 1.54427 7.13169e-05
14 1.54427 6.60392e-05
15 1.5442 8.80311e-05
16 1.54421 8.26908e-05
17 1.54424 8.10949e-05
18 1.54423 7.64575e-05
19 1.54422 7.31215e-05
20 1.54422 6.93756e-05
21 1.54423 6.61038e-05
22 1.54423 6.31258e-05
23 1.54424 6.07313e-05
24 1.54425 5.91012e-05
25 1.54424 5.78751e-05
26 1.54424 5.56641e-05
27 1.54425 5.38231e-05
28 1.54426 5.33381e-05
29 1.54426 5.14875e-05
30 1.54426 4.98992e-05
31 1.54426 4.88916e-05
32 1.54428 4.87972e-05
33 1.54427 4.73038e-05
34 1.54427 4.59914e-05
35 1.54428 4.4863e-05
36 1.54428 4.4079e-05
37 1.54429 4.43702e-05
38 1.54428 4.44027e-05
39 1.54429 4.32808e-05
40 1.54429 4.23027e-05
41 1.54429 4.1538e-05
42 1.54429 4.10402e-05
43 1.54429 4.03632e-05
44 1.54429 3.94359e-05
45 1.54429 3.8584e-05
46 1.5443 3.77915e-05
47 1.54429 3.69971e-05
48 1.54431 4.17254e-05
49 1.54431 4.19667e-05
50 1.5443 4.12243e-05
51 1.54431 4.13592e-05
52 1.54431 4.06013e-05
53 1.54431 3.98922e-05
54 1.54431 3.92911e-05
55 1.54431 3.85764e-05
56 1.54432 3.81445e-05
57 1.54433 3.86707e-05
58 1.54432 3.90164e-05
59 1.54432 3.83512e-05
60 1.54433 3.96227e-05
61 1.54433 3.89705e-05
62 1.54433 3.83467e-05
63 1.54434 3.80183e-05
64 1.54434 3.74449e-05
65 1.54434 3.6868e-05
66 1.54434 3.64942e-05
67 1.54434 3.59541e-05
68 1.54434 3.54939e-05
69 1.54434 3.5221e-05
70 1.54434 3.48004e-05
71 1.54434 3.43369e-05
72 1.54434 3.41719e-05
73 1.54434 3.38208e-05
74 1.54435 3.35391e-05
75 1.54435 3.31377e-05
76 1.54434 3.27671e-05
77 1.54434 3.24393e-05
78 1.54434 3.20547e-05
79 1.54434 3.16592e-05
80 1.54434 3.14644e-05
81 1.54434 3.11107e-05
82 1.54434 3.10863e-05
83 1.54433 3.09263e-05
84 1.54434 3.11345e-05
85 1.54433 3.17287e-05
86 1.54433 3.13586e-05
87 1.54433 3.10259e-05
88 1.54434 3.07341e-05
89 1.54433 3.04607e-05
90 1.54433 3.0341e-05
91 1.54433 3.00853e-05
92 1.54433 2.9807e-05
93 1.54433 2.9488e-05
94 1.54433 2.91782e-05
95 1.54434 2.90961e-05
96 1.54434 2.88764e-05
97 1.54434 2.90729e-05
98 1.54434 2.90609e-05
99 1.54434 2.88556e-05
100 1.54434 2.85665e-05
1 1.46553 0
2 1.46564 0.000110619
3 1.4655 0.000156822
4 1.46555 0.000120313
5 1.4656 0.000106668
6 1.46559 8.76039e-05
7 1.46556 7.88037e-05
8 1.46552 7.98691e-05
9 1.46552 7.05986e-05
10 1.46554 6.5282e-05
11 1.46553 5.97162e-05
12 1.46554 5.48927e-05
13 1.46552 5.3173e-05
14 1.46551 5.14891e-05
15 1.46551 4.83415e-05
16 1.46549 5.17629e-05
17 1.46548 4.94135e-05
18 1.46549 4.84096e-05
19 1.4655 4.60495e-05
20 1.4655 4.38152e-05
21 1.46551 4.30373e-05
22 1.46549 4.65764e-05
23 1.4655 4.54341e-05
24 1.46551 4.51331e-05
25 1.4655 4.37127e-05
26 1.46551 4.20227e-05
27 1.4655 4.05587e-05
28 1.46552 4.13546e-05
29 1.4655 4.44983e-05
30 1.4655 4.38977e-05
31 1.46551 4.35477e-05
32 1.46551 4.27951e-05
33 1.4655 4.16469e-05
34 1.4655 4.04035e-05
35 1.4655 3.92377e-05
36 1.4655 3.81322e-05
37 1.4655 3.71437e-05
38 1.4655 3.67243e-05
39 1.4655 3.57716e-05
40 1.4655 3.49948e-05
41 1.46549 3.48841e-05
42 1.4655 3.48394e-05
43 1.4655 3.41276e-05
44 1.4655 3.35413e-05
45 1.46549 3.2815e-05
46 1.46549 3.2094e-05
47 1.46549 3.16067e-05
48 1.4655 3.21603e-05
49 1.46549 3.26976e-05
50 1.46549 3.21568e-05
51 1.46548 3.24748e-05
52 1.46548 3.2148e-05
53 1.46548 3.15969e-05
54 1.46547 3.24158e-05
55 1.46548 3.29989e-05
56 1.46548 3.2419e-05
57 1.46548 3.19481e-05
58 1.46548 3.17748e-05
59 1.46549 3.23392e-05
60 1.46548 3.20811e-05
61 1.46548 3.15896e-05
62 1.46548 3.10835e-05
63 1.46548 3.06443e-05
64 1.46548 3.02133e-05
65 1.46549 3.06844e-05
66 1.46549 3.0512e-05
67 1.46549 3.00532e-05
68 1.46549 2.98033e-05
69 1.46549 2.93842e-05
70 1.46549 2.89863e-05
71 1.46549 2.85901e-05
72 1.46549 2.82133e-05
73 1.46549 2.79026e-05
74 1.46549 2.77834e-05
75 1.46549 2.74177e-05
76 1.46549 2.71198e-05
77 1.4655 2.87644e-05
78 1.4655 2.84013e-05
79 1.4655 2.82398e-05
80 1.4655 2.81395e-05
81 1.4655 2.78664e-05
82 1.46551 2.75808e-05
83 1.46551 2.72869e-05
84 1.46551 2.71854e-05
85 1.46551 2.68922e-05
86 1.46552 2.68985e-05
87 1.46552 2.67955e-05
88 1.46552 2.66518e-05
89 1.46552 2.6357e-05
90 1.46552 2.60733e-05
91 1.46553 2.5892e-05
92 1.46553 2.60939e-05
93 1.46553 2.61005e-05
94 1.46553 2.59081e-05
95 1.46553 2.56404e-05
96 1.46553 2.53806e-05
97 1.46553 2.51568e-05
98 1.46553 2.4962e-05
99 1.46553 2.48872e-05
100 1.46553 2.46756e-05
1 1.38331 0
2 1.38331 7.75068e-06
3 1.38332 6.78976e-06
4 1.38335 3.07621e-05
5 1.38338 4.06095e-05
6 1.38342 4.74684e-05
7 1.38332 0.000100202
8 1.38334 8.84707e-05
9 1.3834 9.73255e-05
10 1.38334 0.000104412
11 1.38333 9.5416e-05
12 1.38335 8.97585e-05
13 1.38334 8.28518e-05
14 1.38336 7.80351e-05
15 1.38334 7.46645e-05
16 1.38335 7.05264e-05
17 1.38337 7.00946e-05
18 1.38335 7.12268e-05
19 1.38335 6.74353e-05
20 1.38336 6.41894e-05
21 1.38335 6.11524e-05
22 1.38335 5.83071e-05
23 1.38334 5.69975e-05
24 1.38334 5.4613e-05
25 1.38334 5.27381e-05
26 1.38335 5.15933e-05
27 1.38335 5.00007e-05
28 1.38336 5.00502e-05
29 1.38334 5.09414e-05
30 1.38334 4.92901e-05
31 1.38334 4.76737e-05
32 1.38334 4.6166e-05
33 1.38335 4.51827e-05
34 1.38334 4.42052e-05
35 1.38334 4.31484e-05
36 1.38335 4.35262e-05
37 1.38335 4.26787e-05
38 1.38335 4.24321e-05
39 1.38334 4.13686e-05
40 1.38334 4.0785e-05
41 1.38334 3.98448e-05
42 1.38334 3.88884e-05
43 1.38334 3.81814e-05
44 1.38334 3.75285e-05
45 1.38333 3.71506e-05
46 1.38333 3.66032e-05
47 1.38333 3.58576e-05
48 1.38333 3.51103e-05
49 1.38333 3.44308e-05
50 1.38333 3.40242e-05
51 1.38333 3.39211e-05
52 1.38332 3.3973e-05
53 1.38332 3.34985e-05
54 1.38332 3.28723e-05
55 1.38332 3.23307e-05
56 1.38332 3.219e-05
57 1.38331 3.19401e-05
58 1.38331 3.14057e-05
59 1.38332 3.08874e-05
60 1.38331 3.05419e-05
61 1.38331 3.02777e-05
62 1.38331 2.98708e-05
63 1.38331 2.94016e-05
64 1.38331 2.9106e-05
65 1.3833 2.88833e-05
66 1.3833 2.8568e-05
67 1.38331 2.83361e-05
68 1.3833 2.81787e-05
69 1.3833 2.77961e-05
70 1.38331 2.74803e-05
71 1.3833 2.71828e-05
72 1.3833 2.6832e-05
73 1.38331 2.65127e-05
74 1.38331 2.7019e-05
75 1.38331 2.69125e-05
76 1.38331 2.72349e-05
77 1.38331 2.74811e-05
78 1.38332 2.85647e-05
79 1.38332 2.82014e-05
80 1.38332 2.78646e-05
81 1.38332 2.75429e-05
82 1.38332 2.78754e-05
83 1.38332 2.80312e-05
84 1.38332 2.76962e-05
85 1.38333 2.89811e-05
86 1.38332 2.89631e-05
87 1.38332 2.86512e-05
88 1.38332 2.83726e-05
89 1.38333 2.80548e-05
90 1.38333 2.82153e-05
91 1.38333 2.79801e-05
92 1.38333 2.78407e-05
93 1.38333 2.76019e-05
94 1.38333 2.73969e-05
95 1.38333 2.71445e-05
96 1.38333 2.69567e-05
97 1.38333 2.67238e-05
98 1.38334 2.64673e-05
99 1.38334 2.62204e-05
100 1.38333 2.60018e-05
1 1.37699 0
2 1.37695 3.68616e-05
3 1.37699 4.76242e-05
4 1.37713 0.000143788
5 1.37718 0.000122984
6 1.3771 0.000129033
7 1.37715 0.000118089
8 1.37712 0.0001051
9 1.37715 9.57591e-05
10 1.37717 8.77453e-05
11 1.37719 8.33441e-05
12 1.37718 7.78506e-05
13 1.37718 7.16151e-05
14 1.37719 6.70111e-05
15 1.37719 6.28191e-05
16 1.37721 6.02532e-05
17 1.37718 6.15064e-05
18 1.37718 5.82174e-05
19 1.37716 5.75052e-05
20 1.37718 5.83699e-05
21 1.3772 5.71239e-05
22 1.37717 6.06076e-05
23 1.37716 5.85293e-05
24 1.37717 5.66461e-05
25 1.37716 5.48906e-05
26 1.37716 5.27373e-05
27 1.37716 5.07659e-05
28 1.37715 4.93045e-05
29 1.37715 4.75745e-05
30 1.37715 4.60592e-05
31 1.37717 4.9558e-05
32 1.37715 5.20276e-05
33 1.37714 5.09271e-05
34 1.37715 4.96494e-05
35 1.37716 4.85254e-05
36 1.37715 4.71592e-05
37 1.37716 4.6027e-05
38 1.37717 4.66462e-05
39 1.37716 4.61912e-05
40 1.37716 4.50217e-05
41 1.37718 4.76796e-05
42 1.37718 4.67737e-05
43 1.37717 4.5731e-05
44 1.37718 4.4687e-05
45 1.37718 4.38503e-05
46 1.37718 4.30072e-05
47 1.37718 4.21018e-05
48 1.37718 4.12295e-05
49 1.37717 4.05724e-05
50 1.37717 3.98521e-05
51 1.37717 3.91899e-05
52 1.37717 3.84789e-05
53 1.37717 3.7802e-05
54 1.37717 3.73617e-05
55 1.37717 3.71881e-05
56 1.37717 3.6548e-05
57 1.37718 3.64388e-05
58 1.37717 3.5927e-05
59 1.37718 3.54541e-05
60 1.37718 3.54173e-05
61 1.37718 3.5012e-05
62 1.37718 3.44785e-05
63 1.37718 3.39743e-05
64 1.37718 3.34709e-05
65 1.37718 3.31943e-05
66 1.37718 3.27431e-05
67 1.37718 3.23111e-05
68 1.37718 3.18584e-05
69 1.37718 3.13968e-05
70 1.37718 3.0974e-05
71 1.37717 3.09614e-05
72 1.37717 3.05293e-05
73 1.37717 3.01108e-05
74 1.37717 2.97146e-05
75 1.37718 2.94868e-05
76 1.37717 2.99411e-05
77 1.37717 2.9551e-05
78 1.37717 2.93673e-05
79 1.37718 2.93788e-05
80 1.37718 2.90161e-05
81 1.37717 2.92327e-05
82 1.37717 2.89819e-05
83 1.37717 2.86308e-05
84 1.37717 2.83366e-05
85 1.37717 2.85077e-05
86 1.37717 2.85604e-05
87 1.37717 2.82692e-05
88 1.37717 2.79467e-05
89 1.37717 2.7725e-05
90 1.37716 2.74617e-05
91 1.37717 2.81152e-05
92 1.37717 2.7903e-05
93 1.37717 2.76433e-05
94 1.37716 2.7517e-05
95 1.37717 2.72266e-05
96 1.37717 2.7036e-05
97 1.37718 2.81015e-05
98 1.37717 2.86111e-05
99 1.37717 2.84049e-05
100 1.37717 2.81421e-05
1 1.38927 0
2 1.38935 8.7693e-05
3 1.38946 0.000120026
4 1.38939 0.000112183
5 1.38938 8.74248e-05
6 1.38941 7.80481e-05
7 1.3894 6.66276e-05
8 1.38942 6.08863e-05
9 1.38945 5.95432e-05
10 1.38938 8.3528e-05
11 1.38939 7.569e-05
12 1.38946 9.85387e-05
13 1.38942 9.65235e-05
14 1.38946 9.7049e-05
15 1.38946 9.03705e-05
16 1.38945 8.56652e-05
17 1.38949 9.25386e-05
18 1.38948 8.78078e-05
19 1.38947 8.3404e-05
20 1.38948 7.96928e-05
21 1.38949 7.59637e-05
22 1.38948 7.26746e-05
23 1.38948 6.9649e-05
24 1.38948 6.6684e-05
25 1.38947 6.42422e-05
26 1.38947 6.17569e-05
27 1.38947 5.95706e-05
28 1.38946 5.76773e-05
29 1.38946 5.5763e-05
30 1.38946 5.4038e-05
31 1.38946 5.23953e-05
32 1.38949 5.76987e-05
33 1.38947 5.79205e-05
34 1.38946 5.70456e-05
35 1.38947 5.62364e-05
36 1.38947 5.46688e-05
37 1.38948 5.34296e-05
38 1.38947 5.20391e-05
39 1.38947 5.07352e-05
40 1.38949 5.32854e-05
41 1.38947 5.52178e-05
42 1.38948 5.48064e-05
43 1.38948 5.35474e-05
44 1.38947 5.423e-05
45 1.38948 5.33768e-05
46 1.38948 5.29304e-05
47 1.38948 5.20748e-05
48 1.38949 5.179e-05
49 1.38948 5.10031e-05
50 1.38949 5.00116e-05
51 1.38949 4.91761e-05
52 1.38949 4.82215e-05
53 1.38949 4.74456e-05
54 1.38949 4.6559e-05
55 1.38949 4.578e-05
56 1.38949 4.51166e-05
57 1.3895 4.52989e-05
58 1.38948 4.56711e-05
59 1.38949 4.50206e-05
60 1.38949 4.46724e-05
61 1.38949 4.41541e-05
62 1.38949 4.34393e-05
63 1.38949 4.2759e-05
64 1.38949 4.21754e-05
65 1.3895 4.2721e-05
66 1.3895 4.21605e-05
67 1.3895 4.15752e-05
68 1.3895 4.09959e-05
69 1.3895 4.04523e-05
70 1.3895 3.98882e-05
71 1.3895 3.93305e-05
72 1.38951 3.9069e-05
73 1.3895 3.86297e-05
74 1.3895 3.8165e-05
75 1.3895 3.76882e-05
76 1.38951 3.74503e-05
77 1.38951 3.69671e-05
78 1.3895 3.68381e-05
79 1.3895 3.63816e-05
80 1.38951 3.59431e-05
81 1.38951 3.56182e-05
82 1.38951 3.53426e-05
83 1.38951 3.49154e-05
84 1.38952 3.63581e-05
85 1.38951 3.73842e-05
86 1.38951 3.69657e-05
87 1.38951 3.65426e-05
88 1.38951 3.61389e-05
89 1.38951 3.58252e-05
90 1.38951 3.5567e-05
91 1.38951 3.52951e-05
92 1.38951 3.49327e-05
93 1.38951 3.47511e-05
94 1.38951 3.46976e-05
95 1.38951 3.43793e-05
96 1.38951 3.41273e-05
97 1.38951 3.3785e-05
98 1.38951 3.34889e-05
99 1.38951 3.31658e-05
100 1.38951 3.2864e-05
1 1.41161 0
2 1.41189 0.000276569
3 1.41172 0.000227042
4 1.41185 0.000205799
5 1.41188 0.000161839
6 1.41185 0.000136922
7 1.41188 0.000120044
8 1.41191 0.000109588
9 1.41187 0.000106017
10 1.41185 9.67537e-05
11 1.41184 8.78167e-05
12 1.41182 8.25175e-05
13 1.41184 7.77048e-05
14 1.41181 7.76042e-05
15 1.41181 7.23674e-05
16 1.41178 7.39519e-05
17 1.41177 7.02592e-05
18 1.41179 6.8768e-05
19 1.4118 6.54027e-05
20 1.41177 6.8541e-05
21 1.41177 6.52129e-05
22 1.41179 6.46805e-05
23 1.41178 6.25766e-05
24 1.4118 6.32996e-05
25 1.41179 6.14202e-05
26 1.41178 5.91386e-05
27 1.41179 5.70192e-05
28 1.41179 5.50272e-05
29 1.41178 5.38217e-05
30 1.41179 5.2157e-05
31 1.41178 5.05623e-05
32 1.41178 4.89639e-05
33 1.41177 4.95795e-05
34 1.41177 4.83712e-05
35 1.41177 4.69709e-05
36 1.41177 4.60791e-05
37 1.41176 4.51287e-05
38 1.41176 4.39255e-05
39 1.41176 4.33907e-05
40 1.41177 4.40711e-05
41 1.41177 4.32902e-05
42 1.41177 4.23375e-05
43 1.41176 4.25786e-05
44 1.41176 4.15997e-05
45 1.41177 4.11254e-05
46 1.41176 4.02795e-05
47 1.41176 3.94141e-05
48 1.41177 3.86867e-05
49 1.41176 3.81697e-05
50 1.41176 3.7609e-05
51 1.41176 3.68919e-05
52 1.41176 3.62022e-05
53 1.41176 3.55629e-05
54 1.41176 3.52035e-05
55 1.41176 3.45984e-05
56 1.41176 3.40068e-05
57 1.41175 3.34919e-05
58 1.41175 3.30701e-05
59 1.41176 3.35061e-05
60 1.41174 3.58877e-05
61 1.41175 3.54209e-05
62 1.41175 3.4938e-05
63 1.41175 3.43884e-05
64 1.41175 3.41845e-05
65 1.41175 3.36568e-05
66 1.41175 3.32484e-05
67 1.41176 3.35863e-05
68 1.41175 3.3689e-05
69 1.41175 3.32171e-05
70 1.41175 3.29039e-05
71 1.41176 3.34487e-05
72 1.41176 3.32988e-05
73 1.41176 3.28704e-05
74 1.41176 3.26588e-05
75 1.41176 3.23524e-05
76 1.41176 3.19241e-05
77 1.41177 3.19814e-05
78 1.41177 3.15714e-05
79 1.41177 3.11714e-05
80 1.41177 3.08174e-05
81 1.41177 3.05396e-05
82 1.41177 3.01937e-05
83 1.41177 2.98279e-05
84 1.41177 2.94954e-05
85 1.41178 2.97235e-05
86 1.41177 3.00371e-05
87 1.41178 2.98231e-05
88 1.41177 2.98089e-05
89 1.41177 2.94769e-05
90 1.41177 2.91546e-05
91 1.41177 2.90203e-05
92 1.41177 2.87093e-05
93 1.41177 2.84136e-05
94 1.41177 2.81141e-05
95 1.41176 2.83627e-05
96 1.41177 2.82996e-05
97 1.41177 2.81166e-05
98 1.41177 2.79266e-05
99 1.41177 2.76517e-05
100 1.41177 2.77986e-05
1 1.45894 0
2 1.45872 0.000220127
3 1.45874 0.000129466
4 1.45884 0.000136402
5 1.45886 0.00010768
6 1.45887 8.85901e-05
7 1.4588 0.000104488
8 1.4588 9.05925e-05
9 1.45882 8.05442e-05
10 1.4588 7.30014e-05
11 1.45879 6.70107e-05
12 1.45885 8.17154e-05
13 1.45881 8.24903e-05
14 1.45879 8.00069e-05
15 1.4588 7.53494e-05
16 1.45878 7.23871e-05
17 1.45879 6.85555e-05
18 1.4588 6.5228e-05
19 1.45879 6.28155e-05
20 1.45879 5.97401e-05
21 1.45879 5.69763e-05
22 1.45879 5.43249e-05
23 1.4588 5.26331e-05
24 1.45879 5.14218e-05
25 1.45879 4.93221e-05
26 1.45878 4.86431e-05
27 1.45877 4.69586e-05
28 1.45878 4.53318e-05
29 1.45877 4.38639e-05
30 1.45877 4.28272e-05
31 1.45877 4.14259e-05
32 1.45876 4.08191e-05
33 1.45876 3.98872e-05
34 1.45876 3.86964e-05
35 1.45875 3.95193e-05
36 1.45875 3.86671e-05
37 1.45875 3.77791e-05
38 1.45875 3.71764e-05
39 1.45875 3.62106e-05
40 1.45874 3.54715e-05
41 1.45873 3.54067e-05
42 1.45874 3.52075e-05
43 1.45873 3.56725e-05
44 1.45874 3.67893e-05
45 1.45873 3.97019e-05
46 1.45873 3.93418e-05
47 1.45873 3.87253e-05
48 1.45873 3.79175e-05
49 1.45873 3.71897e-05
50 1.45872 3.70637e-05
51 1.45872 3.64798e-05
52 1.45872 3.57932e-05
53 1.45872 3.51192e-05
54 1.45872 3.47137e-05
55 1.45872 3.41519e-05
56 1.45873 3.40972e-05
57 1.45872 3.38249e-05
58 1.45872 3.325e-05
59 1.45872 3.26957e-05
60 1.45872 3.21491e-05
61 1.45872 3.16437e-05
62 1.45872 3.11292e-05
63 1.45872 3.06423e-05
64 1.45873 3.03326e-05
65 1.45872 2.99285e-05
66 1.45873 2.95078e-05
67 1.45873 2.90665e-05
68 1.45873 2.86372e-05
69 1.45873 2.83141e-05
70 1.45873 2.79452e-05
71 1.45873 2.76039e-05
72 1.45873 2.72241e-05
73 1.45873 2.69702e-05
74 1.45873 2.68983e-05
75 1.45873 2.68104e-05
76 1.45874 2.74721e-05
77 1.45874 2.71212e-05
78 1.45873 2.70519e-05
79 1.45874 2.75794e-05
80 1.45874 2.74052e-05
81 1.45874 2.71795e-05
82 1.45874 2.73401e-05
83 1.45875 2.8179e-05
84 1.45875 2.82643e-05
85 1.45875 2.79299e-05
86 1.45875 2.79693e-05
87 1.45876 2.79328e-05
88 1.45876 2.78119e-05
89 1.45876 2.76513e-05
90 1.45876 2.73496e-05
91 1.45876 2.79302e-05
92 1.45876 2.764e-05
93 1.45876 2.7352e-05
94 1.45876 2.70622e-05
95 1.45876 2.68427e-05
96 1.45877 2.66802e-05
97 1.45877 2.64499e-05
98 1.45877 2.62609e-05
99 1.45877 2.61711e-05
100 1.45877 2.59117e-05
1 1.41989 0
2 1.41988 3.16565e-06
3 1.41991 2.46647e-05
4 1.41996 5.40742e-05
5 1.41988 9.09735e-05
6 1.41987 7.4877e-05
7 1.42002 0.000163872
8 1.4199 0.000183002
9 1.41991 0.000161432
10 1.4199 0.00014495
11 1.41989 0.000131463
12 1.41994 0.00013184
13 1.41991 0.000125327
14 1.41989 0.000117812
15 1.41991 0.000111669
16 1.41991 0.000104482
17 1.4199 9.86475e-05
18 1.41988 9.39304e-05
19 1.41989 8.88942e-05
20 1.41988 8.43969e-05
21 1.41988 8.02821e-05
22 1.41989 7.69958e-05
23 1.41989 7.38627e-05
24 1.41988 7.08993e-05
25 1.41988 6.80054e-05
26 1.41988 6.53568e-05
27 1.41989 6.36172e-05
28 1.41988 6.17037e-05
29 1.41988 5.95531e-05
30 1.41988 5.79592e-05
31 1.41988 5.61266e-05
32 1.41988 5.43659e-05
33 1.41988 5.27053e-05
34 1.41989 5.25871e-05
35 1.41988 5.26299e-05
36 1.41989 5.30119e-05
37 1.41988 5.24576e-05
38 1.41988 5.10609e-05
39 1.4199 5.20592e-05
40 1.4199 5.07434e-05
41 1.4199 4.94917e-05
42 1.4199 4.87404e-05
43 1.41991 4.79518e-05
44 1.41991 4.69168e-05
45 1.41992 4.59335e-05
46 1.41992 4.4957e-05
47 1.41992 4.40556e-05
48 1.41993 4.37777e-05
49 1.41992 4.29513e-05
50 1.41992 4.21932e-05
51 1.41992 4.13811e-05
52 1.41993 4.09578e-05
53 1.41993 4.02451e-05
54 1.41992 3.98924e-05
55 1.41993 3.91622e-05
56 1.41992 3.84608e-05
57 1.41993 3.811e-05
58 1.41993 3.75291e-05
59 1.41993 3.68888e-05
60 1.41993 3.62694e-05
61 1.41993 3.57273e-05
62 1.41993 3.51525e-05
63 1.41993 3.48685e-05
64 1.41993 3.44004e-05
65 1.41993 3.40567e-05
66 1.41993 3.37402e-05
67 1.41992 3.42612e-05
68 1.41992 3.37794e-05
69 1.41993 3.33062e-05
70 1.41991 3.46268e-05
71 1.41992 3.4439e-05
72 1.41992 3.39593e-05
73 1.41992 3.34929e-05
74 1.41992 3.31933e-05
75 1.41992 3.30452e-05
76 1.41992 3.28394e-05
77 1.41992 3.28049e-05
78 1.41992 3.24166e-05
79 1.41992 3.20042e-05
80 1.41992 3.16094e-05
81 1.41992 3.12507e-05
82 1.41992 3.11483e-05
83 1.41993 3.07938e-05
84 1.41992 3.04485e-05
85 1.41992 3.00883e-05
86 1.41992 2.97603e-05
87 1.41993 2.96283e-05
88 1.41993 2.94798e-05
89 1.41993 2.93466e-05
90 1.41993 2.90478e-05
91 1.41993 2.87578e-05
92 1.41993 2.84487e-05
93 1.41993 2.81577e-05
94 1.41992 2.82717e-05
95 1.41992 2.80484e-05
96 1.41992 2.77773e-05
97 1.41992 2.76314e-05
98 1.41992 2.74139e-05
99 1.41992 2.73518e-05
100 1.41991 2.74476e-05
1 1.44614 0
2 1.44625 0.000111936
3 1.4462 8.0865e-05
4 1.44623 6.36947e-05
5 1.44617 7.78238e-05
6 1.44616 6.37356e-05
7 1.44617 5.43996e-05
8 1.44619 5.252e-05
9 1.44617 5.34418e-05
10 1.44617 4.85517e-05
11 1.44619 4.70481e-05
12 1.44617 4.77057e-05
13 1.44618 4.42184e-05
14 1.44618 4.1303e-05
15 1.44617 3.94171e-05
16 1.44617 3.68866e-05
17 1.44616 3.60966e-05
18 1.44618 3.82645e-05
19 1.44618 3.6646e-05
20 1.44621 4.08761e-05
21 1.44617 5.34495e-05
22 1.44619 5.35796e-05
23 1.44621 5.5981e-05
24 1.4462 5.3868e-05
25 1.44622 5.30935e-05
26 1.44622 5.10126e-05
27 1.44623 5.05778e-05
28 1.44624 4.94535e-05
29 1.44625 5.003e-05
30 1.44625 4.83339e-05
31 1.44625 4.67829e-05
32 1.44625 4.55467e-05
33 1.44626 4.44442e-05
34 1.44627 4.35336e-05
35 1.44627 4.27506e-05
36 1.44628 4.18507e-05
37 1.44627 4.16169e-05
38 1.44627 4.0507e-05
39 1.44627 3.98288e-05
40 1.44627 3.88215e-05
41 1.44628 3.92596e-05
42 1.44629 3.84897e-05
43 1.44628 3.81123e-05
44 1.44629 3.76083e-05
45 1.44628 3.70048e-05
46 1.44629 3.67771e-05
47 1.44629 3.60978e-05
48 1.44629 3.53498e-05
49 1.4463 3.51976e-05
50 1.4463 3.45709e-05
51 1.44631 3.48093e-05
52 1.4463 3.59715e-05
53 1.4463 3.53193e-05
54 1.4463 3.46657e-05
55 1.4463 3.40296e-05
56 1.4463 3.34252e-05
57 1.44629 3.31259e-05
58 1.44629 3.25498e-05
59 1.44628 3.29173e-05
60 1.44629 3.23645e-05
61 1.44628 3.18336e-05
62 1.44628 3.14783e-05
63 1.44628 3.10111e-05
64 1.44627 3.25554e-05
65 1.44627 3.20662e-05
66 1.44627 3.1584e-05
67 1.44627 3.11664e-05
68 1.44627 3.07072e-05
69 1.44627 3.06532e-05
70 1.44627 3.02895e-05
71 1.44627 2.99103e-05
72 1.44627 2.94928e-05
73 1.44627 2.92115e-05
74 1.44627 2.89584e-05
75 1.44627 2.86124e-05
76 1.44627 2.82768e-05
77 1.44627 2.82586e-05
78 1.44628 2.83803e-05
79 1.44627 2.88228e-05
80 1.44627 2.85456e-05
81 1.44627 2.83443e-05
82 1.44627 2.8242e-05
83 1.44627 2.79174e-05
84 1.44627 2.77298e-05
85 1.44627 2.74314e-05
86 1.44627 2.71106e-05
87 1.44627 2.67973e-05
88 1.44627 2.65856e-05
89 1.44627 2.65167e-05
90 1.44627 2.62338e-05
91 1.44627 2.61619e-05
92 1.44626 2.60144e-05
93 1.44626 2.57573e-05
94 1.44627 2.59213e-05
95 1.44626 2.59465e-05
96 1.44626 2.58266e-05
97 1.44626 2.55845e-05
98 1.44626 2.53319e-05
99 1.44626 2.51732e-05
100 1.44626 2.49271e-05
1 1.43643 0
2 1.43648 4.44347e-05
3 1.43632 0.000156808
4 1.43631 0.000111133
5 1.43634 8.89915e-05
6 1.43631 7.69103e-05
7 1.43631 6.50724e-05
8 1.43635 6.76099e-05
9 1.4363 7.62963e-05
10 1.43628 6.96462e-05
11 1.43629 6.30445e-05
12 1.43629 5.76099e-05
13 1.43626 5.91303e-05
14 1.43626 5.48394e-05
15 1.43628 5.43244e-05
16 1.43629 5.13207e-05
17 1.43629 4.84906e-05
18 1.43627 5.15498e-05
19 1.43626 4.90178e-05
20 1.43627 4.71239e-05
21 1.43627 4.4826e-05
22 1.43627 4.2836e-05
23 1.43628 4.13486e-05
24 1.43627 4.034e-05
25 1.43625 4.5438e-05
26 1.43624 4.40849e-05
27 1.43625 4.44559e-05
28 1.43624 4.62212e-05
29 1.43624 4.48365e-05
30 1.43624 4.33201e-05
31 1.43623 4.38537e-05
32 1.43623 4.28102e-05
33 1.43623 4.15511e-05
34 1.43623 4.06347e-05
35 1.43624 4.29726e-05
36 1.43624 4.21756e-05
37 1.43623 4.23233e-05
38 1.43624 4.43323e-05
39 1.43624 4.34711e-05
40 1.43623 4.26965e-05
41 1.43623 4.16637e-05
42 1.43623 4.06601e-05
43 1.43623 3.97728e-05
44 1.43623 3.8956e-05
45 1.43624 3.9376e-05
46 1.43623 3.98757e-05
47 1.43623 3.90239e-05
48 1.43623 3.8206e-05
49 1.43624 4.0419e-05
50 1.43623 4.08807e-05
51 1.43623 4.03847e-05
52 1.43623 3.96057e-05
53 1.43623 3.89907e-05
54 1.43623 3.84073e-05
55 1.43623 3.77224e-05
56 1.43624 3.75631e-05
57 1.43624 3.69121e-05
58 1.43624 3.63351e-05
59 1.43624 3.58114e-05
60 1.43623 3.54955e-05
61 1.43624 3.49404e-05
62 1.43624 3.45712e-05
63 1.43624 3.40634e-05
64 1.43623 3.43595e-05
65 1.43623 3.38997e-05
66 1.43623 3.33909e-05
67 1.43624 3.30006e-05
68 1.43623 3.28129e-05
69 1.43624 3.26238e-05
70 1.43624 3.21664e-05
71 1.43623 3.17614e-05
72 1.43624 3.17992e-05
73 1.43624 3.14701e-05
74 1.43624 3.13406e-05
75 1.43624 3.09273e-05
76 1.43625 3.13093e-05
77 1.43624 3.09655e-05
78 1.43624 3.07851e-05
79 1.43624 3.04209e-05
80 1.43624 3.00914e-05
81 1.43624 2.97368e-05
82 1.43624 2.94228e-05
83 1.43624 2.90662e-05
84 1.43624 2.87215e-05
85 1.43624 2.84124e-05
86 1.43624 2.80872e-05
87 1.43625 2.78872e-05
88 1.43625 2.75811e-05
89 1.43624 2.72698e-05
90 1.43625 2.74656e-05
91 1.43625 2.71737e-05
92 1.43625 2.69176e-05
93 1.43625 2.67003e-05
94 1.43625 2.64672e-05
95 1.43625 2.61875e-05
96 1.43625 2.59133e-05
97 1.43625 2.56448e-05
98 1.43625 2.56361e-05
99 1.43625 2.54324e-05
100 1.43625 2.54109e-05
1 1.43603 0
2 1.43613 0.000104534
3 1.43614 6.05282e-05
4 1.43613 4.32803e-05
5 1.43627 0.000146266
6 1.43622 0.000130458
7 1.43618 0.000117735
8 1.4362 0.000103381
9 1.43626 0.000111566
10 1.43622 0.000109104
11 1.43624 0.000101926
12 1.43624 9.30638e-05
13 1.43627 8.81387e-05
14 1.43625 8.3531e-05
15 1.43626 7.82295e-05
16 1.43626 7.31772e-05
17 1.43627 6.94871e-05
18 1.43627 6.55716e-05
19 1.43631 7.29073e-05
20 1.43628 7.33834e-05
21 1.43629 6.99319e-05
22 1.43628 6.6758e-05
23 1.43629 6.47637e-05
24 1.43629 6.20258e-05
25 1.43629 5.98583e-05
26 1.43628 5.76394e-05
27 1.43629 5.554e-05
28 1.43629 5.36409e-05
29 1.43628 5.22015e-05
30 1.43628 5.07029e-05
31 1.43628 4.95872e-05
32 1.4363 4.98927e-05
33 1.43629 4.89704e-05
34 1.43628 4.7928e-05
35 1.43629 4.74649e-05
36 1.43629 4.67902e-05
37 1.43629 4.56155e-05
38 1.43629 4.45214e-05
39 1.43628 4.34537e-05
40 1.43629 4.29105e-05
41 1.43629 4.20946e-05
42 1.43629 4.11969e-05
43 1.43628 4.08947e-05
44 1.43629 4.06118e-05
45 1.43629 4.00112e-05
46 1.43629 3.96164e-05
47 1.43629 3.87746e-05
48 1.43629 3.79902e-05
49 1.43629 3.74539e-05
50 1.43628 3.69911e-05
51 1.43628 3.63814e-05
52 1.43627 3.75138e-05
53 1.43627 3.68055e-05
54 1.43626 3.70132e-05
55 1.43626 3.65771e-05
56 1.43626 3.59836e-05
57 1.43625 3.57328e-05
58 1.43625 3.51745e-05
59 1.43625 3.46397e-05
60 1.43624 3.4743e-05
61 1.43624 3.42159e-05
62 1.43624 3.40362e-05
63 1.43623 3.43776e-05
64 1.43623 3.39173e-05
65 1.43623 3.34396e-05
66 1.43623 3.33007e-05
67 1.43623 3.28242e-05
68 1.43622 3.27915e-05
69 1.43622 3.24786e-05
70 1.43622 3.26e-05
71 1.43621 3.27292e-05
72 1.43621 3.2385e-05
73 1.4362 3.23109e-05
74 1.43621 3.20325e-05
75 1.43621 3.18602e-05
76 1.43621 3.19244e-05
77 1.4362 3.15611e-05
78 1.43621 3.13134e-05
79 1.43621 3.09209e-05
80 1.4362 3.06005e-05
81 1.4362 3.02223e-05
82 1.4362 2.98573e-05
83 1.43621 2.96275e-05
84 1.4362 2.97096e-05
85 1.4362 2.94199e-05
86 1.4362 2.90779e-05
87 1.4362 2.90114e-05
88 1.4362 2.86891e-05
89 1.43619 2.85239e-05
90 1.43619 2.82088e-05
91 1.43619 2.78987e-05
92 1.4362 2.76739e-05
93 1.43619 2.75205e-05
94 1.4362 2.7265e-05
95 1.4362 2.7162e-05
96 1.4362 2.69264e-05
97 1.4362 2.66782e-05
98 1.4362 2.64617e-05
99 1.4362 2.6261e-05
100 1.4362 2.60372e-05
1 1.31494 0
2 1.31472 0.000221522
3 1.31472 0.000127931
4 1.3148 0.000121208
5 1.31475 0.000105692
6 1.31473 8.92232e-05
7 1.31478 9.19361e-05
8 1.31476 8.1418e-05
9 1.31482 9.08829e-05
10 1.31479 8.54026e-05
11 1.31477 7.94656e-05
12 1.31484 9.70591e-05
13 1.31482 9.106e-05
14 1.31482 8.43945e-05
15 1.31484 8.09039e-05
16 1.31484 7.5687e-05
17 1.31486 7.2958e-05
18 1.31485 6.96633e-05
19 1.31486 6.66083e-05
20 1.31486 6.35352e-05
21 1.31488 6.15261e-05
22 1.31487 5.92516e-05
23 1.31486 5.67554e-05
24 1.31487 5.44144e-05
25 1.31486 5.26596e-05
26 1.31486 5.06793e-05
27 1.31484 5.0916e-05
28 1.31485 4.96551e-05
29 1.31484 4.87789e-05
30 1.31485 4.75398e-05
31 1.31483 4.83763e-05
32 1.31483 4.68556e-05
33 1.31484 4.61193e-05
34 1.31486 4.76071e-05
35 1.31484 4.80104e-05
36 1.31484 4.67078e-05
37 1.31485 4.57525e-05
38 1.31485 4.45944e-05
39 1.31486 4.46078e-05
40 1.31485 4.5016e-05
41 1.31485 4.39068e-05
42 1.31485 4.29364e-05
43 1.31485 4.21255e-05
44 1.31485 4.2114e-05
45 1.31485 4.11825e-05
46 1.31484 4.07885e-05
47 1.31484 3.99213e-05
48 1.31484 3.91628e-05
49 1.31483 3.85871e-05
50 1.31483 3.78123e-05
51 1.31484 3.79417e-05
52 1.31483 3.92404e-05
53 1.31483 3.85299e-05
54 1.31483 3.78296e-05
55 1.31482 3.72343e-05
56 1.31482 3.65692e-05
57 1.31482 3.60397e-05
58 1.31482 3.55251e-05
59 1.31482 3.49222e-05
60 1.31481 3.46229e-05
61 1.31481 3.40562e-05
62 1.31482 3.35572e-05
63 1.31481 3.35204e-05
64 1.3148 3.34948e-05
65 1.3148 3.30816e-05
66 1.3148 3.26467e-05
67 1.3148 3.21939e-05
68 1.3148 3.21567e-05
69 1.3148 3.16952e-05
70 1.31479 3.13996e-05
71 1.31479 3.0955e-05
72 1.3148 3.11038e-05
73 1.31479 3.17912e-05
74 1.3148 3.15373e-05
75 1.31479 3.11613e-05
76 1.31479 3.075e-05
77 1.3148 3.06261e-05
78 1.31479 3.03592e-05
79 1.3148 3.01085e-05
80 1.3148 2.97344e-05
81 1.3148 2.93866e-05
82 1.3148 2.90556e-05
83 1.3148 2.87089e-05
84 1.3148 2.83758e-05
85 1.3148 2.80563e-05
86 1.3148 2.81313e-05
87 1.3148 2.80012e-05
88 1.3148 2.77726e-05
89 1.3148 2.74588e-05
90 1.3148 2.71521e-05
91 1.31479 2.69516e-05
92 1.3148 2.71499e-05
93 1.31479 2.73616e-05
94 1.31479 2.70742e-05
95 1.31479 2.68127e-05
96 1.3148 2.67473e-05
97 1.31479 2.64935e-05
98 1.31479 2.65747e-05
99 1.31479 2.63323e-05
100 1.31479 2.62291e-05
1 1.39751 0
2 1.39746 4.82502e-05
3 1.39739 7.98265e-05
4 1.39737 5.90811e-05
5 1.39743 7.49468e-05
6 1.39741 6.3736e-05
7 1.39743 5.59386e-05
8 1.39747 6.44659e-05
9 1.39751 6.91047e-05
10 1.39748 6.91064e-05
11 1.39748 6.25328e-05
12 1.3975 6.31568e-05
13 1.3975 5.81952e-05
14 1.3975 5.39969e-05
15 1.39752 5.21854e-05
16 1.39753 5.0804e-05
17 1.39751 5.0823e-05
18 1.39755 5.70253e-05
19 1.39755 5.40419e-05
20 1.39753 5.49192e-05
21 1.39755 5.74856e-05
22 1.39754 5.63909e-05
23 1.39756 5.88343e-05
24 1.39755 5.82372e-05
25 1.39755 5.58597e-05
26 1.39755 5.36781e-05
27 1.39755 5.16923e-05
28 1.39755 4.98181e-05
29 1.39754 4.83317e-05
30 1.39754 4.66929e-05
31 1.39754 4.56722e-05
32 1.39752 4.61637e-05
33 1.39752 4.47681e-05
34 1.39753 4.34802e-05
35 1.39752 4.23993e-05
36 1.39752 4.14071e-05
37 1.39752 4.06719e-05
38 1.39753 4.03197e-05
39 1.39753 3.92737e-05
40 1.39752 3.88461e-05
41 1.39752 3.87481e-05
42 1.39753 3.89181e-05
43 1.39753 3.90931e-05
44 1.39754 3.8267e-05
45 1.39755 3.8548e-05
46 1.39754 3.89896e-05
47 1.39754 3.89291e-05
48 1.39755 3.82323e-05
49 1.39755 3.77138e-05
50 1.39756 3.80997e-05
51 1.39756 3.73621e-05
52 1.39756 3.68387e-05
53 1.39756 3.61395e-05
54 1.39756 3.55604e-05
55 1.39756 3.53392e-05
56 1.39756 3.47176e-05
57 1.39756 3.41649e-05
58 1.39756 3.36829e-05
59 1.39757 3.31681e-05
60 1.39756 3.39314e-05
61 1.39756 3.3497e-05
62 1.39756 3.29602e-05
63 1.39756 3.28165e-05
64 1.39756 3.22997e-05
65 1.39755 3.18545e-05
66 1.39755 3.14548e-05
67 1.39756 3.15714e-05
68 1.39755 3.18842e-05
69 1.39756 3.24322e-05
70 1.39755 3.34918e-05
71 1.39755 3.30633e-05
72 1.39755 3.26009e-05
73 1.39755 3.21763e-05
74 1.39755 3.19079e-05
75 1.39755 3.14948e-05
76 1.39755 3.10813e-05
77 1.39755 3.06913e-05
78 1.39755 3.0392e-05
79 1.39755 3.00055e-05
80 1.39756 3.00793e-05
81 1.39756 2.97063e-05
82 1.39756 2.93514e-05
83 1.39755 2.90296e-05
84 1.39756 2.8742e-05
85 1.39756 2.84032e-05
86 1.39756 2.80734e-05
87 1.39756 2.77801e-05
88 1.39756 2.74672e-05
89 1.39756 2.71638e-05
90 1.39756 2.697e-05
91 1.39755 2.68254e-05
92 1.39756 2.68899e-05
93 1.39756 2.66904e-05
94 1.39755 2.65237e-05
95 1.39755 2.6293e-05
96 1.39756 2.65078e-05
97 1.39756 2.62398e-05
98 1.39755 2.59937e-05
99 1.39756 2.58018e-05
100 1.39756 2.55517e-05
1 1.46506 0
2 1.46514 8.72547e-05
3 1.46526 0.000128141
4 1.46514 0.00014989
5 1.46511 0.000120855
6 1.46515 0.000108319
7 1.46519 9.88135e-05
8 1.46514 0.000100026
9 1.4651 9.45206e-05
10 1.46511 8.45859e-05
11 1.46513 7.9034e-05
12 1.46513 7.24932e-05
13 1.46513 6.72047e-05
14 1.4651 6.61482e-05
15 1.46512 6.29989e-05
16 1.46513 6.07297e-05
17 1.46509 7.02623e-05
18 1.46508 6.67376e-05
19 1.4651 6.59658e-05
20 1.46508 6.57645e-05
21 1.46507 6.29802e-05
22 1.46507 6.00493e-05
23 1.46509 5.95258e-05
24 1.46507 5.94378e-05
25 1.46507 5.73605e-05
26 1.46507 5.5709e-05
27 1.46508 5.38373e-05
28 1.46507 5.3787e-05
29 1.46507 5.19623e-05
30 1.46507 5.03052e-05
31 1.46507 4.88017e-05
32 1.46507 4.72934e-05
33 1.46507 4.62968e-05
34 1.46508 4.59688e-05
35 1.46507 4.5366e-05
36 1.46506 4.53959e-05
37 1.46506 4.42459e-05
38 1.46506 4.30956e-05
39 1.46506 4.20159e-05
40 1.46507 4.24282e-05
41 1.46508 4.19346e-05
42 1.46507 4.31623e-05
43 1.46507 4.24124e-05
44 1.46507 4.15065e-05
45 1.46508 4.12549e-05
46 1.46508 4.03483e-05
47 1.46507 3.97479e-05
48 1.46507 3.89293e-05
49 1.46508 3.81545e-05
50 1.46508 3.73854e-05
51 1.46508 3.68258e-05
52 1.46508 3.61137e-05
53 1.46508 3.54261e-05
54 1.46508 3.47774e-05
55 1.46508 3.41979e-05
56 1.46508 3.38288e-05
57 1.46508 3.32304e-05
58 1.46508 3.28503e-05
59 1.46509 3.23638e-05
60 1.46509 3.1905e-05
61 1.46509 3.1414e-05
62 1.46509 3.17849e-05
63 1.46509 3.14598e-05
64 1.46509 3.0988e-05
65 1.46509 3.06017e-05
66 1.4651 3.03805e-05
67 1.4651 2.99246e-05
68 1.4651 2.96195e-05
69 1.4651 2.92785e-05
70 1.4651 2.90549e-05
71 1.4651 2.87772e-05
72 1.4651 2.83948e-05
73 1.46511 2.81552e-05
74 1.46511 2.78876e-05
75 1.46511 2.75583e-05
76 1.46511 2.72857e-05
77 1.46511 2.72202e-05
78 1.46511 2.71923e-05
79 1.46511 2.6846e-05
80 1.46511 2.663e-05
81 1.46511 2.63068e-05
82 1.46511 2.60041e-05
83 1.46511 2.56965e-05
84 1.46511 2.54926e-05
85 1.46512 2.59589e-05
86 1.46511 2.67178e-05
87 1.46511 2.65959e-05
88 1.46511 2.62997e-05
89 1.46512 2.60879e-05
90 1.46511 2.58275e-05
91 1.46511 2.55515e-05
92 1.46512 2.52761e-05
93 1.46512 2.50193e-05
94 1.46512 2.47738e-05
95 1.46511 2.47419e-05
96 1.46511 2.44836e-05
97 1.46511 2.43132e-05
98 1.46511 2.42517e-05
99 1.46511 2.45983e-05
100 1.46511 2.43607e-05
