0.496447   0.490172   0.496286
-0.331486   -0.34887   -0.485553
-0.480752   -0.330599   -0.320057
-0.351516   0.499952   -0.330672
-0.183388   -0.495705   0.49809
-0.00323551   -0.341636   0.491304
-0.159317   -0.323276   -0.332591
0.0117279   0.485203   -0.344503
0.158616   0.492415   -0.492544
0.337545   -0.32569   0.49481
0.170841   -0.333391   -0.336017
0.339934   -0.491775   -0.342183
-0.497617   -0.170551   0.492043
-0.325756   0.00483485   -0.482142
0.485479   -0.0132309   -0.31666
-0.329433   -0.149984   -0.327438
-0.169036   -0.174314   0.487372
-0.0169881   0.000725747   -0.473099
-0.16269   -0.0119006   -0.31331
0.0209873   -0.162919   -0.326276
0.154891   -0.159008   -0.488437
0.356759   0.000315444   -0.489991
0.175211   0.00732857   -0.346436
0.329844   -0.154681   -0.333403
-0.495636   0.165718   -0.486617
-0.349496   0.3288   -0.495812
0.491806   0.335834   -0.343163
-0.334014   0.18614   -0.339451
-0.169446   0.151459   -0.492006
-0.015218   0.324048   -0.488341
-0.168326   0.342611   -0.341447
-0.00799236   0.161199   -0.323494
0.148931   0.17727   -0.491245
0.323792   0.315616   0.487842
0.17946   0.325857   -0.340185
0.330228   0.1649   -0.332679
0.497426   -0.487702   -0.17771
-0.325219   -0.321938   -0.183096
-0.47951   -0.345049   -0.00883623
-0.326182   -0.484728   -0.0050668
-0.156183   -0.48536   -0.168775
0.014583   -0.336322   -0.199022
-0.160484   -0.322874   -0.0281928
-0.00196732   0.495761   -0.0048376
0.170384   -0.495998   -0.176186
0.322046   -0.332059   -0.176298
0.160301   -0.327497   0.00771519
0.324142   -0.482661   0.00641949
-0.495869   -0.15905   -0.17584
-0.331625   0.0124156   -0.174154
0.497055   0.00651078   0.0165185
-0.332373   -0.154924   0.0120267
-0.16067   -0.175855   -0.185294
0.0071125   0.000931591   -0.164969
-0.177145   0.00543442   -0.00607061
0.00797863   -0.176616   -0.0176038
0.17494   -0.151226   -0.166566
0.336212   -0.00182958   -0.140666
0.157125   -0.00440268   0.00719931
0.328511   -0.164735   0.0125636
0.490902   0.173386   -0.172968
-0.329844   0.347584   -0.162497
-0.498042   0.341149   -0.0105619
-0.342738   0.171552   -0.00907741
-0.168709   0.178201   -0.171438
0.00762368   0.313823   -0.155782
-0.15445   0.339486   -0.0185748
-0.0198623   0.163547   -0.000970718
0.178834   0.16371   -0.161769
0.339291   0.356121   -0.178985
0.183988   0.314298   -0.00767684
0.32221   0.168926   0.00102056
-0.495284   0.497355   0.17596
-0.323726   -0.339954   0.164654
-0.497224   -0.365579   0.334402
-0.32902   0.486642   0.329606
-0.166706   0.487381   0.162902
0.00330048   -0.317318   0.153337
-0.178103   -0.333497   0.339337
-0.0149758   0.497215   0.324457
0.178036   0.484469   0.170343
0.351884   -0.35394   0.186171
0.163072   -0.352375   0.335421
0.335331   0.490324   0.342053
-0.490948   -0.180408   0.171855
-0.341821   -0.0183039   0.176328
0.492721   0.0190602   0.336997
-0.346299   -0.166302   0.333832
-0.164121   -0.158301   0.172982
-0.000258196   0.000157508   0.159218
-0.181436   -0.0123883   0.33831
-0.00407989   -0.169039   0.338386
0.152777   -0.16628   0.186789
0.330071   -0.0132501   0.170848
0.162749   0.0135545   0.323933
0.328659   -0.148134   0.341008
-0.494595   0.168858   0.168656
-0.320075   0.335864   0.140379
-0.496878   0.32085   0.340452
-0.328803   0.172517   0.343068
-0.164579   0.177277   0.151758
0.00260445   0.333914   0.158252
-0.165773   0.320502   0.351017
0.0041354   0.176672   0.318802
0.168357   0.169867   0.161414
0.345673   0.329094   0.175293
0.137689   0.338955   0.340178
0.326703   0.159666   0.335641
