0.0735814   -0.455457   -0.08146
-0.00730075   -0.267847   -0.11344
0.478177   0.343271   -0.345662
0.0883181   0.481326   0.296524
0.381264   0.102145   0.148216
0.248992   -0.4138   0.155086
0.411139   -0.162733   0.0279063
-0.421955   -0.267513   0.234499
-0.234647   0.440421   -0.173298
0.0874324   0.104715   -0.0526029
-0.197408   0.105462   -0.364851
-0.201301   -0.412342   0.170168
-0.20903   0.0680168   0.0387818
-0.131545   0.0867874   0.284542
-0.0889049   0.118893   -0.220517
0.201289   0.418164   0.487815
-0.424316   0.0849607   -0.0747506
-0.434301   0.0760039   -0.227921
0.328268   0.444374   -0.372708
0.197215   0.489425   0.165316
0.251558   0.216448   0.0951961
0.285594   0.352805   -0.408178
-0.473048   0.421416   -0.483743
-0.00456537   -0.335402   0.112283
-0.276617   0.158539   0.375217
0.072694   0.189475   0.426599
0.437363   0.262873   0.350225
-0.162542   0.00209141   -0.366865
0.149485   0.461946   -0.0389952
0.314379   -0.336979   -0.0217582
0.131672   -0.111668   0.121623
0.208222   -0.00148249   -0.419568
-0.301183   0.0203437   -0.334606
0.165943   0.191265   -0.0512657
-0.104284   0.33396   -0.221837
-0.386342   -0.322192   -0.4521
0.489505   -0.111446   0.173644
0.441525   -0.452955   0.00113416
0.373567   -0.247944   -0.350531
-0.418154   -0.0756712   -0.425644
0.0486954   -0.0222168   -0.16508
0.0300347   -0.0292096   0.333896
-0.228608   -0.33562   0.156791
0.455773   -0.0248241   0.105786
0.445348   -0.0134735   -0.052212
-0.111451   -0.392832   -0.363537
0.373339   0.144095   0.0294474
-0.166036   0.192725   -0.463979
-0.356916   0.292464   -0.343531
-0.0120435   0.380519   -0.287688
0.184313   -0.170181   -0.0927673
-0.0794797   0.120816   -0.339637
0.1737   0.0911675   -0.183984
-0.0738935   -0.310417   0.17739
-0.440377   0.120252   -0.158435
-0.172404   0.00831092   0.454363
0.200886   -0.469559   -0.453904
-0.34195   0.252052   -0.429104
0.134898   -0.482742   -0.113345
0.0277051   -0.482569   -0.317379
0.239503   -0.120834   -0.217169
0.248098   0.321209   0.112208
0.134952   -0.0567945   -0.306837
-0.0595433   -0.397086   0.158828
-0.259723   -0.287226   0.241471
-0.287705   -0.402511   0.286928
0.427127   -0.14144   -0.0622804
-0.413915   0.00916224   -0.0370491
-0.225416   0.45138   -0.333542
-0.317089   -0.181597   0.491176
-0.248576   0.428753   -0.0837833
0.189727   -0.464985   0.00602987
-0.00528342   0.111098   -0.384059
-0.42627   0.273251   -0.416416
0.40634   0.0195932   0.0306009
-0.0180358   0.0936705   -0.177132
-0.292142   0.352522   -0.462066
0.246232   -0.152948   0.421037
-0.223577   -0.0683259   0.319379
-0.237427   -0.460827   -0.109894
-0.127679   0.486601   0.384372
0.00763503   0.164663   -0.0188476
0.410805   -0.381636   -0.0640581
-0.284117   -0.0383981   0.243299
0.228515   -0.000258435   0.315633
-0.106817   -0.44555   0.462301
0.492007   -0.115509   0.0299808
0.011474   -0.388514   0.228642
-0.0623859   0.374369   -0.352986
-0.205241   0.267129   -0.440739
-0.312401   0.436506   -0.439968
0.15872   0.498772   0.41947
0.0642778   -0.447231   0.327554
-0.141189   -0.359514   0.203791
0.318483   0.208655   0.250868
0.260422   0.453343   0.258027
0.291512   -0.147055   -0.00684904
-0.187073   -0.297318   -0.182686
0.107262   -0.173843   -0.0806316
0.416553   -0.300365   0.0315174
0.127352   0.247085   -0.475332
0.378693   -0.0324561   0.403844
-0.0673924   -0.227282   -0.202014
0.167045   -0.195655   -0.175171
-0.253778   0.0717111   0.31427
-0.0607209   -0.369764   0.281854
-0.148342   0.144155   -0.310699
0.207827   0.372828   -0.438417
