-7.83786
-7.79583
-7.72041
-7.62014
-7.50891
-7.38591
-7.25912
-7.13689
-7.02616
-6.93578
-6.87485
-6.84552
-6.84385
-6.86601
-6.90628
-6.95597
-7.00789
-7.05364
-7.0916
-7.1213
-7.14101
-7.14713
-7.14536
-7.13706
-7.12725
-7.11655
-7.10815
-7.10814
-7.11035
-7.12247
-7.14092
-7.16166
-7.18481
-7.20913
-7.23331
-7.25451
-7.27298
-7.291
-7.30234
-7.30956
-7.3157
-7.31857
-7.31715
-7.30921
-7.29713
-7.28356
-7.26342
-7.24243
-7.21757
-7.19446
-7.17111
-7.14913
-7.13255
-7.11915
-7.11273
-7.11296
-7.11928
-7.12819
-7.14076
-7.15595
-7.16915
-7.1814
-7.19241
-7.20192
-7.20938
-7.21153
-7.21341
-7.21341
-7.21012
-7.20706
-7.20275
-7.19804
-7.1963
-7.1987
-7.20095
-7.20471
-7.2094
-7.21719
-7.22594
-7.2327
-7.23928
-7.24616
-7.25135
-7.25442
-7.25398
-7.25056
-7.24724
-7.24103
-7.23376
-7.22527
-7.21941
-7.21295
-7.20259
-7.19611
-7.18954
-7.17861
-7.16801
-7.15357
-7.14153
-7.12948
-7.11727
-7.1071
-7.10207
-7.10062
-7.1032
-7.11164
-7.12255
-7.13468
-7.15091
-7.16666
-7.18314
-7.20294
-7.22432
-7.24218
-7.26077
-7.27854
-7.29261
-7.30135
-7.30317
-7.30237
-7.29659
-7.28574
-7.27197
-7.25658
-7.239
-7.22228
-7.20665
-7.19426
-7.18322
-7.17237
-7.16835
-7.16606
-7.16663
-7.1674
-7.16824
-7.17069
-7.17129
-7.1694
-7.16722
-7.1656
-7.16498
-7.16623
-7.16673
-7.16374
-7.16601
-7.16874
-7.17319
-7.17936
-7.18504
-7.19245
-7.19614
-7.19774
-7.19325
-7.18782
-7.18181
-7.17191
-7.16037
-7.15328
-7.14468
-7.14113
-7.14139
-7.14542
-7.15237
-7.16884
-7.18673
-7.20512
-7.22943
-7.24894
-7.26779
-7.28729
-7.29933
-7.30729
-7.30796
-7.30216
-7.29147
-7.27777
-7.26257
-7.24643
-7.22696
-7.20873
-7.19251
-7.17696
-7.16343
-7.15281
-7.14649
-7.14118
-7.13922
-7.13828
-7.13874
-7.14108
-7.14276
-7.14263
-7.14274
-7.14014
-7.13442
-7.13248
-7.1289
-7.12863
-7.13199
-7.14119
-7.15538
-7.177
-7.20232
-7.2299
-7.2573
-7.28418
-7.30615
-7.32828
-7.34312
-7.35204
-7.35388
-7.35094
-7.34179
-7.32833
-7.30872
-7.2872
-7.26305
-7.23423
-7.20503
-7.17572
-7.14911
-7.12667
-7.10454
-7.08742
-7.07516
-7.06825
-7.0641
-7.06734
-7.07581
-7.0889
-7.10548
-7.12273
-7.14238
-7.16297
-7.18432
-7.20397
-7.22261
-7.23895
-7.25077
-7.25835
-7.26259
-7.26353
-7.25736
-7.24834
-7.23619
-7.22374
-7.20829
-7.1954
-7.18434
-7.17474
-7.1718
-7.16907
-7.16892
-7.17118
-7.17677
-7.18102
-7.18515
-7.18755
-7.19038
-7.19221
-7.19496
-7.19594
-7.19308
-7.19353
-7.19833
-7.20123
-7.20798
-7.21364
-7.21837
-7.22121
-7.22
-7.22171
-7.22059
-7.22101
-7.22181
-7.22385
-7.22859
-7.23548
-7.24263
-7.25025
-7.25515
-7.26124
-7.26425
-7.2606
-7.25488
-7.24378
-7.2236
-7.19986
-7.173
-7.14573
-7.12334
-7.10705
-7.09854
-7.09892
-7.10722
-7.1207
-7.13777
-7.15593
-7.17774
-7.19581
-7.21263
-7.22587
-7.23263
-7.23845
-7.23542
-7.23016
-7.22443
-7.21236
-7.2005
-7.18812
-7.17608
-7.16902
-7.16176
-7.15679
-7.1562
-7.15668
-7.16235
-7.17085
-7.1826
-7.19351
-7.2043
-7.21317
-7.21668
-7.22153
-7.22316
-7.22085
-7.21707
-7.21144
-7.20496
-7.1976
-7.19099
-7.18684
-7.18637
-7.18534
-7.18696
-7.18752
-7.18931
-7.19261
-7.19589
-7.19692
-7.19617
-7.19946
-7.19976
-7.20234
-7.20584
-7.20962
-7.2157
-7.22295
-7.2278
-7.23205
-7.2318
-7.23437
-7.23243
-7.22803
-7.21927
-7.20898
-7.20013
-7.18995
-7.17824
-7.16741
-7.16122
-7.15632
-7.15585
-7.15512
-7.15901
-7.15909
-7.15908
-7.16192
-7.16195
-7.16208
-7.16275
-7.16197
-7.16305
-7.16354
-7.16498
-7.16886
-7.17351
-7.1854
-7.19547
-7.2064
-7.21759
-7.22944
-7.23948
-7.24913
-7.25657
-7.26291
-7.26414
-7.26694
-7.26363
-7.25748
-7.24754
-7.23735
-7.22516
-7.21155
-7.20095
-7.1886
-7.17964
-7.17256
-7.16819
-7.16581
-7.16675
-7.1663
-7.16766
-7.16985
-7.1709
-7.16932
-7.16959
-7.16468
-7.15964
-7.15417
-7.14792
-7.13981
-7.13159
-7.12367
-7.11755
-7.116
-7.11643
-7.12448
-7.13621
-7.1523
-7.1717
-7.19625
-7.21475
-7.23551
-7.25086
-7.26612
-7.27522
-7.28076
-7.28245
-7.27857
-7.27186
-7.26231
-7.25234
-7.24055
-7.23077
-7.21581
-7.2046
-7.19847
-7.19303
-7.18714
-7.18899
-7.19107
-7.19551
-7.19728
-7.20266
-7.20712
-7.21295
-7.21456
-7.21846
-7.21796
-7.21343
-7.2068
-7.19832
-7.18755
-7.17457
-7.16124
-7.14949
-7.13989
-7.13228
-7.12788
-7.12535
-7.12843
-7.13244
-7.13962
-7.14596
-7.15242
-7.15887
-7.16542
-7.17141
-7.17978
-7.18594
-7.19116
-7.19354
-7.2004
-7.20648
-7.21304
-7.21912
-7.22713
-7.23317
-7.2413
-7.24626
-7.24999
-7.25491
-7.25733
-7.25779
-7.25683
-7.25333
-7.24719
-7.2421
-7.23197
-7.22225
-7.21285
-7.20343
-7.19608
-7.1908
-7.18559
-7.18363
-7.18551
-7.18966
-7.19531
-7.20128
-7.20844
-7.21043
-7.21122
-7.20991
-7.20815
-7.20586
-7.20583
-7.2068
-7.20368
-7.2051
-7.20272
-7.20284
-7.20215
-7.19944
-7.19833
-7.19594
-7.19638
-7.19528
-7.19477
-7.18995
-7.18833
-7.18645
-7.18507
-7.18159
-7.18174
-7.17728
-7.17167
-7.16596
-7.16112
-7.15535
-7.15211
-7.15057
-7.1527
-7.15324
-7.15719
-7.16228
-7.17093
-7.18148
-7.19237
-7.20225
-7.21349
-7.22075
-7.22973
-7.23207
-7.23446
-7.23193
-7.226
-7.2167
-7.20897
-7.19733
-7.18891
-7.18256
-7.17984
-7.1797
-7.18315
-7.19002
-7.19479
-7.19985
-7.20363
-7.20161
-7.20175
-7.19955
-7.19681
-7.19377
-7.19093
-7.18681
-7.18217
-7.17806
-7.17115
-7.16516
-7.16017
-7.15725
-7.15693
-7.15397
-7.15574
-7.15993
-7.1683
-7.17976
-7.19423
-7.21267
-7.22993
-7.24766
-7.26151
-7.26857
-7.27619
-7.27598
-7.27239
-7.26977
-7.26301
-7.25611
-7.2484
-7.24114
-7.23408
-7.22639
-7.21451
-7.20581
-7.19859
-7.18961
-7.18171
-7.17813
-7.17557
-7.17359
-7.17184
-7.17012
-7.16542
-7.16078
-7.1557
-7.14784
-7.13852
-7.13019
-7.12297
-7.12126
-7.12151
-7.12743
-7.14133
-7.15854
-7.17881
-7.19987
-7.21889
-7.2376
-7.25352
-7.26623
-7.27003
-7.27113
-7.26721
-7.25857
-7.24595
-7.2286
-7.20962
-7.19228
-7.1784
-7.16719
-7.16023
-7.1566
-7.15428
-7.15484
-7.15895
-7.16488
-7.17198
-7.17896
-7.1854
-7.19291
-7.20044
-7.20506
-7.20827
-7.2048
-7.20242
-7.19946
-7.19605
-7.19432
-7.19368
-7.19308
-7.19406
-7.19892
-7.20326
-7.20893
-7.21562
-7.22288
-7.22858
-7.2329
-7.23514
-7.2338
-7.23052
-7.22559
-7.21682
-7.20326
-7.1871
-7.16852
-7.14961
-7.13393
-7.121
-7.11125
-7.1062
-7.10667
-7.11481
-7.12697
-7.14249
-7.1619
-7.18284
-7.20324
-7.22501
-7.2413
-7.25303
-7.26067
-7.26264
-7.26391
-7.26203
-7.25563
-7.24467
-7.23196
-7.22137
-7.20943
-7.19895
-7.18994
-7.18135
-7.17568
-7.16792
-7.16179
-7.15891
-7.15669
-7.15712
-7.15909
-7.16602
-7.17234
-7.18012
-7.18504
-7.18743
-7.19035
-7.19257
-7.19306
-7.19291
-7.18853
-7.18429
-7.18099
-7.17958
-7.17716
-7.17657
-7.1789
-7.18174
-7.18729
-7.19911
-7.20692
-7.21679
-7.22203
-7.22856
-7.23176
-7.23364
-7.23352
-7.23077
-7.22442
-7.21513
-7.20498
-7.1951
-7.1837
-7.17655
-7.16903
-7.16419
-7.16241
-7.16063
-7.16362
-7.16897
-7.17444
-7.18026
-7.18898
-7.19456
-7.20022
-7.20361
-7.20844
-7.21192
-7.2161
-7.21715
-7.21656
-7.21576
-7.21409
-7.21123
-7.20694
-7.20144
-7.19317
-7.18569
-7.17605
-7.16815
-7.16024
-7.15159
-7.15011
-7.15086
-7.15736
-7.16843
-7.18396
-7.20008
-7.21853
-7.23838
-7.25483
-7.26912
-7.27436
-7.27819
-7.27633
-7.26527
-7.25236
-7.23538
-7.21446
-7.19204
-7.17109
-7.15186
-7.13853
-7.12981
-7.1296
-7.13268
-7.14096
-7.15438
-7.16886
-7.18492
-7.19883
-7.21142
-7.22262
-7.23071
-7.23672
-7.2386
-7.23813
-7.23966
-7.23912
-7.2373
-7.23397
-7.22894
-7.2213
-7.21475
-7.20788
-7.19882
-7.1913
-7.18664
-7.18255
-7.17989
-7.17904
-7.18432
-7.18882
-7.1948
-7.20427
-7.21425
-7.22384
-7.22853
-7.23668
-7.24032
-7.23774
-7.23278
-7.22353
-7.21108
-7.19661
-7.18123
-7.16466
-7.14894
-7.13503
-7.12585
-7.12063
-7.11883
-7.12024
-7.12737
-7.13813
-7.1504
-7.16499
-7.17969
-7.19577
-7.21135
-7.22607
-7.23662
-7.24632
-7.25068
-7.25104
-7.25045
-7.24393
-7.23678
-7.22841
-7.21965
-7.2119
-7.20349
-7.19595
-7.19282
-7.19054
-7.19112
-7.19252
-7.19742
-7.20105
-7.20603
-7.20828
-7.21252
-7.21596
-7.21817
-7.21727
-7.21087
-7.20417
-7.19509
-7.18339
-7.17253
-7.1594
-7.14915
-7.13832
-7.13256
-7.12921
-7.13111
-7.13897
-7.151
-7.16328
-7.17938
-7.19411
-7.20751
-7.22053
-7.23048
-7.23294
-7.235
-7.23043
-7.2281
-7.21972
-7.20762
-7.19539
-7.18135
-7.16878
-7.15853
-7.15243
-7.14957
-7.1542
-7.15798
-7.16408
-7.17569
-7.18845
-7.20223
-7.21733
-7.233
-7.24712
-7.25956
-7.27094
-7.28165
-7.28988
-7.29094
-7.2873
-7.281
-7.27078
-7.25579
-7.23629
-7.21682
-7.19771
-7.17921
-7.16406
-7.15754
-7.1541
-7.1556
-7.16196
-7.1695
-7.1757
-7.1835
-7.18552
-7.18285
-7.17684
-7.17054
-7.16288
-7.1588
-7.15858
-7.16086
-7.16688
-7.17636
-7.18601
-7.20243
-7.21527
-7.22528
-7.23214
-7.23766
-7.24045
-7.24018
-7.23626
-7.22843
-7.21982
-7.20625
-7.19701
-7.18631
-7.17753
-7.17121
-7.16642
-7.16254
-7.16
-7.1603
-7.16363
-7.16684
-7.17437
-7.18335
-7.19211
-7.2018
-7.21037
-7.21925
-7.22819
-7.2364
-7.2438
-7.24614
-7.24586
-7.24222
-7.23746
-7.22964
-7.21928
-7.20986
-7.19884
-7.18905
-7.17871
-7.17012
-7.16229
-7.16068
-7.15962
-7.15952
-7.1638
-7.16806
-7.17558
-7.18576
-7.19344
-7.20203
-7.21216
-7.22105
-7.22712
-7.23116
-7.23134
-7.22683
-7.21944
-7.21162
-7.19992
-7.18987
-7.16254
-7.1248
-7.07404
-7.0182
-6.96067
-6.91059
-6.869
-6.83708
-6.81784
-6.81251
-6.81845
-6.83314
-6.84909
-6.86515
-6.8799
-6.89069
-6.89552
-6.89314
-6.89119
-6.88938
-6.88639
-6.88327
-6.88229
-6.88309
-6.88409
-6.88573
-6.88703
-6.89028
-6.89607
-6.90104
-6.90717
-6.91347
-6.92062
-6.92913
-6.94132
-6.94968
-6.95695
-6.96399
-6.96845
-6.96793
-6.96081
-6.94823
-6.92955
-6.90737
-6.88262
-6.85684
-6.82798
-6.80113
-6.77807
-6.75944
-6.7484
-6.74702
-6.75521
-6.77298
-6.79777
-6.83163
-6.86875
-6.90205
-6.93238
-6.96109
-6.98544
-7.00245
-7.01263
-7.01958
-7.01864
-7.01006
-6.99568
-6.97787
-6.9587
-6.93962
-6.92189
-6.91062
-6.90527
-6.90498
-6.9097
-6.91656
-6.92846
-6.94106
-6.95226
-6.95924
-6.96118
-6.96155
-6.95751
-6.94963
-6.93899
-6.92314
-6.90713
-6.89154
-6.87686
-6.86164
-6.8525
-6.84453
-6.84222
-6.84516
-6.85415
-6.86705
-6.88028
-6.89767
-6.91494
-6.93305
-6.94597
-6.95323
-6.95533
-6.95535
-6.95274
-6.947
-6.93728
-6.93211
-6.92707
-6.92297
-6.92371
-6.9224
-6.92489
-6.924
-6.92484
-6.92403
-6.91884
-6.9142
-6.90767
-6.89703
-6.88549
-6.8729
-6.86085
-6.8514
-6.84633
-6.84664
-6.85095
-6.85508
-6.85886
-6.86232
-6.8645
-6.86314
-6.85905
-6.85483
-6.8488
-6.84088
-6.83948
-6.83766
-6.83539
-6.8334
-6.83257
-6.83014
-6.82981
-6.83365
-6.84018
-6.84907
-6.8597
-6.87398
-6.88815
-6.90368
-6.92403
-6.94162
-6.96136
-6.97893
-6.99355
-6.99808
-7.00083
-6.99675
-6.98702
-6.97023
-6.95075
-6.92958
-6.90934
-6.8939
-6.884
-6.88227
-6.88474
-6.89357
-6.90586
-6.91569
-6.92546
-6.93628
-6.93934
-6.93934
-6.93786
-6.92775
-6.91582
-6.89905
-6.88518
-6.87199
-6.86513
-6.86209
-6.86087
-6.8642
-6.86618
-6.87172
-6.8759
-6.88165
-6.88828
-6.89314
-6.89901
-6.91021
-6.92134
-6.93367
-6.9441
-6.95411
-6.96385
-6.97184
-6.9741
-6.97588
-6.97501
-6.97103
-6.97058
-6.97017
-6.96647
-6.97085
-6.9785
-6.98742
-6.99297
-6.99741
-6.99711
-6.99289
-6.98273
-6.96836
-6.95168
-6.92909
-6.90224
-6.87411
-6.84495
-6.81949
-6.7982
-6.78638
-6.78403
-6.78708
-6.7995
-6.81968
-6.83952
-6.85786
-6.87793
-6.89758
-6.91639
-6.9277
-6.93631
-6.94184
-6.9412
-6.94023
-6.9368
-6.93465
-6.92987
-6.92719
-6.9245
-6.91917
-6.91641
-6.91535
-6.91545
-6.91568
-6.91673
-6.91522
-6.91466
-6.91106
-6.91175
-6.91321
-6.91118
-6.91188
-6.91444
-6.91249
-6.91188
-6.90942
-6.905
-6.89861
-6.89053
-6.88362
-6.87777
-6.87357
-6.87223
-6.87466
-6.87961
-6.88951
-6.89891
-6.90875
-6.92075
-6.92877
-6.93946
-6.94627
-6.95235
-6.95531
-6.9585
-6.95679
-6.95874
-6.9602
-6.96233
-6.96836
-6.97357
-6.97653
-6.9771
-6.97289
-6.96273
-6.94865
-6.92775
-6.90594
-6.88284
-6.86237
-6.84175
-6.82068
-6.8062
-6.79882
-6.79868
-6.80793
-6.82594
-6.8542
-6.88582
-6.92083
-6.95565
-6.98538
-7.00695
-7.0128
-7.00644
-6.98433
-6.95728
-6.92366
-6.8889
-6.85978
-6.83915
-6.83026
-6.83021
-6.838
-6.84751
-6.8597
-6.87282
-6.88541
-6.89217
-6.89597
-6.89292
-6.88621
-6.87786
-6.86835
-6.85748
-6.84916
-6.84905
-6.85725
-6.87307
-6.89628
-6.92725
-6.96143
-6.99658
-7.02763
-7.05298
-7.0684
-7.07558
-7.06789
-7.05059
-7.02564
-6.9959
-6.96244
-6.92885
-6.90402
-6.8814
-6.86839
-6.859
-6.8567
-6.85924
-6.86698
-6.87624
-6.88882
-6.90299
-6.91681
-6.92283
-6.92842
-6.92803
-6.92251
-6.91376
-6.90393
-6.89154
-6.87729
-6.86304
-6.85211
-6.84516
-6.84072
-6.83571
-6.83638
-6.84382
-6.8533
-6.86552
-6.87475
-6.88489
-6.89261
-6.89446
-6.89717
-6.89874
-6.89826
-6.89654
-6.89816
-6.89858
-6.90232
-6.90479
-6.90597
-6.90899
-6.91306
-6.91926
-6.9269
-6.93617
-6.94362
-6.95141
-6.95516
-6.96023
-6.96055
-6.95864
-6.95745
-6.95326
-6.94924
-6.94338
-6.93833
-6.93181
-6.92191
-6.9091
-6.89332
-6.8781
-6.86906
-6.86434
-6.86728
-6.8786
-6.89345
-6.9076
-6.91963
-6.93385
-6.94452
-6.95026
-6.95034
-6.94402
-6.93617
-6.92531
-6.91169
-6.89664
-6.88084
-6.86704
-6.85669
-6.84694
-6.83743
-6.8351
-6.82969
-6.82751
-6.8276
-6.83418
-6.84363
-6.85946
-6.87796
-6.90043
-6.92195
-6.94236
-6.95634
-6.9664
-6.97465
-6.97767
-6.97197
-6.96498
-6.95374
-6.93842
-6.92181
-6.90662
-6.8896
-6.87368
-6.86223
-6.85589
-6.84986
-6.84772
-6.85119
-6.85714
-6.86904
-6.88264
-6.89807
-6.9153
-6.93285
-6.94803
-6.96186
-6.97181
-6.97856
-6.98072
-6.97927
-6.97758
-6.97112
-6.95835
-6.94864
-6.93573
-6.92493
-6.91358
-6.90663
-6.90087
-6.89868
-6.89745
-6.89842
-6.89896
-6.89752
-6.89906
-6.89752
-6.89572
-6.893
-6.8876
-6.88035
-6.87155
-6.86045
-6.84895
-6.83608
-6.82794
-6.82543
-6.82807
-6.8355
-6.8492
-6.86655
-6.88286
-6.898
-6.91091
-6.91803
-6.92283
-6.92682
-6.93684
-6.9442
-6.95421
-6.96482
-6.97381
-6.97752
-6.97701
-6.97149
-6.96295
-6.95328
-6.94173
-6.93211
-6.92245
-6.91191
-6.90648
-6.90159
-6.89962
-6.8993
-6.9004
-6.9026
-6.90731
-6.91482
-6.92182
-6.92865
-6.92977
-6.93163
-6.93114
-6.92596
-6.91986
-6.91136
-6.90385
-6.89682
-6.89233
-6.89157
-6.89263
-6.89724
-6.90517
-6.91379
-6.9278
-6.93994
-6.95314
-6.96558
-6.97075
-6.97048
-6.96517
-6.95422
-6.93759
-6.91638
-6.89938
-6.88155
-6.86847
-6.86175
-6.86061
-6.86369
-6.87032
-6.87707
-6.8838
-6.88787
-6.88904
-6.88467
-6.87708
-6.86625
-6.85581
-6.84731
-6.84086
-6.83867
-6.83709
-6.84109
-6.84544
-6.85166
-6.86162
-6.87886
-6.89905
-6.92028
-6.94066
-6.95684
-6.96763
-6.97413
-6.97561
-6.9775
-6.97861
-6.97564
-6.97482
-6.97105
-6.96656
-6.96021
-6.95219
-6.94268
-6.93126
-6.91994
-6.9081
-6.90364
-6.90199
-6.90421
-6.90937
-6.91308
-6.91755
-6.91893
-6.91845
-6.91468
-6.90952
-6.90504
-6.90135
-6.89949
-6.89716
-6.89484
-6.89127
-6.8874
-6.8806
-6.87378
-6.86785
-6.86221
-6.85802
-6.85298
-6.85551
-6.86087
-6.86966
-6.88384
-6.90018
-6.91766
-6.93079
-6.94247
-6.94878
-6.94643
-6.93602
-6.92286
-6.90475
-6.88642
-6.86771
-6.85471
-6.84754
-6.84849
-6.85748
-6.86868
-6.8845
-6.90308
-6.92167
-6.94206
-6.96029
-6.97513
-6.98562
-6.99154
-6.98983
-6.98364
-6.97396
-6.95737
-6.93814
-6.92042
-6.9056
-6.89658
-6.8934
-6.88923
-6.88664
-6.88509
-6.87638
-6.8661
-6.85294
-6.84067
-6.82858
-6.82229
-6.81896
-6.82097
-6.82711
-6.83872
-6.8511
-6.8647
-6.87816
-6.89052
-6.90357
-6.91566
-6.92762
-6.93649
-6.942
-6.94018
-6.93064
-6.9198
-6.90626
-6.89443
-6.89116
-6.88871
-6.89095
-6.89548
-6.90434
-6.91142
-6.9196
-6.92486
-6.93044
-6.93331
-6.93501
-6.93602
-6.93757
-6.94017
-6.94275
-6.9425
-6.94039
-6.93935
-6.93661
-6.93235
-6.92963
-6.92346
-6.91801
-6.90988
-6.89869
-6.88597
-6.87803
-6.8717
-6.87167
-6.87756
-6.88572
-6.89851
-6.91181
-6.92385
-6.93203
-6.93587
-6.93871
-6.9378
-6.93199
-6.92042
-6.90742
-6.89596
-6.88527
-6.87706
-6.87649
-6.88077
-6.89078
-6.90308
-6.91585
-6.93065
-6.94244
-6.95087
-6.95283
-6.94918
-6.94192
-6.92743
-6.91177
-6.89819
-6.88607
-6.87725
-6.87551
-6.87771
-6.88244
-6.88674
-6.8935
-6.89573
-6.89514
-6.89225
-6.88691
-6.88228
-6.88058
-6.88471
-6.8876
-6.89344
-6.8992
-6.90371
-6.9068
-6.91136
-6.9181
-6.92453
-6.93412
-6.94626
-6.96261
-6.97275
-6.97982
-6.97645
-6.9673
-6.95051
-6.92642
-6.89894
-6.87284
-6.84859
-6.83189
-6.82205
-6.82209
-6.82727
-6.8366
-6.85036
-6.86439
-6.88004
-6.89308
-6.9001
-6.90213
-6.90026
-6.89322
-6.88606
-6.88085
-6.87554
-6.87624
-6.88208
-6.89429
-6.91011
-6.92674
-6.94047
-6.95465
-6.96502
-6.97325
-6.97782
-6.97616
-6.96882
-6.95886
-6.94245
-6.92424
-6.90728
-6.89344
-6.88238
-6.87535
-6.87321
-6.87099
-6.87098
-6.87315
-6.8774
-6.88505
-6.89673
-6.91082
-6.92679
-6.94124
-6.95212
-6.95707
-6.95758
-6.95093
-6.94523
-6.93622
-6.92792
-6.92077
-6.9158
-6.91092
-6.91082
-6.91058
-6.91292
-6.91504
-6.92021
-6.92168
-6.92481
-6.92837
-6.93194
-6.93192
-6.92872
-6.92314
-6.91079
-6.89391
-6.87346
-6.85126
-6.82938
-6.80984
-6.79637
-6.78619
-6.78702
-6.79347
-6.80611
-6.82434
-6.84557
-6.86974
-6.8953
-6.92111
-6.94473
-6.96583
-6.98356
-6.99375
-6.99646
-6.99155
-6.9769
-6.95796
-6.93552
-6.91191
-6.88817
-6.86831
-6.8549
-6.84611
-6.8437
-6.8472
-6.85653
-6.87089
-6.88509
-6.89906
-6.91215
-6.91867
-6.92228
-6.91905
-6.90928
-6.89491
-6.88324
-6.87074
-6.86175
-6.86316
-6.87269
-6.8927
-6.91567
-6.94343
-6.96753
-6.9911
-7.00151
-7.00429
-6.99899
-6.98332
-6.96407
-6.94045
-6.91549
-6.89554
-6.8793
-6.87062
-6.86757
-6.87341
-6.8847
-6.90337
-6.92613
-6.95118
-6.97556
-6.99159
-6.99961
-6.99337
-6.97846
-6.95588
-6.93271
-6.90992
-6.89662
-6.8951
-6.89997
-6.9131
-6.92894
-6.94538
-6.958
-6.96659
-6.96655
-6.9607
-6.94871
-6.93211
-6.91415
-6.89556
-6.87692
-6.85915
-6.84003
-6.82445
-6.8158
-6.81098
-6.81241
-6.81748
-6.82826
-6.84285
-6.85715
-6.86994
-6.88015
-6.88843
-6.89304
-6.89221
-6.89054
-6.88554
-6.87817
-6.87448
-6.87286
-6.87616
-6.87852
-6.88384
-6.89402
-6.90391
-6.9113
-6.91865
-6.92605
-6.92776
-6.92911
-6.92641
-6.92107
-6.91188
-6.90053
-6.89078
-6.88247
-6.87797
-6.87786
-6.88431
-6.89534
-6.90805
-6.92007
-6.93247
-6.93981
-6.94696
-6.94666
-6.94836
-6.94733
-6.94627
-6.95002
-6.95623
-6.97107
-6.98297
-6.9938
-7.00313
-7.00711
-7.00492
-6.99516
-6.9787
-6.95342
-6.92508
-6.89493
-6.86099
-6.83051
-6.80314
-6.77866
-6.76544
-6.75777
-6.74983
-6.73642
-6.71684
-6.69534
-6.67173
-6.64828
-6.63272
-6.62278
-6.62226
-6.63071
-6.64647
-6.66565
-6.69226
-6.718
-6.74152
-6.76397
-6.78396
-6.79644
-6.80257
-6.8009
-6.79181
-6.77406
-6.75285
-6.7246
-6.69859
-6.67556
-6.66116
-6.6577
-6.66704
-6.67933
-6.69215
-6.70277
-6.7043
-6.70176
-6.69207
-6.68078
-6.67296
-6.66987
-6.67511
-6.68633
-6.70146
-6.71972
-6.73723
-6.75039
-6.75446
-6.75217
-6.74404
-6.73276
-6.71857
-6.70658
-6.70011
-6.69702
-6.70304
-6.71265
-6.7268
-6.74302
-6.75947
-6.77148
-6.78152
-6.78153
-6.77178
-6.75492
-6.73065
-6.71042
-6.69373
-6.68041
-6.67862
-6.68498
-6.69384
-6.70185
-6.70644
-6.70829
-6.70454
-6.69772
-6.68629
-6.66964
-6.6455
-6.62471
-6.607
-6.59197
-6.58347
-6.58518
-6.5985
-6.61875
-6.64786
-6.68289
-6.71864
-6.75308
-6.78054
-6.80294
-6.81686
-6.82507
-6.82222
-6.81329
-6.80094
-6.7862
-6.76905
-6.75605
-6.74712
-6.74589
-6.75131
-6.76046
-6.77122
-6.78104
-6.78671
-6.78867
-6.78214
-6.77057
-6.75197
-6.72734
-6.69681
-6.66339
-6.63635
-6.61081
-6.59357
-6.58414
-6.57984
-6.58147
-6.58601
-6.59011
-6.59668
-6.60841
-6.62981
-6.65225
-6.68011
-6.70817
-6.73309
-6.75385
-6.76686
-6.77742
-6.7843
-6.787
-6.78735
-6.78834
-6.78879
-6.78676
-6.77981
-6.77115
-6.7593
-6.74313
-6.72159
-6.69815
-6.67793
-6.65975
-6.64641
-6.64159
-6.64739
-6.66126
-6.67769
-6.69873
-6.7178
-6.73208
-6.74346
-6.75043
-6.75694
-6.76118
-6.76755
-6.77313
-6.77413
-6.77307
-6.76979
-6.76167
-6.75151
-6.73977
-6.72768
-6.71797
-6.71105
-6.70509
-6.7023
-6.70403
-6.70882
-6.71158
-6.71591
-6.71778
-6.72137
-6.72117
-6.72094
-6.71907
-6.71521
-6.71466
-6.71075
-6.70854
-6.70684
-6.70579
-6.70569
-6.70315
-6.69898
-6.6947
-6.6923
-6.68472
-6.67548
-6.66187
-6.64631
-6.63535
-6.62347
-6.61873
-6.62351
-6.63373
-6.65045
-6.67208
-6.69296
-6.7123
-6.72464
-6.73279
-6.73718
-6.73932
-6.73619
-6.73247
-6.7295
-6.72767
-6.72643
-6.72639
-6.72593
-6.72578
-6.72554
-6.72754
-6.72863
-6.73108
-6.73028
-6.72879
-6.7282
-6.72708
-6.72858
-6.73162
-6.73315
-6.73417
-6.73246
-6.72673
-6.71926
-6.70817
-6.69809
-6.68703
-6.67604
-6.67148
-6.66885
-6.67377
-6.6801
-6.68987
-6.69454
-6.69204
-6.68803
-6.6808
-6.67584
-6.67334
-6.67636
-6.68382
-6.69477
-6.70903
-6.72537
-6.74405
-6.75935
-6.76625
-6.77124
-6.76851
-6.76328
-6.75436
-6.74329
-6.73572
-6.72711
-6.72102
-6.71908
-6.72102
-6.72477
-6.73588
-6.74661
-6.76184
-6.77864
-6.79195
-6.80186
-6.80609
-6.80211
-6.79016
-6.76584
-6.73301
-6.69127
-6.64398
-6.59649
-6.5534
-6.51823
-6.49668
-6.49458
-6.50918
-6.53926
-6.58158
-6.62868
-6.67884
-6.72348
-6.7617
-6.79522
-6.81845
-6.83385
-6.83662
-6.82844
-6.80866
-6.77969
-6.74058
-6.70212
-6.66694
-6.6377
-6.61765
-6.61113
-6.61026
-6.61877
-6.63605
-6.66244
-6.69112
-6.72134
-6.75279
-6.78515
-6.81489
-6.84251
-6.86357
-6.87713
-6.87454
-6.8642
-6.84265
-6.81687
-6.78866
-6.75856
-6.72929
-6.70011
-6.67495
-6.65479
-6.6399
-6.63325
-6.63456
-6.64268
-6.64948
-6.65652
-6.66141
-6.6644
-6.66633
-6.66967
-6.67599
-6.68612
-6.69814
-6.71235
-6.72428
-6.73669
-6.7457
-6.75143
-6.75868
-6.76198
-6.7643
-6.75941
-6.75136
-6.73642
-6.71587
-6.69193
-6.66758
-6.6468
-6.63101
-6.62012
-6.61499
-6.61711
-6.62645
-6.6428
-6.66413
-6.68714
-6.71022
-6.73387
-6.75628
-6.7789
-6.79942
-6.81372
-6.82334
-6.8288
-6.8303
-6.83343
-6.83164
-6.83083
-6.83036
-6.82848
-6.82752
-6.82436
-6.81713
-6.80134
-6.7821
-6.75877
-6.72972
-6.7029
-6.67734
-6.65286
-6.63016
-6.61025
-6.59059
-6.57207
-6.55364
-6.53575
-6.52545
-6.51661
-6.5173
-6.52432
-6.53777
-6.55841
-6.58662
-6.61919
-6.65492
-6.6955
-6.73565
-6.77119
-6.80313
-6.83084
-6.85313
-6.86649
-6.87222
-6.87239
-6.86157
-6.8409
-6.81339
-6.77933
-6.73891
-6.70099
-6.66643
-6.638
-6.61961
-6.61179
-6.61213
-6.62214
-6.63758
-6.65638
-6.67639
-6.69825
-6.72183
-6.74144
-6.76078
-6.77822
-6.79205
-6.80192
-6.80672
-6.80662
-6.80462
-6.79544
-6.78244
-6.76659
-6.74824
-6.72591
-6.70938
-6.696
-6.68644
-6.68255
-6.68451
-6.68518
-6.6867
-6.68688
-6.6895
-6.68984
-6.6932
-6.7031
-6.71556
-6.72728
-6.74038
-6.75033
-6.75254
-6.74854
-6.73744
-6.72473
-6.71106
-6.70066
-6.69137
-6.68735
-6.68871
-6.69151
-6.69249
-6.69441
-6.69819
-6.69781
-6.69662
-6.69412
-6.68956
-6.68564
-6.67841
-6.67168
-6.66245
-6.65248
-6.64369
-6.63417
-6.62939
-6.62748
-6.63269
-6.64308
-6.65859
-6.67935
-6.69858
-6.71587
-6.73355
-6.74767
-6.75977
-6.77096
-6.78224
-6.79285
-6.80371
-6.81188
-6.81822
-6.82013
-6.81456
-6.80361
-6.78979
-6.76912
-6.75136
-6.73489
-6.72162
-6.71377
-6.71417
-6.71668
-6.72136
-6.72887
-6.73503
-6.73487
-6.7299
-6.71685
-6.70336
-6.68636
-6.67278
-6.66144
-6.6572
-6.65282
-6.65079
-6.6493
-6.64944
-6.6513
-6.6545
-6.66383
-6.67768
-6.69729
-6.71726
-6.73434
-6.74424
-6.74673
-6.73954
-6.72804
-6.71479
-6.70498
-6.69315
-6.68434
-6.67785
-6.67287
-6.66772
-6.66471
-6.66509
-6.66794
-6.67791
-6.69486
-6.71495
-6.73628
-6.75779
-6.77591
-6.78588
-6.79622
-6.79557
-6.78784
-6.77731
-6.76368
-6.75173
-6.74209
-6.73439
-6.72759
-6.7185
-6.70932
-6.69579
-6.68366
-6.67703
-6.67337
-6.67245
-6.67225
-6.67598
-6.68514
-6.69389
-6.70328
-6.70856
-6.71729
-6.72592
-6.73483
-6.7458
-6.75745
-6.76852
-6.77408
-6.77457
-6.7703
-6.75064
-6.72663
-6.69561
-6.66392
-6.63674
-6.62087
-6.61668
-6.62339
-6.6381
-6.65963
-6.68116
-6.70061
-6.71704
-6.72568
-6.73013
-6.73564
-6.73645
-6.73415
-6.73334
-6.73147
-6.72948
-6.72391
-6.71995
-6.71805
-6.72239
-6.72831
-6.73716
-6.74728
-6.75528
-6.76944
-6.78262
-6.79143
-6.79833
-6.79791
-6.78768
-6.76912
-6.74348
-6.71653
-6.68619
-6.65834
-6.63571
-6.61483
-6.60046
-6.59706
-6.6027
-6.61739
-6.63745
-6.66535
-6.69717
-6.73445
-6.77419
-6.81314
-6.84734
-6.8697
-6.87671
-6.86946
-6.84907
-6.81812
-6.78371
-6.75049
-6.72471
-6.70744
-6.69369
-6.67851
-6.65797
-6.63743
-6.61271
-6.59153
-6.57685
-6.57456
-6.57918
-6.59353
-6.60936
-6.62167
-6.63514
-6.64797
-6.6601
-6.66993
-6.67911
-6.68938
-6.69946
-6.70882
-6.71268
-6.71495
-6.70901
-6.70072
-6.69129
-6.68033
-6.6714
-6.66807
-6.67201
-6.68578
-6.70246
-6.72114
-6.7352
-6.74488
-6.74825
-6.75069
-6.74676
-6.73597
-6.72593
-6.71563
-6.70482
-6.69435
-6.68782
-6.68198
-6.68
-6.68207
-6.68588
-6.69367
-6.70086
-6.71173
-6.72824
-6.74288
-6.75616
-6.76215
-6.7631
-6.76189
-6.75441
-6.74508
-6.73405
-6.72488
-6.71547
-6.70748
-6.69963
-6.69094
-6.6797
-6.66715
-6.65638
-6.64471
-6.63756
-6.63411
-6.63816
-6.64295
-6.65412
-6.66648
-6.68275
-6.70011
-6.71631
-6.73302
-6.74355
-6.74993
-6.75329
-6.75101
-6.75107
-6.74812
-6.74316
-6.73849
-6.73008
-6.72246
-6.71389
-6.70702
-6.70111
-6.69801
-6.69446
-6.69404
-6.6952
-6.69892
-6.70332
-6.71013
-6.71477
-6.71873
-6.72168
-6.72333
-6.72714
-6.72852
-6.7253
-6.72145
-6.71366
-6.70127
-6.6862
-6.66916
-6.6503
-6.63519
-6.62824
-6.62665
-6.63555
-6.64932
-6.67178
-6.69167
-6.71211
-6.72417
-6.73216
-6.73319
-6.73249
-6.73144
-6.732
-6.73258
-6.73901
-6.74485
-6.75485
-6.7603
-6.76321
-6.7606
-6.74642
-6.72571
-6.69925
-6.66851
-6.63759
-6.60805
-6.58538
-6.57353
-6.57264
-6.58354
-6.60264
-6.63068
-6.66195
-6.69864
-6.73289
-6.76445
-6.78827
-6.80053
-6.80863
-6.80934
-6.80462
-6.79551
-6.78529
-6.77302
-6.75849
-6.74877
-6.74098
-6.7364
-6.72808
-6.72184
-6.71159
-6.70187
-6.6944
-6.68898
-6.6857
-6.68868
-6.69627
-6.71089
-6.72617
-6.74546
-6.76452
-6.77905
-6.78411
-6.78088
-6.7639
-6.73865
-6.7054
-6.66905
-6.63549
-6.60722
-6.58565
-6.57328
-6.57
-6.57259
-6.58155
-6.5905
-6.60267
-6.6129
-6.6233
-6.62969
-6.63762
-6.64819
-6.66139
-6.6742
-6.68918
-6.70558
-6.7195
-6.73205
-6.7404
-6.74404
-6.74474
-6.74151
-6.73267
-6.7207
-6.70786
-6.69563
-6.68536
-6.67558
-6.67012
-6.6667
-6.6655
-6.66302
-6.66031
-6.65697
-6.65847
-6.66215
-6.67199
-6.68576
-6.70529
-6.72761
-6.75083
-6.77167
-6.7906
-6.80232
-6.80598
-6.79948
-6.78798
-6.76879
-6.74936
-6.73109
-6.71222
-6.69929
-6.69109
-6.68602
-6.68634
-6.69052
-6.69766
-6.70997
-6.72763
-6.7503
-6.77549
-6.797
-6.81458
-6.82385
-6.82364
-6.81288
-6.79285
-6.76542
-6.7308
-6.69193
-6.65116
-6.6148
-6.58159
-6.55802
-6.54451
-6.546
-6.55682
-6.57851
-6.60553
-6.63398
-6.65966
-6.67688
-6.68801
-6.69115
-6.68577
-6.67616
-6.66266
-6.65121
-6.6472
-6.64591
-6.65104
-6.66119
-6.67589
-6.68963
-6.69728
-6.70218
-6.70074
-6.69691
-6.69009
-6.68598
-6.67964
-6.67462
-6.66982
-6.66685
-6.66615
-6.66666
-6.66964
-6.67633
-6.68532
-6.69658
-6.70952
-6.72163
-6.73487
-6.74692
-6.75456
-6.76033
-6.75542
-6.74858
-6.73887
-6.7323
-6.73313
-6.73649
-6.74504
-6.75737
-6.7696
-6.78036
-6.79123
-6.8026
-6.81278
-6.82075
-6.82425
-6.82285
-6.81032
-6.78793
-6.75806
-6.72437
-6.68803
-6.65515
-6.62528
-6.60357
-6.58319
-6.57192
-6.56805
-6.57036
-6.57871
-6.58911
-6.6056
-6.6302
-6.6554
-6.67892
-6.69946
-6.71598
-6.72851
-6.73536
-6.74219
-6.74417
-6.74183
-6.74131
-6.73689
-6.73037
-6.72363
-6.71852
-6.71356
-6.70886
-6.70679
-6.7061
-6.70747
-6.70771
-6.70393
-6.69774
-6.68912
-6.67926
-6.67439
-6.67807
-6.69244
-6.71783
-6.74785
-6.78102
-6.80588
-6.82767
-6.84362
-6.85028
-6.85056
-6.84383
-6.82682
-6.80319
-6.77306
-6.74373
-6.71497
-6.68939
-6.66766
-6.65312
-6.64317
-6.63791
-6.63192
-6.63118
-6.63034
-6.63127
-6.6321
-6.63421
-6.63447
-6.63857
-6.64722
-6.65549
-6.66483
-6.67615
-6.68794
-6.70096
-6.71069
-6.71715
-6.71756
-6.71391
-6.70798
-6.70202
-6.69607
-6.6926
-6.68923
-6.68664
-6.68214
-6.68148
-6.68394
-6.68612
-6.69571
-6.71109
-6.73032
-6.75133
-6.76973
-6.78166
-6.78885
-6.78633
-6.77543
-6.75633
-6.73121
-6.70634
-6.6797
-6.65517
-6.63387
-6.61501
-6.60222
-6.59573
-6.59573
-6.60229
-6.60966
-6.61876
-6.62915
-6.63516
-6.63905
-6.64188
-6.64875
-6.65706
-6.66971
-6.68835
-6.70838
-6.73434
-6.762
-6.78737
-6.80605
-6.81754
-6.8225
-6.82251
-6.81786
-6.80853
-6.79996
-6.79368
-6.78278
-6.77389
-6.76727
-6.75675
-6.74598
-6.73076
-6.71257
-6.69437
-6.67445
-6.6579
-6.64707
-6.64837
-6.65466
-6.66577
-6.67908
-6.68902
-6.69743
-6.70434
-6.70752
-6.70686
-6.70196
-6.69569
-6.6826
-6.66978
-6.65263
-6.6368
-6.6231
-6.61525
-6.61485
-6.61919
-6.62706
-6.63741
-6.6504
-6.66156
-6.67084
-6.67613
-6.67457
-6.66678
-6.65264
-6.6372
-6.62303
-6.61456
-6.61752
-6.62936
-6.64764
-6.67301
-6.70333
-6.73619
-6.76924
-6.80306
-6.82896
-6.85004
-6.86269
-6.86895
-6.86489
-6.85399
-6.83725
-6.82044
-6.80244
-6.78258
-6.76346
-6.74303
-6.72393
-6.70503
-6.68719
-6.66893
-6.64994
-6.63471
-6.62671
-6.62725
-6.63624
-6.65237
-6.67508
-6.69817
-6.71972
-6.73101
-6.73764
-6.73192
-6.71631
-6.69524
-6.66961
-6.64191
-6.62079
-6.60265
-6.59582
-6.59923
-6.6133
-6.63573
-6.6598
-6.68838
-6.71508
-6.73674
-6.7511
-6.75586
-6.75444
-6.7464
-6.73359
-6.71436
-6.69515
-6.67362
-6.65389
-6.63944
-6.62612
-6.61675
-6.60835
-6.60219
-6.60024
-6.59941
-6.60337
-6.6076
-6.61476
-6.62285
-6.63327
-6.64658
-6.6628
-6.67842
-6.69232
-6.70662
-6.71958
-6.73316
-6.74371
-6.75421
-6.76116
-6.76663
-6.77108
-6.77264
-6.77595
-6.77836
-6.78219
-6.78861
-6.7933
-6.79765
-6.79736
-6.79241
-6.78071
-6.77094
-6.75788
-6.74061
-6.72606
-6.71553
-6.71126
-6.70999
-6.71091
-6.70954
-6.70915
-6.70751
-6.7017
-6.69092
-6.67614
-6.66123
-6.64097
-6.62095
-6.60734
-6.59411
-6.58883
-6.58578
-6.59016
-6.59713
-6.60244
-6.611
-6.61645
-6.62421
-6.62985
-6.63455
-6.64125
-6.64319
-6.64781
-6.65623
-6.67056
-6.69222
-6.72397
-6.75995
-6.79657
-6.83223
-6.85837
-6.87371
-6.87856
-6.87315
-6.86034
-6.84331
-6.8261
-6.80905
-6.79304
-6.78266
-6.77552
-6.77272
-6.76576
-6.75529
-6.73796
-6.71639
-6.69226
-6.66651
-6.64404
-6.62554
-6.61124
-6.60699
-6.61091
-6.62023
-6.63662
-6.65488
-6.67587
-6.69349
-6.706
-6.71752
-6.72913
-6.73619
-6.73968
-6.737
-6.73271
-6.72618
-6.72036
-6.71405
-6.70896
-6.70483
-6.70078
-6.69949
-6.70098
-6.7038
-6.70669
-6.71106
-6.7141
-6.71522
-6.7099
-6.70149
-6.68962
-6.6707
-6.65033
-6.63243
-6.62071
-6.61574
-6.61431
-6.62093
-6.63308
-6.64456
-6.65679
-6.67011
-6.67962
-6.68529
-6.6922
-6.70349
-6.70973
-6.71345
-6.71558
-6.71708
-6.71843
-6.71814
-6.71794
-6.71734
-6.71548
-6.71592
-6.71522
-6.71319
-6.71402
-6.71584
-6.72035
-6.72824
-6.73986
-6.75087
-6.76462
-6.77605
-6.78057
-6.78067
-6.77363
-6.75951
-6.74293
-6.72566
-6.70599
-6.69071
-6.68052
-6.67137
-6.66918
-6.66908
-6.6712
-6.67462
-6.6764
-6.67339
-6.66808
-6.65834
-6.64906
-6.63791
-6.63236
-6.6327
-6.63512
-6.64053
-6.64905
-6.65285
-6.65731
-6.66032
-6.66082
-6.65875
-6.65548
-6.6551
-6.65978
-6.67037
-6.68555
-6.7037
-6.72326
-6.74332
-6.7637
-6.78051
-6.79372
-6.80379
-6.80336
-6.79721
-6.78272
-6.76534
-6.74369
-6.72277
-6.70508
-6.6869
-6.67215
-6.66249
-6.65917
-6.65743
-6.66013
-6.66386
-6.6666
-6.66315
-6.656
-6.6456
-6.63478
-6.62688
-6.62526
-6.63263
-6.6427
-6.6595
-6.68372
-6.70873
-6.73469
-6.75701
-6.77254
-6.78
-6.77891
-6.76951
-6.75487
-6.7432
-6.73374
-6.72741
-6.72262
-6.72069
-6.71836
-6.71531
-6.70921
-6.70007
-6.69186
-6.67795
-6.66168
-6.6467
-6.63479
-6.62465
-6.62355
-6.62704
-6.62863
-6.63174
-6.63014
-6.62237
-6.61812
-6.61959
-6.62182
-6.63312
-6.65144
-6.67602
-6.70146
-6.72595
-6.74458
-6.7609
-6.77613
-6.78713
-6.79659
-6.80435
-6.81223
-6.81533
-6.81472
-6.80229
-6.78616
-6.76119
-6.73525
-6.70908
-6.69124
-6.68181
-6.67884
-6.68883
-6.70137
-6.71781
-6.73011
-6.74499
-6.75178
-6.75239
-6.74933
-6.74152
-6.7319
-6.72447
-6.71459
-6.70564
-6.69278
-6.6754
-6.65886
-6.64565
-6.63274
-6.62471
-6.61912
-6.61878
-6.61734
-6.61993
-6.62751
-6.63762
-6.6524
-6.66942
-6.68729
-6.70421
-6.71842
-6.72569
-6.72492
-6.71862
-6.70961
-6.69783
-6.6849
-6.67447
-6.67134
-6.67287
-6.68256
-6.70039
-6.72039
-6.74079
-6.75752
-6.7685
-6.77596
-6.7785
-6.77426
-6.76638
-6.75828
-6.74753
-6.73246
-6.71591
-6.69375
-6.67174
-6.6437
-6.61485
-6.58425
-6.55715
-6.53452
-6.51996
-6.51699
-6.5292
-6.55242
-6.58236
-6.6137
-6.64638
-6.67379
-6.70012
-6.71756
-6.7306
-6.73919
-6.7447
-6.74616
-6.74466
-6.74306
-6.73797
-6.73315
-6.72793
-6.72492
-6.72286
-6.72048
-6.72123
-6.7222
-6.7255
-6.73561
-6.74731
-6.76108
-6.77313
-6.78493
-6.78884
-6.78539
-6.77607
-6.76264
-6.74739
-6.73122
-6.71951
-6.71165
-6.70711
-6.70562
-6.7031
-6.69985
-6.69445
-6.68611
-6.67416
-6.66172
-6.65002
-6.64011
-6.63306
-6.62923
-6.63204
-6.63624
-6.6479
-6.66375
-6.68197
-6.69877
-6.70946
-6.71725
-6.72052
-6.72034
-6.71714
-6.71021
-6.70205
-6.69595
-6.68316
-6.67132
-6.65711
-6.63969
-6.6206
-6.60175
-6.58269
-6.57124
-6.56853
-6.57909
-6.59979
-6.63113
-6.67163
-6.71344
-6.75526
-6.7895
-6.81391
-6.82982
-6.83638
-6.83584
-6.82874
-6.82156
-6.81334
-6.80219
-6.79185
-6.78215
-6.76976
-6.75632
-6.73684
-6.71371
-6.69015
-6.66617
-6.64125
-6.62024
-6.60457
-6.59535
-6.5902
-6.59093
-6.59321
-6.59764
-6.6036
-6.61494
-6.62714
-6.64483
-6.66634
-6.68564
-6.70616
-6.72406
-6.74101
-6.75294
-6.76462
-6.77496
-6.78267
-6.7852
-6.78693
-6.78345
-6.7753
-6.76227
-6.74299
-6.71905
-6.69349
-6.66084
-6.62815
-6.59921
-6.57944
-6.56767
-6.56935
-6.58001
-6.59433
-6.60926
-6.62683
-6.63821
-6.64481
-6.64964
-6.65344
-6.65938
-6.66688
-6.67889
-6.69459
-6.71346
-6.73265
-6.75188
-6.76593
-6.7753
-6.77836
-6.77769
-6.77259
-6.76439
-6.75349
-6.74483
-6.73638
-6.7282
-6.72137
-6.71646
-6.71095
-6.70675
-6.70539
-6.70496
-6.70548
-6.7096
-6.71897
-6.73047
-6.74397
-6.75691
-6.76658
-6.77512
-6.77784
-6.77676
-6.76973
-6.76669
-6.76465
-6.76461
-6.76318
-6.75764
-6.75108
-6.73626
-6.71615
-6.68927
-6.6601
-6.63153
-6.60313
-6.5809
-6.56437
-6.55842
-6.5565
-6.56681
-6.58406
-6.60815
-6.63667
-6.67049
-6.70544
-6.7366
-6.7638
-6.78615
-6.80209
-6.80755
-6.80412
-6.79322
-6.77968
-6.76755
-6.75602
-6.74525
-6.73795
-6.72886
-6.71987
-6.71085
-6.70032
-6.68863
-6.67703
-6.66227
-6.64259
-6.62296
-6.59975
-6.57844
-6.56428
-6.55505
-6.5581
-6.57239
-6.59621
-6.62623
-6.66351
-6.69768
-6.73219
-6.76263
-6.78484
-6.80244
-6.81282
-6.81982
-6.82284
-6.82261
-6.82098
-6.81712
-6.81295
-6.80752
-6.79979
-6.79037
-6.78501
-6.78475
-6.78718
-6.79643
-6.80332
-6.80525
-6.79986
-6.78369
-6.75916
-6.72584
-6.68929
-6.65329
-6.62324
-6.59694
-6.57878
-6.57338
-6.57913
-6.59796
-6.62062
-6.6477
-6.67526
-6.70177
-6.72492
-6.74494
-6.76002
-6.76568
-6.76281
-6.74852
-6.72977
-6.70283
-6.67318
-6.64467
-6.61911
-6.60024
-6.58488
-6.57916
-6.58115
-6.59147
-6.60698
-6.62965
-6.6586
-6.69242
-6.72688
-6.76044
-6.79011
-6.81519
-6.83659
-6.85034
-6.85836
-6.85441
-6.84277
-6.81992
-6.79069
-6.75683
-6.71959
-6.68715
-6.65903
-6.64053
-6.63336
-6.63167
-6.64247
-6.65902
-6.67484
-6.68709
-6.69834
-6.70693
-6.70622
-6.70316
-6.69509
-6.68626
-6.67421
-6.66707
-6.66071
-6.65968
-6.66422
-6.67533
-6.69633
-6.7225
-6.75282
-6.78091
-6.80749
-6.82854
-6.83706
-6.83216
-6.81696
-6.79262
-6.75623
-6.71929
-6.68193
-6.64925
-6.62512
-6.60949
-6.60255
-6.60178
-6.60641
-6.61808
-6.63332
-6.6523
-6.66884
-6.6824
-6.69633
-6.70752
-6.7128
-6.71537
-6.71446
-6.71171
-6.70284
-6.69585
-6.68707
-6.68195
-6.67036
-6.66483
-6.66211
-6.66234
-6.66503
-6.67287
-6.68423
-6.69824
-6.71227
-6.7292
-6.74379
-6.75606
-6.76464
-6.76715
-6.76341
-6.75562
-6.74345
-6.72972
-6.71595
-6.70626
-6.69903
-6.69517
-6.69569
-6.6961
-6.69768
-6.70181
-6.70738
-6.71532
-6.72975
-6.74881
-6.76847
-6.78927
-6.80154
-6.8093
-6.80402
-6.78964
-6.76311
-6.72618
-6.68597
-6.64371
-6.61107
-6.59101
-6.58886
-6.59618
-6.61179
-6.62707
-6.64687
-6.66425
-6.68392
-6.70411
-6.72148
-6.73533
-6.74593
-6.74943
-6.7489
-6.74559
-6.74111
-6.73464
-6.73138
-6.72648
-6.725
-6.72146
-6.72356
-6.72203
-6.71987
-6.7164
-6.71285
-6.71103
-6.70945
-6.70829
-6.70884
-6.71034
-6.70662
-6.70263
-6.69693
-6.68856
-6.67636
-6.66493
-6.65502
-6.64542
-6.64027
-6.6409
-6.65079
-6.66942
-6.69124
-6.71473
-6.73527
-6.75721
-6.77242
-6.78623
-6.79672
-6.80374
-6.80288
-6.79379
-6.77492
-6.74941
-6.71969
-6.69302
-6.67134
-6.65536
-6.65161
-6.65448
-6.66373
-6.66906
-6.67687
-6.68015
-6.68363
-6.68431
-6.68796
-6.69087
-6.69463
-6.70174
-6.7088
-6.71886
-6.72752
-6.73357
-6.73707
-6.73839
-6.73583
-6.72741
-6.71408
-6.69618
-6.66446
-6.62801
-6.59209
-6.55865
-6.53583
-6.51812
-6.51051
-6.51103
-6.51895
-6.53444
-6.5562
-6.58405
-6.61424
-6.64693
-6.67533
-6.70165
-6.72191
-6.73722
-6.74666
-6.74991
-6.74596
-6.73913
-6.73038
-6.72128
-6.71362
-6.70965
-6.70986
-6.71371
-6.71781
-6.71911
-6.71558
-6.70714
-6.69797
-6.68937
-6.6832
-6.67907
-6.67671
-6.67686
-6.67234
-6.66843
-6.65837
-6.64966
-6.6387
-6.62899
-6.62541
-6.62675
-6.63539
-6.65087
-6.66886
-6.68828
-6.70627
-6.71928
-6.7229
-6.7233
-6.72187
-6.72366
-6.73044
-6.73696
-6.74036
-6.74064
-6.73225
-6.71945
-6.70729
-6.69136
-6.67767
-6.6656
-6.65726
-6.64515
-6.6327
-6.6205
-6.60792
-6.59745
-6.587
-6.58101
-6.58329
-6.58924
-6.60266
-6.62438
-6.6544
-6.68636
-6.71593
-6.73985
-6.75206
-6.7524
-6.73517
-6.70566
-6.66538
-6.62814
-6.59244
-6.56648
-6.55391
-6.56282
-6.58639
-6.62061
-6.65718
-6.69039
-6.71795
-6.73309
-6.73904
-6.73516
-6.72493
-6.70758
-6.6878
-6.66712
-6.65196
-6.64484
-6.64926
-6.66612
-6.6918
-6.72585
-6.76037
-6.79445
-6.82675
-6.85111
-6.86562
-6.87003
-6.86327
-6.84517
-6.8153
-6.77385
-6.72351
-6.67013
-6.61359
-6.55881
-6.50976
-6.4713
-6.44521
-6.43299
-6.43689
-6.45504
-6.489
-6.53177
-6.57943
-6.62598
-6.66853
-6.70119
-6.72425
-6.7424
-6.75049
-6.75853
-6.76489
-6.77413
-6.78233
-6.78835
-6.79185
-6.79215
-6.79061
-6.78652
-6.77775
-6.76619
-6.75177
-6.73881
-6.72133
-6.70329
-6.68555
-6.6633
-6.64075
-6.61807
-6.59772
-6.57873
-6.56753
-6.56603
-6.5741
-6.59417
-6.62094
-6.64839
-6.6737
-6.69624
-6.71389
-6.71953
-6.71938
-6.71269
-6.6931
-6.66943
-6.63954
-6.61223
-6.58631
-6.56802
-6.55831
-6.56175
-6.56915
-6.58136
-6.59582
-6.61175
-6.62597
-6.63946
-6.65366
-6.66832
-6.68694
-6.70923
-6.73127
-6.75125
-6.76771
-6.77934
-6.78255
-6.78111
-6.77145
-6.75539
-6.73606
-6.7167
-6.69846
-6.67906
-6.66163
-6.64915
-6.644
-6.64678
-6.66157
-6.68067
-6.70409
-6.72939
-6.74942
-6.76653
-6.78099
-6.78688
-6.7867
-6.77945
-6.76999
-6.75771
-6.7408
-6.72124
-6.69592
-6.67241
-6.64891
-6.62631
-6.60685
-6.59806
-6.59297
-6.59201
-6.59337
-6.59438
-6.59214
-6.58387
-6.57381
-6.56313
-6.55417
-6.55313
-6.56136
-6.5777
-6.59825
-6.6237
-6.647
-6.66479
-6.67989
-6.69021
-6.69513
-6.69599
-6.69467
-6.69272
-6.69334
-6.69698
-6.70296
-6.71589
-6.72997
-6.74579
-6.75606
-6.7609
-6.75824
-6.74842
-6.73411
-6.71345
-6.69736
-6.68462
-6.67687
-6.67744
-6.68
-6.67823
-6.67469
-6.66963
-6.66418
-6.6611
-6.66052
-6.66269
-6.67001
-6.68146
-6.69439
-6.70966
-6.7236
-6.73617
-6.74508
-6.74922
-6.74801
-6.74084
-6.72901
-6.71796
-6.71071
-6.70767
-6.70775
-6.70919
-6.71121
-6.70839
-6.70017
-6.68461
-6.66513
-6.64069
-6.61969
-6.60415
-6.59515
-6.58998
-6.5942
-6.60621
-6.6179
-6.63075
-6.6454
-6.65853
-6.6713
-6.67968
-6.68409
-6.68221
-6.67523
-6.66163
-6.64765
-6.63177
-6.61975
-6.61443
-6.61565
-6.62393
-6.63757
-6.65548
-6.67687
-6.69956
-6.72018
-6.73927
-6.75226
-6.75948
-6.7585
-6.75387
-6.74695
-6.73664
-6.73317
-6.7346
-6.74316
-6.75579
-6.76839
-6.78202
-6.78968
-6.78874
-6.78181
-6.76442
-6.73634
-6.70066
-6.65783
-6.61623
-6.57965
-6.55517
-6.54476
-6.54716
-6.55703
-6.56905
-6.58257
-6.59508
-6.60927
-6.62341
-6.63329
-6.64189
-6.64539
-6.64554
-6.64763
-6.65385
-6.66226
-6.67442
-6.69144
-6.71048
-6.73113
-6.74783
-6.75897
-6.76686
-6.76799
-6.75937
-6.74475
-6.7264
-6.70653
-6.69259
-6.68289
-6.67904
-6.68355
-6.68934
-6.70001
-6.71112
-6.72459
-6.7348
-6.74187
-6.74441
-6.73822
-6.72775
-6.70962
-6.68495
-6.66202
-6.64131
-6.6245
-6.61497
-6.61406
-6.61661
-6.62149
-6.62113
-6.61512
-6.60543
-6.59041
-6.57699
-6.57069
-6.57781
-6.59614
-6.62162
-6.64828
-6.67558
-6.69925
-6.71762
-6.73025
-6.73987
-6.74614
-6.74988
-6.75128
-6.75071
-6.75743
-6.76197
-6.76645
-6.76918
-6.77063
-6.76364
-6.75415
-6.73965
-6.72049
-6.70802
-6.69479
-6.68414
-6.67731
-6.66845
-6.66332
-6.6548
-6.64817
-6.64008
-6.63033
-6.61724
-6.6006
-6.58348
-6.56277
-6.5445
-6.53476
-6.53004
-6.53587
-6.55493
-6.58296
-6.62134
-6.66161
-6.70068
-6.73464
-6.7609
-6.77829
-6.78567
-6.78253
-6.7743
-6.76451
-6.75211
-6.74047
-6.72831
-6.72032
-6.71146
-6.70644
-6.70251
-6.70067
-6.70022
-6.69941
-6.69531
-6.68751
-6.67322
-6.64976
-6.62486
-6.59555
-6.56777
-6.5428
-6.52674
-6.51907
-6.52289
-6.53625
-6.55762
-6.58795
-6.62335
-6.6598
-6.6993
-6.73398
-6.76015
-6.77854
-6.78867
-6.79143
-6.78758
-6.78064
-6.77578
-6.7679
-6.75897
-6.74914
-6.74171
-6.73795
-6.73213
-6.72962
-6.73076
-6.73543
-6.73926
-6.74096
-6.74297
-6.7401
-6.73196
-6.72171
-6.70795
-6.68604
-6.65874
-6.62681
-6.59347
-6.56563
-6.54833
-6.54136
-6.54602
-6.56074
-6.5817
-6.60754
-6.63435
-6.6597
-6.68342
-6.70385
-6.72092
-6.73339
-6.74064
-6.74646
-6.74788
-6.74904
-6.74698
-6.74511
-6.74438
-6.74243
-6.74043
-6.73959
-6.74214
-6.74229
-6.74012
-6.73658
-6.73367
-6.72251
-6.70203
-6.67963
-6.64844
-6.61364
-6.57492
-6.53934
-6.51406
-6.50279
-6.50701
-6.52358
-6.55297
-6.58607
-6.61951
-6.64836
-6.66868
-6.68197
-6.68894
-6.69256
-6.69143
-6.69039
-6.68973
-6.68976
-6.69196
-6.69443
-6.7009
-6.70347
-6.70872
-6.71447
-6.72393
-6.73935
-6.75545
-6.76735
-6.77216
-6.76976
-6.76094
-6.75028
-6.7366
-6.7234
-6.70882
-6.69437
-6.68248
-6.6724
-6.66601
-6.66282
-6.66227
-6.66081
-6.66126
-6.66371
-6.66534
-6.66834
-6.67086
-6.67655
-6.68247
-6.68787
-6.69299
-6.69363
-6.68893
-6.68318
-6.67945
-6.67614
-6.67469
-6.67706
-6.68086
-6.68688
-6.68697
-6.68179
-6.67431
-6.66256
-6.64907
-6.63786
-6.62881
-6.62308
-6.62226
-6.62857
-6.63584
-6.64551
-6.65566
-6.66886
-6.68299
-6.69741
-6.7128
-6.72977
-6.74773
-6.76223
-6.77125
-6.7737
-6.768
-6.75182
-6.72662
-6.69546
-6.66284
-6.63511
-6.61232
-6.59819
-6.59252
-6.59291
-6.60107
-6.60904
-6.61706
-6.62384
-6.62903
-6.63196
-6.63479
-6.63932
-6.64286
-6.64757
-6.64828
-6.6507
-6.65325
-6.65774
-6.66613
-6.67455
-6.68322
-6.68949
-6.69084
-6.69379
-6.69572
-6.70012
-6.70536
-6.7079
-6.70612
-6.70245
-6.69644
-6.69071
-6.6828
-6.67865
-6.67602
-6.6771
-6.68178
-6.68595
-6.68801
-6.68651
-6.67971
-6.67178
-6.66059
-6.6529
-6.64442
-6.63603
-6.62706
-6.62561
-6.62637
-6.62851
-6.63184
-6.63587
-6.63847
-6.6436
-6.65272
-6.66545
-6.68213
-6.7029
-6.72081
-6.7339
-6.74136
-6.74278
-6.73753
-6.72728
-6.71536
-6.7029
-6.69396
-6.68767
-6.68703
-6.69064
-6.69919
-6.70862
-6.72269
-6.73513
-6.74797
-6.75973
-6.76941
-6.7723
-6.77016
-6.76123
-6.74524
-6.72245
-6.69721
-6.66757
-6.63504
-6.59886
-6.56052
-6.52665
-6.49926
-6.48039
-6.47535
-6.48353
-6.51023
-6.54864
-6.59492
-6.64245
-6.68848
-6.7253
-6.74869
-6.75971
-6.75943
-6.75178
-6.734
-6.71077
-6.68882
-6.66521
-6.64169
-6.62414
-6.61161
-6.60453
-6.60236
-6.60732
-6.6181
-6.6335
-6.654
-6.675
-6.6974
-6.71626
-6.73406
-6.74543
-6.75555
-6.76469
-6.7685
-6.771
-6.76997
-6.76606
-6.75626
-6.74296
-6.72362
-6.70375
-6.68075
-6.65619
-6.6333
-6.61226
-6.59432
-6.58205
-6.57742
-6.58219
-6.59467
-6.61588
-6.64337
-6.67398
-6.70337
-6.73082
-6.74853
-6.75495
-6.75164
-6.73788
-6.71848
-6.6944
-6.66659
-6.64181
-6.62001
-6.60634
-6.60274
-6.60856
-6.62178
-6.64256
-6.66277
-6.68286
-6.69674
-6.70865
-6.71208
-6.70886
-6.70302
-6.69006
-6.67441
-6.6575
-6.63839
-6.61715
-6.59513
-6.57472
-6.55557
-6.5444
-6.54021
-6.54573
-6.56132
-6.5892
-6.62184
-6.65877
-6.69368
-6.72183
-6.74488
-6.75834
-6.76749
-6.77204
-6.77598
-6.77817
-6.77692
-6.77336
-6.76572
-6.75753
-6.74856
-6.74051
-6.73162
-6.72279
-6.71294
-6.70205
-6.69232
-6.68093
-6.66566
-6.64997
-6.63571
-6.62487
-6.62425
-6.62764
-6.63836
-6.64995
-6.66592
-6.68444
-6.70444
-6.72378
-6.74273
-6.75551
-6.76037
-6.75896
-6.75559
-6.74592
-6.73374
-6.72133
-6.70732
-6.69231
-6.6736
-6.65478
-6.63409
-6.61466
-6.60432
-6.60025
-6.60729
-6.62377
-6.6468
-6.67553
-6.70285
-6.72711
-6.74321
-6.75474
-6.75587
-6.75267
-6.74274
-6.72563
-6.70092
-6.67093
-6.63871
-6.60744
-6.58689
-6.57284
-6.57458
-6.58555
-6.60608
-6.63351
-6.66291
-6.69263
-6.71714
-6.73583
-6.75206
-6.76438
-6.77139
-6.77135
-6.76734
-6.76019
-6.75024
-6.73904
-6.72737
-6.7146
-6.70062
-6.68999
-6.67832
-6.66744
-6.65339
-6.64211
-6.63361
-6.62794
-6.62543
-6.62954
-6.63657
-6.65094
-6.67263
-6.6961
-6.71865
-6.73909
-6.75386
-6.76056
-6.75628
-6.74803
-6.7319
-6.71061
-6.68318
-6.65707
-6.63441
-6.614
-6.60015
-6.59359
-6.59712
-6.61069
-6.63156
-6.65568
-6.67941
-6.70174
-6.71329
-6.72057
-6.71937
-6.70753
-6.68625
-6.65739
-6.6252
-6.59579
-6.56958
-6.54923
-6.53575
-6.52936
-6.53529
-6.55046
-6.57845
-6.61282
-6.65206
-6.69289
-6.73026
-6.76655
-6.78808
-6.79495
-6.79119
-6.77795
-6.74793
-6.71343
-6.67914
-6.6466
-6.61792
-6.6003
-6.59538
-6.60121
-6.6192
-6.64198
-6.66997
-6.69619
-6.72478
-6.74783
-6.76515
-6.77931
-6.78462
-6.78035
-6.76722
-6.74645
-6.71292
-6.67447
-6.63693
-6.59833
-6.56443
-6.53742
-6.51871
-6.51463
-6.52079
-6.53997
-6.56957
-6.60694
-6.64589
-6.67918
-6.71339
-6.74
-6.76306
-6.78602
-6.80477
-6.82607
-6.84244
-6.8494
-6.8463
-6.83063
-6.79797
-6.7555
-6.70983
-6.66798
-6.63162
-6.61013
-6.6017
