1.19849
1.19677
1.19518
1.19406
1.19375
1.19442
1.196
1.19825
1.20081
1.20332
1.20552
1.20725
1.20848
1.20923
1.20959
1.20964
1.20951
1.20927
1.20903
1.20884
1.20875
1.20877
1.20889
1.20909
1.20934
1.20961
1.20989
1.21016
1.2104
1.2106
1.21076
1.21084
1.21083
1.21069
1.21038
1.2099
1.20925
1.20845
1.20757
1.20668
1.20586
1.20518
1.20466
1.20429
1.20399
1.20361
1.203
1.20201
1.20054
1.19857
1.19615
1.19339
1.19043
1.18743
1.18454
1.18197
1.18003
1.17914
1.17974
1.1821
1.18615
1.19144
1.19729
1.20307
1.20831
1.21279
1.21647
1.21944
1.22181
1.22367
1.22509
1.2261
1.22669
1.22684
1.22656
1.22584
1.22468
1.22314
1.22125
1.21908
1.21669
1.21413
1.21139
1.2084
1.20506
1.20127
1.19702
1.19254
1.18835
1.18525
1.18407
1.18526
1.18866
1.19358
1.19912
1.20452
1.20932
1.21334
1.2166
1.21922
1.22135
1.22314
1.22472
1.22618
1.22756
1.22889
1.23013
1.23124
1.23214
1.23279
1.2331
1.23305
1.23259
1.23171
1.23042
1.22874
1.22676
1.22457
1.22236
1.22031
1.21863
1.2175
1.217
1.21714
1.21785
1.21902
1.22054
1.22229
1.22413
1.22591
1.22744
1.2285
1.22889
1.22845
1.2271
1.22491
1.22212
1.21918
1.21667
1.2152
1.21517
1.21661
1.21916
1.22227
1.22535
1.22796
1.22986
1.23098
1.23134
1.23107
1.23029
1.22915
1.22781
1.22638
1.22499
1.22371
1.22258
1.22161
1.22078
1.22003
1.21928
1.21845
1.21745
1.21619
1.21455
1.21238
1.20952
1.20582
1.20125
1.19599
1.19068
1.18639
1.18435
1.1854
1.18949
1.19566
1.2026
1.20916
1.21465
1.21884
1.22173
1.22349
1.22432
1.22438
1.22384
1.22284
1.22148
1.21986
1.21806
1.21616
1.21423
1.21234
1.21055
1.20891
1.20748
1.20629
1.20538
1.20477
1.20449
1.20454
1.2049
1.2055
1.20624
1.20699
1.20758
1.20788
1.2078
1.20731
1.20646
1.20539
1.20422
1.20311
1.20212
1.20129
1.2006
1.20005
1.19968
1.19953
1.19966
1.2001
1.20081
1.20174
1.20281
1.20397
1.20524
1.20662
1.20816
1.20982
1.21156
1.21328
1.21484
1.21615
1.21713
1.21773
1.21797
1.21785
1.21744
1.2168
1.21599
1.21506
1.21406
1.21302
1.21194
1.21083
1.20967
1.20842
1.20704
1.20551
1.20379
1.20186
1.19971
1.19736
1.19484
1.1922
1.18954
1.18694
1.18454
1.18247
1.18083
1.17973
1.17921
1.17924
1.17976
1.18062
1.18168
1.18276
1.18374
1.18449
1.18495
1.18508
1.18487
1.18425
1.18316
1.18147
1.17901
1.17566
1.17141
1.16646
1.1613
1.15669
1.15346
1.15223
1.15319
1.15601
1.16004
1.16456
1.16898
1.17292
1.1762
1.17877
1.18065
1.18193
1.18269
1.18303
1.18304
1.18279
1.18235
1.18179
1.18116
1.18049
1.17981
1.17915
1.17852
1.17793
1.17739
1.17691
1.17652
1.17621
1.17601
1.17592
1.17593
1.17602
1.17617
1.17634
1.17649
1.17655
1.17648
1.17624
1.1758
1.17512
1.17421
1.17306
1.17169
1.17016
1.1685
1.16677
1.16505
1.16337
1.16177
1.16027
1.15889
1.15768
1.15673
1.15622
1.15636
1.15735
1.15923
1.16192
1.16517
1.16866
1.17206
1.17513
1.17771
1.17974
1.18121
1.18214
1.18258
1.18256
1.18211
1.18125
1.17998
1.17833
1.17628
1.17386
1.17108
1.16801
1.16471
1.16128
1.15786
1.15454
1.15142
1.14856
1.14596
1.14361
1.14151
1.13968
1.13821
1.1372
1.13679
1.13706
1.13801
1.13958
1.14162
1.14394
1.14633
1.14863
1.1507
1.15245
1.15382
1.15481
1.15543
1.15571
1.1557
1.15547
1.15513
1.15475
1.15446
1.15434
1.15448
1.15493
1.15569
1.15673
1.15799
1.15938
1.16082
1.16223
1.16353
1.16469
1.16565
1.16641
1.16692
1.16718
1.16716
1.16684
1.16619
1.1652
1.16385
1.16216
1.16015
1.15793
1.15561
1.15337
1.15143
1.14998
1.14918
1.14907
1.14959
1.15056
1.15176
1.15291
1.1538
1.15422
1.15404
1.15316
1.15155
1.14921
1.14629
1.14303
1.13981
1.13709
1.13524
1.13446
1.13464
1.13547
1.13656
1.13761
1.13848
1.13921
1.13991
1.14071
1.1417
1.14288
1.1442
1.14554
1.14685
1.14806
1.14914
1.15013
1.15104
1.15192
1.15278
1.15364
1.1545
1.15536
1.15621
1.15702
1.15779
1.1585
1.15913
1.15968
1.16015
1.16052
1.16081
1.161
1.1611
1.16111
1.16103
1.16087
1.16062
1.16028
1.15985
1.15934
1.15875
1.15808
1.15735
1.15655
1.15571
1.15482
1.1539
1.15294
1.15196
1.15093
1.14985
1.14872
1.14754
1.14632
1.14509
1.14392
1.1429
1.14215
1.14179
1.1419
1.14253
1.14365
1.14515
1.14688
1.14862
1.15016
1.15129
1.15181
1.15158
1.15045
1.14838
1.14536
1.14154
1.1372
1.1328
1.12893
1.12616
1.12491
1.12525
1.12692
1.12943
1.13224
1.13493
1.13725
1.13909
1.14046
1.14145
1.14217
1.14274
1.14328
1.14386
1.14452
1.14526
1.14605
1.14683
1.14757
1.14821
1.14874
1.14914
1.14938
1.14945
1.14933
1.14902
1.14854
1.14792
1.14718
1.14639
1.14557
1.14475
1.14394
1.14314
1.14234
1.14154
1.14071
1.1398
1.13869
1.13717
1.13497
1.13187
1.12785
1.12342
1.11964
1.11795
1.1194
1.12401
1.13074
1.13809
1.14488
1.15045
1.15468
1.15769
1.15973
1.16101
1.16175
1.16206
1.16207
1.16183
1.1614
1.16081
1.1601
1.15931
1.15848
1.15764
1.15682
1.15606
1.15535
1.15468
1.15403
1.15336
1.15265
1.15186
1.15101
1.15013
1.14928
1.14856
1.14802
1.14775
1.14776
1.14805
1.14859
1.14933
1.15022
1.15123
1.15234
1.15354
1.15484
1.15623
1.1577
1.15923
1.16078
1.16234
1.16386
1.16534
1.16675
1.16809
1.16936
1.17058
1.17174
1.17286
1.17395
1.17501
1.17603
1.17702
1.17793
1.17876
1.17947
1.18006
1.1805
1.18082
1.18103
1.18117
1.18131
1.1815
1.18181
1.18227
1.18291
1.18367
1.18449
1.18524
1.18578
1.18597
1.18569
1.18487
1.18346
1.18153
1.17921
1.17671
1.17434
1.17244
1.17137
1.17135
1.17246
1.17454
1.17729
1.18032
1.1833
1.186
1.18833
1.19031
1.19201
1.19356
1.19504
1.19648
1.1979
1.19924
1.20044
1.20143
1.20215
1.20257
1.20267
1.20244
1.20188
1.20097
1.19968
1.19797
1.19586
1.19343
1.19086
1.18847
1.18664
1.18577
1.18617
1.18795
1.19099
1.19494
1.19932
1.20367
1.2076
1.21085
1.21331
1.21494
1.21578
1.21591
1.21538
1.21427
1.21265
1.21057
1.20812
1.20539
1.20255
1.19977
1.19731
1.19541
1.19431
1.19417
1.19506
1.19688
1.19945
1.20251
1.20577
1.20894
1.2118
1.21418
1.21598
1.21715
1.21772
1.21774
1.21732
1.2166
1.21573
1.21488
1.2142
1.2138
1.21376
1.21409
1.21476
1.21568
1.21674
1.21783
1.21882
1.21963
1.2202
1.22048
1.22044
1.22003
1.21916
1.21773
1.21561
1.21272
1.20903
1.20467
1.19991
1.19514
1.19085
1.18742
1.18512
1.184
1.18397
1.18485
1.18644
1.18855
1.19101
1.19367
1.19639
1.19909
1.20167
1.20408
1.20623
1.20803
1.20935
1.20999
1.20966
1.20804
1.20485
1.20001
1.1939
1.1877
1.18317
1.18203
1.18485
1.19073
1.19789
1.20468
1.21016
1.21404
1.21638
1.21741
1.21732
1.21626
1.21435
1.21164
1.20817
1.20403
1.19931
1.19418
1.18884
1.18354
1.17857
1.17418
1.17065
1.16821
1.16701
1.16711
1.1684
1.17065
1.1735
1.1766
1.17964
1.18243
1.18486
1.18689
1.18853
1.18983
1.19086
1.1917
1.19243
1.19314
1.19392
1.19479
1.19577
1.19681
1.19783
1.19874
1.1994
1.19969
1.19951
1.19874
1.1973
1.19511
1.19215
1.1884
1.18397
1.17907
1.17416
1.16992
1.16724
1.16688
1.16914
1.17363
1.17944
1.18556
1.19119
1.19591
1.1996
1.20235
1.20434
1.20577
1.20683
1.20766
1.2084
1.20913
1.20991
1.21078
1.21174
1.21278
1.21386
1.21493
1.21589
1.21665
1.21707
1.217
1.21623
1.21451
1.21153
1.2069
1.20013
1.19072
1.17842
1.16382
1.14918
1.1386
1.13615
1.14274
1.15528
1.16931
1.18178
1.19155
1.19872
1.20381
1.20739
1.20988
1.2116
1.21277
1.21354
1.214
1.21422
1.21425
1.21412
1.21387
1.21352
1.21308
1.21259
1.21205
1.21151
1.21097
1.21048
1.21004
1.2097
1.20945
1.2093
1.20927
1.20934
1.20953
1.20982
1.21022
1.21073
1.21132
1.21195
1.21256
1.21303
1.21321
1.21291
1.21191
1.20999
1.20696
1.20268
1.19715
1.19057
1.18331
1.17599
1.16929
1.16391
1.16041
1.15916
1.16035
1.16384
1.16914
1.17546
1.18192
1.18779
1.1926
1.19618
1.19862
1.20013
1.20102
1.20155
1.20197
1.2024
1.20286
1.2033
1.20361
1.20368
1.20342
1.20279
1.2018
1.20049
1.19896
1.19736
1.19581
1.19443
1.19328
1.19237
1.19165
1.19103
1.19041
1.1897
1.18883
1.18777
1.18652
1.18509
1.18355
1.18197
1.18049
1.17929
1.17857
1.17854
1.17934
1.18098
1.18332
1.18612
1.18909
1.19196
1.19455
1.19675
1.1985
1.19981
1.20071
1.20124
1.20145
1.20138
1.20106
1.20055
1.19987
1.19907
1.19821
1.19732
1.19646
1.19567
1.195
1.19446
1.19407
1.19381
1.19365
1.19355
1.19346
1.19331
1.19303
1.19257
1.19188
1.1909
1.18966
1.18824
1.18682
1.18566
1.18509
1.18534
1.1865
1.18844
1.19087
1.19343
1.19584
1.19794
1.19965
1.20101
1.20205
1.20284
1.20347
1.20404
1.20055
1.20129
1.20223
1.2034
1.20476
1.20623
1.20775
1.20928
1.21079
1.21228
1.21377
1.21529
1.21685
1.21848
1.22016
1.22188
1.22362
1.22535
1.22703
1.22865
1.23017
1.23157
1.23281
1.23389
1.23477
1.23541
1.23581
1.23592
1.23573
1.23521
1.23437
1.23321
1.23175
1.23001
1.228
1.22568
1.22294
1.21965
1.21562
1.21073
1.20504
1.19885
1.19274
1.18747
1.1837
1.18182
1.18176
1.18307
1.18518
1.18754
1.18986
1.19208
1.19435
1.19682
1.1996
1.20267
1.20587
1.20899
1.21174
1.21385
1.21502
1.21504
1.21379
1.21126
1.20768
1.20346
1.19924
1.19572
1.19347
1.19279
1.1936
1.19551
1.19798
1.20047
1.20261
1.20416
1.20503
1.20525
1.20487
1.20399
1.20271
1.20114
1.19938
1.19755
1.19574
1.19404
1.19253
1.19124
1.19016
1.18924
1.18842
1.18763
1.18677
1.1858
1.18467
1.18336
1.18185
1.18016
1.1783
1.17629
1.17416
1.17194
1.16966
1.16735
1.16504
1.16278
1.16061
1.15856
1.15668
1.15502
1.15364
1.15261
1.15201
1.15193
1.15243
1.15352
1.15513
1.15714
1.15937
1.1616
1.16366
1.1654
1.16672
1.16754
1.16783
1.16756
1.16676
1.16542
1.1636
1.16139
1.15892
1.15637
1.15395
1.15186
1.15026
1.14921
1.14866
1.1485
1.14855
1.14868
1.14876
1.14873
1.14855
1.14823
1.14773
1.14704
1.14609
1.14478
1.143
1.14063
1.13757
1.13375
1.12922
1.12421
1.11923
1.11507
1.11268
1.11273
1.11529
1.11976
1.12515
1.13055
1.13533
1.13925
1.14228
1.1445
1.14598
1.14678
1.14691
1.14639
1.14526
1.14363
1.14176
1.13998
1.13872
1.13837
1.13915
1.14103
1.14377
1.14701
1.15038
1.15359
1.15647
1.15896
1.16103
1.16274
1.1641
1.16515
1.16589
1.16631
1.16636
1.16599
1.1651
1.16361
1.16143
1.1585
1.15479
1.15037
1.14535
1.13993
1.13437
1.12896
1.124
1.11975
1.11641
1.11405
1.11263
1.1121
1.1124
1.11356
1.11559
1.11846
1.12205
1.12618
1.13057
1.13498
1.13915
1.14294
1.14625
1.14906
1.15144
1.15347
1.15526
1.15689
1.15843
1.15989
1.1612
1.16228
1.163
1.16323
1.16284
1.16176
1.15997
1.15759
1.15488
1.15224
1.15017
1.14907
1.1492
1.15047
1.15259
1.15512
1.15766
1.15994
1.16183
1.16329
1.16437
1.16516
1.16573
1.16615
1.16649
1.16678
1.16705
1.16732
1.16759
1.16787
1.16817
1.16848
1.16881
1.16915
1.16952
1.1699
1.17031
1.17076
1.17126
1.17182
1.17247
1.17323
1.17412
1.17516
1.17636
1.17771
1.17921
1.18084
1.18257
1.18436
1.18618
1.18798
1.18972
1.19134
1.19277
1.19397
1.19488
1.19549
1.19582
1.19595
1.19602
1.1962
1.19667
1.19758
1.19896
1.20076
1.20283
1.20499
1.20704
1.20883
1.21024
1.21121
1.21168
1.21158
1.21083
1.20928
1.20679
1.2032
1.19846
1.1927
1.18643
1.18051
1.17607
1.17414
1.17523
1.1791
1.18497
1.19181
1.19876
1.20519
1.21078
1.21539
1.21903
1.2218
1.22389
1.22551
1.22694
1.22844
1.2302
1.23234
1.23484
1.23758
1.24038
1.24304
1.24538
1.24726
1.24858
1.24928
1.24933
1.24871
1.24743
1.24553
1.24309
1.24024
1.23717
1.23411
1.23133
1.22907
1.2275
1.22669
1.22661
1.22712
1.22805
1.2292
1.23041
1.23158
1.23261
1.23346
1.23411
1.23456
1.23484
1.23495
1.23493
1.23479
1.23455
1.23422
1.23383
1.23337
1.23289
1.23239
1.23192
1.23147
1.23105
1.2306
1.23004
1.22926
1.22812
1.22647
1.22419
1.22124
1.21763
1.21353
1.2092
1.205
1.2013
1.19853
1.1971
1.19736
1.19942
1.20308
1.2079
1.21338
1.2191
1.22471
1.22989
1.23436
1.23786
1.24026
1.2415
1.24163
1.24076
1.23897
1.23635
1.23289
1.22853
1.22316
1.21671
1.20927
1.20123
1.19341
1.18689
1.18262
1.18096
1.18154
1.18344
1.18577
1.18789
1.18954
1.19074
1.19165
1.19251
1.19351
1.19483
1.19653
1.19859
1.20089
1.20324
1.20545
1.2073
1.20862
1.20927
1.20915
1.20825
1.20663
1.20446
1.20204
1.19975
1.19803
1.19718
1.19733
1.19837
1.19998
1.20178
1.20341
1.20462
1.20525
1.20526
1.20466
1.20351
1.20191
1.2
1.19797
1.196
1.19431
1.1931
1.19252
1.19265
1.19344
1.19477
1.19645
1.19827
1.20001
1.20152
1.20268
1.20343
1.20375
1.20369
1.20329
1.20265
1.20187
1.20107
1.20036
1.19984
1.19957
1.19958
1.19986
1.20034
1.20096
1.20161
1.20222
1.20274
1.20316
1.20348
1.20378
1.20414
1.20469
1.20552
1.2067
1.20825
1.21013
1.21221
1.21433
1.21632
1.218
1.21928
1.22016
1.22073
1.22118
1.22173
1.22257
1.22378
1.22533
1.2271
1.22894
1.23073
1.23242
1.23398
1.23544
1.23684
1.23816
1.2394
1.24049
1.24136
1.24193
1.24214
1.24196
1.24142
1.24059
1.23959
1.23858
1.23772
1.2371
1.23681
1.2368
1.237
1.23728
1.23751
1.23757
1.2374
1.23696
1.23624
1.23522
1.23387
1.23218
1.23016
1.22788
1.22544
1.22299
1.22068
1.21868
1.21714
1.21618
1.21587
1.21625
1.21728
1.21887
1.22087
1.22316
1.22561
1.22813
1.23067
1.23317
1.23557
1.23779
1.23976
1.24137
1.24257
1.24327
1.24344
1.24305
1.24208
1.24051
1.23836
1.23562
1.23232
1.2285
1.22425
1.21976
1.21532
1.21138
1.20843
1.20687
1.20689
1.20835
1.21081
1.21373
1.21661
1.21909
1.22096
1.22215
1.22267
1.22259
1.22199
1.22095
1.21956
1.21793
1.21616
1.21435
1.21262
1.21105
1.20968
1.20854
1.20758
1.2067
1.2058
1.20472
1.20335
1.20156
1.19927
1.19643
1.19305
1.18923
1.18516
1.18116
1.17765
1.17505
1.1737
1.17372
1.17501
1.17727
1.18014
1.18328
1.18641
1.18933
1.19191
1.19407
1.19577
1.19701
1.19779
1.19817
1.19821
1.19796
1.1975
1.1969
1.19622
1.19552
1.19479
1.19403
1.19319
1.19224
1.19117
1.19005
1.18902
1.18829
1.18807
1.1885
1.18957
1.19112
1.19285
1.19444
1.19561
1.19613
1.19589
1.19486
1.19311
1.19077
1.18808
1.18528
1.18266
1.18046
1.17881
1.17773
1.17711
1.17673
1.17636
1.17585
1.17516
1.17445
1.17398
1.17408
1.175
1.17687
1.17957
1.18282
1.18624
1.18944
1.19213
1.19415
1.19544
1.19603
1.19604
1.1956
1.19488
1.19403
1.19322
1.19258
1.1922
1.19214
1.1924
1.19296
1.19375
1.19469
1.19567
1.1966
1.19741
1.19802
1.19838
1.19846
1.19825
1.19773
1.19693
1.19585
1.19454
1.19301
1.19133
1.18953
1.18769
1.18587
1.18419
1.18276
1.18172
1.1812
1.18131
1.1821
1.18355
1.18554
1.18795
1.1906
1.19334
1.19604
1.19858
1.20089
1.20291
1.2046
1.20593
1.2069
1.2075
1.20775
1.20768
1.20735
1.20681
1.20613
1.2054
1.20469
1.20407
1.20358
1.20326
1.20313
1.20318
1.20338
1.20369
1.20406
1.20444
1.20479
1.20507
1.20524
1.20527
1.20513
1.2048
1.20425
1.20344
1.20233
1.2009
1.19909
1.1969
1.19435
1.19148
1.18842
1.18532
1.18243
1.17997
1.17822
1.17739
1.17763
1.17898
1.18135
1.18456
1.18832
1.19235
1.19636
1.20012
1.20347
1.20632
1.20864
1.21042
1.21169
1.2125
1.21289
1.21291
1.21262
1.21205
1.21126
1.2103
1.20922
1.20806
1.20685
1.20562
1.20436
1.20303
1.20155
1.19979
1.19763
1.19492
1.19162
1.18779
1.18367
1.17967
1.17626
1.17376
1.17213
1.17095
1.1696
1.16747
1.16424
1.15996
1.15509
1.15035
1.14655
1.14427
1.14379
1.14498
1.14744
1.15064
1.1541
1.1575
1.16069
1.16368
1.16655
1.16941
1.17232
1.17529
1.17827
1.18121
1.18402
1.18667
1.18911
1.19131
1.19325
1.1949
1.19622
1.1972
1.19783
1.1981
1.19803
1.19765
1.19704
1.19627
1.19544
1.19466
1.19406
1.19373
1.19374
1.19413
1.19489
1.19596
1.19727
1.19871
1.20018
1.20157
1.20281
1.20379
1.20443
1.20468
1.20444
1.20367
1.2023
1.2003
1.19767
1.19445
1.19074
1.1867
1.18252
1.17846
1.17479
1.17182
1.16991
1.16939
1.17049
1.17324
1.17735
1.18233
1.18755
1.19247
1.19674
1.20016
1.20274
1.20456
1.20577
1.20654
1.207
1.20727
1.20743
1.20754
1.20764
1.20773
1.20782
1.20792
1.20801
1.20811
1.20822
1.20834
1.20851
1.20873
1.20903
1.20943
1.20997
1.21067
1.21157
1.21269
1.21405
1.21566
1.2175
1.21954
1.22171
1.22395
1.22617
1.22828
1.23021
1.23186
1.23316
1.23402
1.23436
1.2341
1.23313
1.23138
1.22877
1.22527
1.22094
1.21591
1.21046
1.20494
1.19969
1.19497
1.19082
1.1872
1.18412
1.18176
1.18049
1.18072
1.18268
1.18625
1.19094
1.196
1.20068
1.20435
1.20666
1.2076
1.20744
1.20671
1.20601
1.20589
1.20668
1.20841
1.21089
1.21384
1.21695
1.21998
1.22275
1.22517
1.22717
1.22875
1.22994
1.23079
1.23136
1.23172
1.23193
1.23204
1.23208
1.23206
1.232
1.23189
1.2317
1.23141
1.23101
1.23048
1.22979
1.22893
1.22791
1.22674
1.22542
1.22399
1.22247
1.2209
1.21928
1.21759
1.21576
1.21366
1.21104
1.20756
1.20277
1.19626
1.18789
1.17831
1.16933
1.16367
1.16353
1.16898
1.17788
1.18744
1.1957
1.20191
1.20608
1.20859
1.20985
1.21021
1.20991
1.20914
1.20802
1.20664
1.20506
1.20335
1.20162
1.19994
1.19842
1.19715
1.19617
1.19547
1.195
1.19464
1.19427
1.19379
1.19318
1.19249
1.19187
1.19966
1.19977
1.20047
1.20176
1.20354
1.20563
1.20783
1.20998
1.21195
1.21369
1.21516
1.21638
1.21736
1.21812
1.21865
1.21894
1.21898
1.21873
1.21819
1.21734
1.21619
1.21476
1.2131
1.21129
1.20941
1.20756
1.20585
1.20439
1.20328
1.20262
1.20249
1.20294
1.20399
1.20562
1.20772
1.21017
1.21279
1.21539
1.21781
1.21989
1.22156
1.22276
1.22353
1.22392
1.22408
1.22413
1.2242
1.22439
1.2247
1.22505
1.2253
1.22525
1.22475
1.22367
1.22201
1.21991
1.21766
1.21565
1.21431
1.2139
1.21444
1.21574
1.21741
1.21906
1.22035
1.22112
1.22131
1.22098
1.22024
1.21928
1.21824
1.21726
1.21642
1.21574
1.21518
1.21466
1.21409
1.2134
1.21257
1.2116
1.21053
1.2094
1.20819
1.20685
1.20528
1.2034
1.20124
1.19897
1.19698
1.19578
1.1959
1.19766
1.20105
1.20574
1.21118
1.21682
1.2222
1.22701
1.23111
1.23445
1.23705
1.23896
1.24029
1.24109
1.24145
1.24142
1.24104
1.24031
1.23919
1.23759
1.23537
1.23231
1.22814
1.22258
1.21545
1.20693
1.19783
1.1897
1.18442
1.18324
1.18601
1.19129
1.19731
1.20277
1.20706
1.2101
1.21201
1.213
1.21323
1.21282
1.21182
1.21026
1.20813
1.2054
1.20205
1.19813
1.19379
1.18927
1.18491
1.18109
1.17813
1.17621
1.17532
1.1753
1.17588
1.17682
1.17793
1.17915
1.18049
1.18205
1.18391
1.18615
1.18873
1.19155
1.1944
1.19705
1.19924
1.20075
1.20141
1.20108
1.19971
1.19723
1.19366
1.18904
1.18348
1.17721
1.17055
1.16402
1.15825
1.15387
1.15138
1.15094
1.15225
1.15468
1.15747
1.16001
1.16191
1.16313
1.1638
1.1642
1.16462
1.16526
1.16619
1.16741
1.16878
1.17016
1.17141
1.17241
1.17309
1.17339
1.1733
1.17282
1.17195
1.17073
1.16921
1.16744
1.16554
1.16366
1.16195
1.16056
1.15961
1.15912
1.15902
1.15914
1.15926
1.15914
1.15856
1.15739
1.15557
1.15317
1.1504
1.14761
1.14526
1.1438
1.14356
1.14463
1.14683
1.14979
1.15307
1.15628
1.15914
1.16149
1.16327
1.1645
1.16522
1.16551
1.16545
1.16514
1.16467
1.16411
1.16353
1.16298
1.1625
1.16208
1.16175
1.16148
1.16127
1.16113
1.16105
1.16106
1.16118
1.16143
1.16184
1.16242
1.16317
1.16407
1.16508
1.16615
1.16717
1.16808
1.16877
1.1692
1.16931
1.1691
1.1686
1.16785
1.16687
1.16572
1.16442
1.16299
1.16149
1.16001
1.15868
1.15772
1.15734
1.15773
1.15897
1.16099
1.1636
1.16649
1.16937
1.17198
1.17415
1.1758
1.17694
1.17762
1.17791
1.17794
1.17781
1.17764
1.17752
1.17754
1.17774
1.17816
1.17878
1.17958
1.18052
1.18154
1.18259
1.18362
1.18461
1.18553
1.18637
1.18714
1.18788
1.18864
1.18945
1.19037
1.19142
1.19259
1.19382
1.19504
1.19613
1.19694
1.19736
1.19726
1.19653
1.19507
1.19278
1.1896
1.18546
1.18032
1.17419
1.16718
1.15949
1.15153
1.14389
1.13732
1.13262
1.13047
1.13124
1.13471
1.14015
1.14644
1.15249
1.15749
1.16104
1.1631
1.16387
1.16373
1.16315
1.1627
1.16295
1.16433
1.16695
1.17063
1.17487
1.17905
1.18264
1.18522
1.18658
1.18666
1.1855
1.18322
1.18006
1.17637
1.17261
1.16929
1.16683
1.16545
1.16513
1.16568
1.16683
1.16835
1.17001
1.1716
1.17287
1.17351
1.17327
1.1719
1.16934
1.16574
1.16155
1.1575
1.15442
1.15294
1.15319
1.15482
1.15716
1.15957
1.16162
1.16314
1.16416
1.1648
1.16521
1.16555
1.16592
1.16639
1.167
1.16777
1.16866
1.16966
1.17073
1.17182
1.17291
1.17396
1.17493
1.17576
1.17642
1.17679
1.17675
1.17612
1.17465
1.17201
1.16787
1.16195
1.15427
1.14542
1.13672
1.13004
1.12701
1.12823
1.13307
1.14025
1.14849
1.15678
1.16442
1.17091
1.17593
1.17938
1.18123
1.18156
1.18048
1.17812
1.1747
1.17052
1.166
1.16171
1.1582
1.15585
1.15471
1.15442
1.15434
1.15383
1.15249
1.15037
1.14803
1.1464
1.14654
1.14913
1.15415
1.16086
1.16818
1.17516
1.1812
1.18607
1.18979
1.19251
1.19443
1.19572
1.1965
1.19688
1.19689
1.19652
1.19576
1.19453
1.19278
1.19046
1.18761
1.18433
1.18081
1.17733
1.17417
1.17153
1.16941
1.16763
1.16592
1.16404
1.162
1.16
1.15842
1.15766
1.15795
1.15934
1.16169
1.16473
1.16814
1.17161
1.17484
1.17758
1.17958
1.18063
1.18055
1.1792
1.17653
1.17264
1.16785
1.16272
1.15805
1.15467
1.15317
1.15367
1.15581
1.15893
1.16238
1.16567
1.16854
1.17092
1.17282
1.17432
1.17548
1.17636
1.177
1.1774
1.17757
1.17748
1.1771
1.17641
1.17535
1.17393
1.17215
1.17006
1.16781
1.16557
1.16359
1.16212
1.16135
1.16136
1.16209
1.16335
1.16491
1.16653
1.16801
1.16922
1.17008
1.17059
1.17073
1.17054
1.17004
1.16927
1.16828
1.16711
1.16583
1.16451
1.16324
1.16208
1.16112
1.1604
1.15993
1.15968
1.15961
1.15968
1.15982
1.16002
1.16025
1.16053
1.16088
1.16132
1.16185
1.16248
1.16322
1.16406
1.16499
1.16602
1.16714
1.16837
1.16971
1.17116
1.17274
1.17442
1.17621
1.17807
1.17999
1.18192
1.18384
1.18569
1.18744
1.18905
1.19044
1.19155
1.19226
1.19242
1.19181
1.19017
1.18724
1.18284
1.17708
1.17051
1.16427
1.15979
1.15823
1.15985
1.16397
1.16944
1.17528
1.1809
1.18602
1.19055
1.1944
1.19749
1.19975
1.20114
1.20167
1.2014
1.20042
1.19885
1.19678
1.19432
1.19157
1.18863
1.18557
1.18246
1.17931
1.17614
1.17297
1.16993
1.16722
1.16515
1.16403
1.16404
1.1652
1.16726
1.16987
1.17264
1.17527
1.17757
1.17948
1.18101
1.18224
1.18325
1.18409
1.18484
1.18551
1.18613
1.1867
1.1872
1.18763
1.18797
1.18821
1.18836
1.18842
1.18839
1.18829
1.18814
1.18794
1.18772
1.18747
1.18722
1.18697
1.18672
1.18646
1.1862
1.1859
1.18555
1.18512
1.18454
1.18378
1.18276
1.1814
1.17962
1.17735
1.17451
1.17108
1.16706
1.16254
1.15769
1.15275
1.14806
1.14397
1.14079
1.13873
1.13785
1.1381
1.13928
1.14117
1.14351
1.14611
1.14878
1.15142
1.15393
1.15626
1.15838
1.16026
1.16189
1.16327
1.16442
1.16538
1.16617
1.16684
1.1674
1.16786
1.16821
1.1684
1.16839
1.16811
1.16755
1.16668
1.16555
1.16424
1.16287
1.16158
1.16048
1.15963
1.15903
1.15858
1.15816
1.15758
1.15671
1.1554
1.15363
1.15151
1.14929
1.14738
1.14625
1.14622
1.14738
1.1495
1.15216
1.15489
1.15733
1.15925
1.16057
1.16131
1.16155
1.16137
1.16088
1.16013
1.1592
1.1581
1.15686
1.15545
1.15384
1.152
1.14988
1.14747
1.14482
1.14205
1.13935
1.13702
1.13533
1.1345
1.13461
1.13558
1.13717
1.13915
1.14126
1.14337
1.14541
1.14734
1.14918
1.15096
1.15269
1.15435
1.15593
1.15741
1.15877
1.15997
1.161
1.16184
1.16247
1.16288
1.16306
1.163
1.16271
1.16219
1.16143
1.16045
1.15925
1.15785
1.15628
1.15454
1.15266
1.15064
1.14848
1.14615
1.1437
1.14122
1.13889
1.13697
1.13565
1.13498
1.1348
1.13477
1.1346
1.13406
1.13318
1.13216
1.13133
1.13106
1.13166
1.13326
1.13582
1.13912
1.14284
1.14664
1.15022
1.15336
1.15595
1.15794
1.15933
1.16018
1.16057
1.1606
1.16034
1.1599
1.15934
1.15875
1.15816
1.15763
1.15717
1.1568
1.15652
1.15631
1.15617
1.15605
1.15593
1.15575
1.15547
1.15502
1.15435
1.15342
1.15221
1.15073
1.149
1.14714
1.14527
1.14358
1.14225
1.14146
1.14132
1.14188
1.14309
1.14484
1.14701
1.14944
1.152
1.1546
1.15715
1.15957
1.16183
1.16387
1.16568
1.16722
1.16846
1.16938
1.16995
1.1701
1.16976
1.1688
1.16709
1.16444
1.16065
1.15555
1.14903
1.14111
1.1321
1.12269
1.11407
1.1078
1.10538
1.10752
1.11378
1.12271
1.13258
1.14201
1.15016
1.1567
1.16164
1.16511
1.16735
1.16859
1.16908
1.16903
1.16865
1.1681
1.16753
1.16703
1.16666
1.16646
1.16642
1.16652
1.16674
1.16703
1.16737
1.16772
1.16806
1.16834
1.16853
1.16859
1.16846
1.16811
1.16755
1.16681
1.16598
1.16524
1.16476
1.1647
1.16515
1.16606
1.16726
1.16849
1.16944
1.16986
1.16958
1.16852
1.16676
1.16451
1.16212
1.16002
1.15862
1.15827
1.15911
1.16107
1.16391
1.16729
1.17084
1.17424
1.17725
1.17969
1.18148
1.18256
1.18294
1.18263
1.18167
1.18013
1.17812
1.17579
1.17336
1.17104
1.16907
1.1676
1.16669
1.16632
1.16638
1.16678
1.1675
1.16864
1.17041
1.17298
1.1764
1.18054
1.18509
1.18967
1.19394
1.19762
1.20054
1.20257
1.20364
1.20376
1.20294
1.20131
1.19904
1.1963
1.19328
1.19008
1.18675
1.18333
1.18001
1.1771
1.17503
1.17406
1.17417
1.17501
1.17611
1.1771
1.17792
1.1788
1.18013
1.18225
1.18528
1.18909
1.19333
1.1976
1.20153
1.20484
1.20729
1.20875
1.2091
1.20833
1.20655
1.20409
1.20149
1.19943
1.19851
1.19905
1.20092
1.2036
1.20645
1.20889
1.21055
1.21126
1.21103
1.20998
1.2083
1.20625
1.20411
1.20215
1.20062
1.19963
1.19919
1.19919
1.19943
1.19971
1.19985
1.19973
1.19929
1.19853
1.19745
1.19608
1.19448
1.19268
1.19078
1.18886
1.18707
1.18554
1.18443
1.18383
1.18379
1.18424
1.18501
1.20078
1.20147
1.202
1.20255
1.20347
1.20507
1.2074
1.21015
1.21268
1.21424
1.21417
1.21209
1.20798
1.20225
1.1958
1.18989
1.18584
1.18457
1.18618
1.19007
1.19527
1.20088
1.20624
1.21101
1.21502
1.21824
1.22067
1.22235
1.22332
1.22363
1.22333
1.22245
1.22107
1.21922
1.21696
1.21432
1.21135
1.2081
1.20463
1.201
1.19735
1.19385
1.19069
1.18808
1.18621
1.18519
1.18506
1.18578
1.1872
1.18915
1.19143
1.19381
1.19611
1.19818
1.19991
1.20124
1.20216
1.20265
1.20273
1.20242
1.20174
1.20069
1.19932
1.19766
1.19578
1.19381
1.19187
1.19011
1.18862
1.18742
1.18641
1.1854
1.18413
1.18237
1.17999
1.17698
1.17356
1.1701
1.16704
1.16483
1.16378
1.16398
1.1653
1.16747
1.17012
1.17292
1.17561
1.17797
1.1799
1.18132
1.18225
1.18272
1.18286
1.18284
1.18285
1.18309
1.18369
1.18472
1.18616
1.18789
1.18974
1.19154
1.1931
1.19426
1.19489
1.19492
1.19435
1.19327
1.19187
1.19043
1.18929
1.18876
1.18903
1.19012
1.19187
1.19403
1.19627
1.19834
1.20002
1.20119
1.20175
1.20168
1.20093
1.19949
1.19736
1.19462
1.19147
1.18828
1.18556
1.18384
1.18353
1.1847
1.18709
1.1902
1.1935
1.19657
1.19918
1.20125
1.20283
1.20399
1.2048
1.20532
1.20554
1.2054
1.20485
1.20382
1.20234
1.20052
1.19864
1.1971
1.19633
1.19666
1.19824
1.20093
1.20442
1.20834
1.21233
1.21615
1.21965
1.22274
1.2254
1.22766
1.22952
1.23101
1.23217
1.23301
1.23355
1.23378
1.23371
1.23331
1.23258
1.2315
1.23004
1.22821
1.22602
1.2235
1.22069
1.21769
1.21464
1.21175
1.20925
1.20736
1.20621
1.20578
1.20583
1.206
1.20589
1.2052
1.20383
1.20191
1.19987
1.19832
1.19794
1.19933
1.20276
1.20804
1.2146
1.22161
1.22833
1.2342
1.23892
1.24243
1.2448
1.24615
1.24663
1.24637
1.24549
1.24408
1.2422
1.23992
1.23728
1.23436
1.23123
1.22796
1.22467
1.2215
1.21858
1.21606
1.21408
1.21277
1.2122
1.21241
1.21337
1.21498
1.21709
1.2195
1.22199
1.22431
1.22623
1.22752
1.22796
1.22736
1.22556
1.22249
1.21817
1.21287
1.20714
1.20184
1.19803
1.19656
1.1977
1.20092
1.20515
1.20927
1.21244
1.21431
1.21489
1.21443
1.21332
1.21192
1.21057
1.2095
1.20883
1.20863
1.20889
1.20955
1.21057
1.21187
1.21337
1.21494
1.21645
1.21777
1.21874
1.21924
1.21916
1.21845
1.21708
1.21511
1.21264
1.20986
1.20701
1.20436
1.20213
1.20048
1.19941
1.19885
1.19868
1.19881
1.19922
1.19997
1.20111
1.20265
1.20453
1.20661
1.20872
1.21067
1.21232
1.21358
1.21442
1.21484
1.21485
1.2145
1.21383
1.21289
1.21175
1.21046
1.20909
1.20774
1.2065
1.20547
1.20472
1.20434
1.20434
1.20474
1.20548
1.20646
1.20756
1.20861
1.20944
1.20983
1.20961
1.20862
1.20679
1.20421
1.20123
1.19848
1.19675
1.19677
1.19886
1.20278
1.20784
1.21325
1.21837
1.2228
1.22639
1.22913
1.23109
1.23234
1.23297
1.23303
1.23257
1.23164
1.23031
1.22866
1.2268
1.22484
1.22292
1.22114
1.21957
1.21824
1.21717
1.21631
1.21565
1.21514
1.21476
1.21446
1.21417
1.21384
1.21339
1.21282
1.21222
1.21173
1.21152
1.21173
1.21245
1.2137
1.21541
1.21748
1.21978
1.22219
1.22461
1.22693
1.22908
1.23096
1.23249
1.2336
1.23421
1.23428
1.23378
1.23272
1.23117
1.22925
1.22716
1.22513
1.22344
1.22236
1.2221
1.22276
1.22431
1.22659
1.22935
1.2323
1.23517
1.23775
1.23989
1.24149
1.2425
1.24291
1.24271
1.24189
1.24047
1.23843
1.23578
1.23253
1.22873
1.22445
1.21983
1.21503
1.21028
1.2058
1.2018
1.19844
1.1958
1.19385
1.19246
1.19141
1.19045
1.18929
1.18774
1.18571
1.18324
1.18054
1.17793
1.17582
1.1746
1.17458
1.17586
1.17838
1.18187
1.18599
1.19034
1.19462
1.19857
1.20207
1.20504
1.20748
1.20941
1.21089
1.21197
1.21271
1.21316
1.21336
1.21336
1.2132
1.2129
1.21248
1.21196
1.21133
1.2106
1.20975
1.20877
1.2076
1.20622
1.20457
1.20261
1.2003
1.19762
1.1946
1.19132
1.18794
1.1847
1.18188
1.17976
1.17857
1.17838
1.17914
1.18063
1.18257
1.18465
1.18658
1.18815
1.18921
1.1897
1.18961
1.18904
1.1881
1.18696
1.18574
1.18454
1.18337
1.18218
1.18091
1.17949
1.17791
1.17622
1.1745
1.17291
1.17162
1.17084
1.17073
1.17135
1.17264
1.17439
1.17633
1.1782
1.17979
1.18104
1.18197
1.18272
1.18347
1.18443
1.18571
1.18735
1.18922
1.19112
1.19279
1.19404
1.19472
1.19482
1.19441
1.1936
1.19258
1.1915
1.19051
1.18968
1.18902
1.18848
1.18798
1.18743
1.18675
1.18594
1.18503
1.18411
1.18327
1.18261
1.18215
1.18186
1.18164
1.18133
1.18079
1.17989
1.1786
1.17697
1.17514
1.17331
1.17175
1.17069
1.17029
1.17065
1.1717
1.17332
1.17529
1.17742
1.17951
1.18143
1.18312
1.18454
1.18569
1.18662
1.18737
1.18796
1.18846
1.18888
1.18925
1.1896
1.18994
1.19027
1.19059
1.19092
1.19124
1.19156
1.19188
1.19218
1.19247
1.19275
1.19302
1.19326
1.1935
1.19372
1.19395
1.19417
1.19442
1.19469
1.19502
1.19543
1.19593
1.19655
1.19731
1.19823
1.19931
1.20055
1.20194
1.20344
1.20501
1.20658
1.20807
1.20939
1.2104
1.21096
1.2109
1.21004
1.20817
1.20512
1.20077
1.19517
1.18868
1.18215
1.17689
1.17445
1.1759
1.18123
1.18931
1.19852
1.20746
1.21527
1.22166
1.22665
1.23044
1.23325
1.23528
1.23668
1.23753
1.23789
1.23777
1.23717
1.23609
1.23457
1.23266
1.23048
1.22816
1.22588
1.22381
1.22207
1.22075
1.21985
1.21933
1.21907
1.21897
1.21892
1.21884
1.21866
1.21837
1.21797
1.21746
1.2169
1.21637
1.21597
1.21587
1.2162
1.21711
1.21864
1.22076
1.22334
1.2262
1.22913
1.23196
1.23454
1.2368
1.23869
1.24021
1.24137
1.2422
1.24275
1.24307
1.24318
1.24316
1.24303
1.24285
1.24266
1.24249
1.24236
1.24228
1.24224
1.24219
1.24206
1.24176
1.24114
1.24006
1.23838
1.23601
1.23295
1.22932
1.22538
1.22148
1.21787
1.21468
1.21182
1.20918
1.20679
1.20493
1.20408
1.20465
1.2068
1.21028
1.21462
1.2193
1.22392
1.22824
1.23215
1.23563
1.23868
1.24134
1.24358
1.24542
1.24685
1.24789
1.24856
1.24893
1.24906
1.24902
1.24889
1.24872
1.24852
1.24828
1.24795
1.24744
1.24666
1.2455
1.24383
1.24157
1.23863
1.23499
1.23069
1.22589
1.22085
1.21598
1.21176
1.20864
1.20697
1.20686
1.20816
1.21057
1.21366
1.21705
1.22042
1.22356
1.22636
1.22878
1.23085
1.23258
1.234
1.23512
1.23593
1.2364
1.23651
1.23624
1.23558
1.23456
1.23322
1.23162
1.22984
1.22795
1.22604
1.22417
1.22242
1.22083
1.21942
1.2182
1.21715
1.21621
1.21531
1.21434
1.2132
1.21182
1.21019
1.20841
1.20669
1.20532
1.20461
1.20477
1.20583
1.20762
1.20979
1.21196
1.21378
1.21499
1.21541
1.21496
1.21362
1.21143
1.20848
1.20491
1.20092
1.19679
1.19281
1.18936
1.18679
1.18539
1.18531
1.18647
1.18855
1.19111
1.19366
1.19577
1.19715
1.19763
1.19717
1.19584
1.19379
1.19128
1.18863
1.18624
1.18448
1.18365
1.18385
1.18501
1.18689
1.18913
1.19142
1.19348
1.19513
1.19629
1.19693
1.19708
1.19678
1.19609
1.19507
1.19376
1.19222
1.19048
1.18856
1.1865
1.18436
1.18223
1.18026
1.17863
1.17753
1.17707
1.17726
1.17796
1.17896
1.18004
1.18104
1.18186
1.18253
1.18314
1.1838
1.18463
1.18569
1.187
1.1885
1.19008
1.19158
1.19284
1.19368
1.19399
1.1937
1.19285
1.19156
1.19006
1.18863
1.18754
1.18696
1.18691
1.18725
1.18774
1.18807
1.18793
1.18703
1.18506
1.1817
1.17663
1.16963
1.16082
1.15103
1.14199
1.13607
1.1351
1.13927
1.14699
1.15601
1.16448
1.17149
1.1768
1.18059
1.1832
1.18498
1.18624
1.18721
1.18801
1.1887
1.18925
1.18954
1.18943
1.1887
1.18716
1.18468
1.18126
1.17719
1.17313
1.17001
1.16877
1.16989
1.17314
1.17772
1.18264
1.18712
1.19075
1.19341
1.19518
1.19622
1.19671
1.19679
1.19658
1.19615
1.19556
1.19482
1.19397
1.19303
1.19202
1.19099
1.19
1.18912
1.18843
1.18801
1.18792
1.18821
1.18891
1.19001
1.1915
1.19333
1.19543
1.1977
1.20003
1.2023
1.2044
1.20626
1.2078
1.20898
1.20981
1.21028
1.21042
1.21026
1.20985
1.20922
1.20843
1.20752
1.20654
1.20554
1.20456
1.20363
1.20278
1.202
1.20129
1.20062
1.19995
1.19923
1.19841
1.19743
1.19626
1.19488
1.19331
1.19159
1.18981
1.18811
1.1867
1.18581
1.18575
1.18676
1.18899
1.19243
1.19685
1.20188
1.20707
1.21199
1.21633
1.21987
1.22252
1.22424
1.22503
1.22495
1.22403
1.22237
1.22008
1.21732
1.21428
1.21119
1.20823
1.20549
1.20295
1.20047
1.19789
1.19509
1.1921
1.18914
1.18658
1.18479
1.18406
1.18443
1.18576
1.18773
1.19005
1.19243
1.1947
1.19676
1.19856
1.20008
1.20133
1.20234
1.20312
1.20371
1.20415
1.20445
1.20465
1.20474
1.2047
1.20447
1.20396
1.20302
1.20144
1.199
1.19547
1.19075
1.18497
1.17868
1.17285
1.1686
1.16666
1.1669
1.16838
1.20125
1.20168
1.20103
1.19966
1.19811
1.19683
1.19597
1.19546
1.1952
1.19524
1.19579
1.19708
1.1992
1.20199
1.20516
1.20834
1.21126
1.21376
1.21578
1.21737
1.21859
1.21951
1.22022
1.22077
1.22121
1.22156
1.22181
1.22197
1.22199
1.22183
1.22143
1.22073
1.21965
1.21814
1.21616
1.21376
1.21102
1.20817
1.20545
1.20314
1.20137
1.20013
1.19918
1.1982
1.19694
1.19537
1.19379
1.1927
1.19262
1.19377
1.19595
1.19862
1.2011
1.20282
1.20341
1.20269
1.20068
1.19764
1.19411
1.19096
1.18922
1.18968
1.19254
1.19725
1.20283
1.20833
1.21311
1.21689
1.21966
1.22156
1.22276
1.22345
1.22379
1.2239
1.22386
1.22376
1.22362
1.22348
1.22335
1.22324
1.22312
1.22299
1.22283
1.22262
1.22235
1.22202
1.22163
1.22121
1.22079
1.22043
1.22017
1.22007
1.22017
1.22051
1.22109
1.22193
1.22301
1.22433
1.22588
1.22766
1.22965
1.23183
1.2341
1.23635
1.23839
1.24
1.24099
1.24114
1.24034
1.23852
1.23568
1.23194
1.22749
1.22258
1.21743
1.21224
1.2071
1.20213
1.19761
1.19416
1.19257
1.19327
1.19583
1.19905
1.20179
1.20371
1.20536
1.20761
1.21098
1.21539
1.22035
1.22532
1.22988
1.23376
1.23677
1.23883
1.23992
1.24009
1.23943
1.23807
1.23619
1.23394
1.23151
1.22907
1.22678
1.22479
1.22323
1.22215
1.22161
1.22161
1.22213
1.22314
1.22457
1.22633
1.22831
1.23036
1.23233
1.23406
1.23544
1.23637
1.2368
1.23671
1.23615
1.23515
1.23381
1.23223
1.23049
1.22872
1.22698
1.22535
1.22388
1.2226
1.22152
1.22059
1.21972
1.21877
1.21763
1.21623
1.21462
1.21296
1.2115
1.21048
1.21012
1.21054
1.21174
1.2136
1.21593
1.2185
1.22105
1.22338
1.22531
1.22671
1.22752
1.22769
1.22722
1.22618
1.22465
1.22278
1.22078
1.21889
1.21737
1.21642
1.21612
1.21644
1.21727
1.21838
1.21959
1.22072
1.22164
1.22232
1.22274
1.22293
1.22294
1.22283
1.22266
1.22246
1.22224
1.222
1.22165
1.22109
1.22014
1.2186
1.2163
1.21312
1.20919
1.20493
1.20117
1.19893
1.19898
1.20147
1.20577
1.21083
1.21562
1.21943
1.22191
1.223
1.22282
1.22157
1.21952
1.21703
1.21449
1.21225
1.21062
1.20971
1.20949
1.20979
1.21037
1.21107
1.21178
1.21249
1.21325
1.21414
1.21523
1.21656
1.21814
1.21993
1.22185
1.22383
1.22579
1.22766
1.22938
1.2309
1.2322
1.23325
1.23405
1.23459
1.23488
1.23493
1.23475
1.23437
1.23383
1.23315
1.23238
1.23156
1.23071
1.22988
1.2291
1.22838
1.22775
1.22722
1.22679
1.22646
1.22622
1.22609
1.22608
1.2262
1.22649
1.22699
1.22772
1.22871
1.22992
1.23131
1.23279
1.23423
1.23553
1.23656
1.23728
1.23764
1.2377
1.23756
1.23734
1.2372
1.23721
1.23742
1.23773
1.23798
1.23794
1.23741
1.23624
1.23443
1.2322
1.23002
1.22852
1.2283
1.22963
1.23236
1.23592
1.23962
1.24285
1.24522
1.24657
1.24692
1.2464
1.24516
1.24339
1.24128
1.23898
1.23665
1.23438
1.23224
1.23023
1.22834
1.22653
1.22482
1.22328
1.22206
1.22138
1.22145
1.22237
1.22414
1.2266
1.22951
1.2326
1.23563
1.23845
1.24094
1.24306
1.24481
1.24622
1.24734
1.24822
1.24894
1.24956
1.25014
1.25072
1.25133
1.25199
1.2527
1.25345
1.25421
1.25492
1.25552
1.25593
1.25606
1.25577
1.25496
1.25348
1.25126
1.24829
1.24472
1.24095
1.23758
1.23531
1.23468
1.23586
1.2385
1.24196
1.24558
1.24881
1.25137
1.25317
1.25426
1.25475
1.25475
1.25438
1.25374
1.25292
1.25197
1.25097
1.24997
1.24903
1.24823
1.24765
1.24737
1.24748
1.24803
1.24904
1.25048
1.25229
1.25436
1.25657
1.25883
1.26104
1.26314
1.26509
1.26688
1.26848
1.26988
1.27102
1.27181
1.27208
1.27164
1.27025
1.26773
1.26403
1.25942
1.25459
1.2506
1.24854
1.24903
1.25183
1.25609
1.26074
1.26497
1.26839
1.27093
1.27267
1.27378
1.27436
1.27443
1.27395
1.27278
1.27077
1.26778
1.26375
1.25875
1.25307
1.24718
1.24173
1.23751
1.23532
1.23585
1.23934
1.24536
1.25288
1.26063
1.26762
1.27328
1.27748
1.28033
1.28203
1.28278
1.28269
1.28182
1.28015
1.27765
1.27431
1.27019
1.26552
1.26067
1.25618
1.25258
1.25033
1.24965
1.2505
1.2526
1.25553
1.25886
1.26216
1.26513
1.26757
1.2694
1.27062
1.27126
1.27132
1.27078
1.26956
1.26761
1.2649
1.26149
1.25757
1.25343
1.24949
1.24625
1.24422
1.2438
1.24516
1.24817
1.25245
1.25745
1.26257
1.26736
1.27151
1.27487
1.2774
1.27914
1.28013
1.28037
1.27985
1.27855
1.27647
1.27369
1.27046
1.2672
1.26441
1.26254
1.26179
1.26195
1.26251
1.26285
1.26246
1.26111
1.25887
1.25611
1.2534
1.25134
1.25039
1.2507
1.2521
1.25415
1.25637
1.25832
1.25975
1.26055
1.26072
1.26037
1.25966
1.25877
1.25788
1.25719
1.25685
1.25697
1.25763
1.2588
1.26043
1.2624
1.26455
1.26675
1.26885
1.27075
1.27237
1.27366
1.27461
1.27518
1.27537
1.27511
1.27434
1.27289
1.27056
1.26708
1.26214
1.2556
1.24762
1.23901
1.23131
1.22632
1.22523
1.22783
1.23273
1.23826
1.24325
1.24722
1.25017
1.25233
1.25394
1.2552
1.25624
1.25716
1.25803
1.25891
1.25981
1.26072
1.26163
1.26249
1.26324
1.26383
1.26424
1.26445
1.26445
1.26428
1.26395
1.2635
1.26299
1.26247
1.26198
1.26157
1.26129
1.26116
1.26117
1.26129
1.2615
1.26172
1.26192
1.26206
1.26217
1.26227
1.26243
1.26273
1.2632
1.26387
1.2647
1.26566
1.26665
1.26764
1.26859
1.26946
1.27029
1.27106
1.27182
1.27258
1.27333
1.27408
1.2748
1.27547
1.27605
1.2765
1.2768
1.27695
1.27697
1.27689
1.2768
1.27675
1.27681
1.27701
1.27734
1.27773
1.27809
1.27829
1.27824
1.27785
1.27709
1.27597
1.27456
1.27297
1.27133
1.26981
1.26854
1.26767
1.26727
1.26739
1.268
1.26905
1.27044
1.27206
1.27377
1.27546
1.27703
1.2784
1.27952
1.28035
1.28087
1.28108
1.28099
1.28065
1.28013
1.27951
1.27894
1.27855
1.27849
1.27886
1.27972
1.28104
1.28271
1.28453
1.28628
1.28771
1.28862
1.28888
1.28846
1.28747
1.28614
1.28475
1.28362
1.28297
1.28294
1.28349
1.28456
1.28602
1.28774
1.28955
1.29128
1.29271
1.29363
1.29387
1.29337
1.29218
1.29049
1.28862
1.28688
1.28554
1.28477
1.28453
1.28468
1.28503
1.28538
1.28563
1.28571
1.28563
1.28537
1.28498
1.28452
1.28412
1.28396
1.28423
1.2851
1.28664
1.28883
1.29154
1.29456
1.29767
1.30064
1.30332
1.30557
1.30732
1.30855
1.30927
1.30953
1.3094
1.309
1.30845
1.30788
1.3074
1.30709
1.30698
1.30702
1.30709
1.30702
1.3066
1.30561
1.30389
1.30131
1.29786
1.29373
1.28929
1.28514
1.28199
1.28047
1.2809
1.2832
1.28689
1.29137
1.29605
1.3005
1.30447
1.30785
1.31059
1.3127
1.31419
1.31507
1.31533
1.31498
1.314
1.31239
1.31016
1.30732
1.30393
1.30004
1.29577
1.29128
1.28675
1.28243
1.27858
1.27549
1.27338
1.27249
1.27299
1.27507
1.27884
1.28424
1.29092
1.29823
1.3054
1.3117
1.31666
1.32007
1.32199
1.32271
1.32265
1.32221
1.32167
1.32103
1.31992
1.31772
1.31378
1.30777
1.30019
1.29261
1.2873
1.28604
1.28883
1.29403
1.29954
1.30397
1.30693
1.30868
1.30974
1.31053
1.31133
1.31221
1.31313
1.31397
1.31462
1.31499
1.31503
1.3147
1.31399
1.31288
1.31138
1.30953
1.30739
1.30503
1.30261
1.30025
1.29808
1.29615
1.29444
1.29277
1.29093
1.28866
1.28576
1.28214
1.27784
1.27305
1.268
1.26293
1.2581
1.25377
1.25021
1.24765
1.24624
1.24603
1.24694
1.24885
1.25164
1.25521
1.25942
1.26406
1.26885
1.27348
1.27768
1.28127
1.28417
1.28635
1.28787
1.28878
1.28915
1.28905
1.28852
1.28764
1.28643
1.28497
1.2833
1.28147
1.27953
1.27753
1.27551
1.2735
1.27152
1.26955
1.26759
1.26562
1.26362
1.26157
1.25951
1.25746
1.2555
1.2537
1.25213
1.25083
1.24979
1.24898
1.24834
1.24775
1.24712
1.24634
1.24527
1.24382
1.24189
1.23948
1.23667
1.23369
1.23092
1.22888
1.22815
1.22915
1.23204
1.23657
1.24216
1.24809
1.25372
1.25862
1.26256
1.26553
1.26756
1.26878
1.26929
1.26919
1.26853
1.26736
1.26568
1.26347
1.26071
1.25738
1.25348
1.24906
1.24427
1.23934
1.23464
1.23058
1.22756
1.2258
1.22533
1.22589
1.22711
1.22861
1.23009
1.23141
1.23258
1.2337
1.23487
1.23617
1.23759
1.239
1.24022
1.24105
1.24131
1.24089
1.23977
1.23803
1.23587
1.23354
1.23137
1.22963
1.22854
1.22821
1.22866
1.22984
1.23159
1.23371
1.23595
1.23804
1.23974
1.24089
1.2414
1.24123
1.24041
1.239
1.2371
1.23481
1.23226
1.22958
1.22694
1.22448
1.22234
1.22064
1.21948
1.2189
1.21892
1.21952
1.22063
1.22215
1.22399
1.22602
1.22813
1.2302
1.23215
1.23391
1.23541
1.23664
1.23758
1.23823
1.2386
1.23872
1.2386
1.23825
1.2377
1.23696
1.23605
1.23499
1.23378
1.23245
1.23102
1.22954
1.22804
1.22657
1.2252
1.22396
1.22292
1.22211
1.22155
1.22125
1.2212
1.22137
1.22175
1.22228
1.22292
1.22364
1.22439
1.22515
1.22586
1.2006
1.20115
1.2016
1.20194
1.20217
1.20229
1.20232
1.20228
1.2022
1.20211
1.20205
1.20204
1.2021
1.20225
1.20249
1.2028
1.20317
1.20357
1.20398
1.20439
1.20477
1.2051
1.20538
1.20557
1.20565
1.20557
1.20526
1.20462
1.20355
1.20191
1.19957
1.19646
1.19263
1.18833
1.18405
1.18054
1.17853
1.17852
1.18048
1.18392
1.18811
1.19238
1.19625
1.1995
1.20208
1.20404
1.2055
1.2066
1.20749
1.20833
1.20924
1.21029
1.2115
1.21281
1.21409
1.21518
1.21588
1.216
1.21537
1.21379
1.21109
1.20709
1.20164
1.19467
1.18633
1.17707
1.16761
1.15885
1.15155
1.14623
1.14313
1.14241
1.14417
1.14842
1.15488
1.16296
1.17186
1.18072
1.18881
1.1956
1.20081
1.20438
1.20641
1.20709
1.20669
1.20549
1.20377
1.20177
1.19974
1.19788
1.19636
1.19529
1.19477
1.19483
1.19546
1.19663
1.19823
1.20017
1.20229
1.20447
1.20658
1.20854
1.21029
1.21179
1.21303
1.214
1.21469
1.21506
1.21507
1.21465
1.2137
1.21213
1.20986
1.20681
1.20297
1.19838
1.19317
1.18754
1.1818
1.1763
1.17148
1.16778
1.16562
1.16531
1.16698
1.1705
1.17557
1.18177
1.18863
1.19569
1.20251
1.20873
1.21405
1.21826
1.22126
1.22304
1.2236
1.22303
1.22142
1.21889
1.21563
1.21185
1.20785
1.20394
1.20044
1.19761
1.1956
1.1944
1.19392
1.19399
1.1944
1.19497
1.19555
1.19601
1.19628
1.19629
1.19601
1.19548
1.19474
1.19392
1.19314
1.19255
1.1923
1.19245
1.19305
1.19404
1.19535
1.19688
1.1985
1.20016
1.20181
1.20343
1.20501
1.20654
1.208
1.20934
1.21052
1.21149
1.21219
1.21261
1.21273
1.21256
1.21215
1.21152
1.21073
1.20983
1.20887
1.20791
1.20697
1.20609
1.20531
1.20464
1.20412
1.20376
1.2036
1.20365
1.20393
1.20441
1.20507
1.20584
1.20666
1.20743
1.20808
1.20852
1.20869
1.20855
1.20805
1.20717
1.20591
1.20428
1.20232
1.20011
1.19776
1.19541
1.19323
1.19139
1.19006
1.18931
1.18919
1.18964
1.19055
1.19174
1.19306
1.19433
1.19543
1.19631
1.19694
1.19738
1.19771
1.19804
1.19848
1.19912
1.19999
1.20106
1.20226
1.20348
1.20461
1.20554
1.20621
1.2066
1.20671
1.2066
1.20631
1.20594
1.20557
1.20528
1.20514
1.2052
1.20547
1.20594
1.20652
1.20712
1.20764
1.208
1.2082
1.20828
1.20835
1.20845
1.20855
1.20846
1.20788
1.2065
1.20411
1.2007
1.19658
1.19234
1.18877
1.18667
1.18657
1.18856
1.19224
1.19694
1.20187
1.2063
1.20964
1.21149
1.2117
1.21036
1.20782
1.20462
1.20136
1.19854
1.1964
1.19497
1.19418
1.19398
1.19441
1.19552
1.19734
1.19977
1.20261
1.2056
1.20848
1.21107
1.21323
1.21492
1.21616
1.21696
1.2174
1.21754
1.21743
1.21714
1.21673
1.21627
1.21582
1.21543
1.21514
1.21498
1.21498
1.21514
1.21543
1.21584
1.21633
1.21685
1.21731
1.21766
1.2178
1.21766
1.21722
1.2165
1.21561
1.21475
1.21415
1.21402
1.2145
1.2156
1.21716
1.21897
1.22077
1.22233
1.2235
1.22419
1.22432
1.22385
1.2227
1.22076
1.21786
1.21387
1.20885
1.2032
1.19782
1.19402
1.19304
1.19551
1.20106
1.20851
1.21641
1.22351
1.22898
1.23239
1.23357
1.23256
1.22951
1.22473
1.21879
1.21248
1.20679
1.20274
1.20107
1.20203
1.20528
1.21003
1.2153
1.22021
1.22418
1.22699
1.22866
1.22941
1.22951
1.2293
1.22905
1.22899
1.22924
1.22984
1.23071
1.23174
1.23274
1.23354
1.23396
1.23385
1.23307
1.23154
1.22918
1.22599
1.22203
1.21745
1.21252
1.20761
1.20318
1.19966
1.19739
1.19646
1.19672
1.19783
1.19933
1.20085
1.20212
1.20306
1.20373
1.2043
1.20492
1.20573
1.20674
1.20789
1.20906
1.21012
1.21094
1.21146
1.21164
1.21147
1.21097
1.21018
1.20914
1.2079
1.20649
1.20495
1.20332
1.20164
1.19992
1.19821
1.19652
1.19489
1.19333
1.19187
1.19051
1.18926
1.18814
1.18714
1.18625
1.18547
1.18479
1.1842
1.18367
1.1832
1.18277
1.18237
1.182
1.18165
1.1813
1.18095
1.1806
1.18024
1.17987
1.17949
1.17912
1.17874
1.17838
1.17803
1.17772
1.17744
1.1772
1.17701
1.17687
1.17676
1.1767
1.17667
1.17666
1.17666
1.17666
1.17666
1.17664
1.1766
1.17652
1.17641
1.17625
1.17603
1.17574
1.17536
1.17485
1.1742
1.17336
1.1723
1.17099
1.1694
1.16754
1.16543
1.16311
1.16067
1.15822
1.15591
1.1539
1.15238
1.15151
1.15141
1.15213
1.15365
1.15586
1.15858
1.1616
1.1647
1.16769
1.17043
1.17282
1.17481
1.17639
1.17758
1.17841
1.17893
1.17918
1.17923
1.17912
1.1789
1.17862
1.17832
1.17802
1.17776
1.17755
1.1774
1.1773
1.17723
1.17717
1.17706
1.17683
1.17641
1.17567
1.1745
1.17274
1.17024
1.16686
1.16252
1.15728
1.15141
1.14545
1.14015
1.13638
1.13484
1.13583
1.13912
1.14405
1.14977
1.15549
1.16066
1.16497
1.16831
1.17073
1.17235
1.17332
1.17379
1.17389
1.17376
1.17348
1.17316
1.17286
1.17266
1.1726
1.17271
1.173
1.17346
1.17408
1.17483
1.17565
1.17651
1.17737
1.17819
1.17893
1.17958
1.18013
1.18058
1.18096
1.18131
1.18167
1.18206
1.18246
1.1828
1.1829
1.18248
1.18122
1.17874
1.17479
1.16945
1.1633
1.15749
1.15341
1.15196
1.153
1.15543
1.15793
1.15959
1.16019
1.16001
1.15958
1.15939
1.15978
1.16078
1.16224
1.16383
1.16516
1.16586
1.16563
1.16427
1.16177
1.15842
1.15488
1.15215
1.15122
1.15259
1.15588
1.16002
1.16375
1.16617
1.16697
1.1664
1.16515
1.16407
1.16388
1.1649
1.167
1.16977
1.17275
1.1756
1.17812
1.18027
1.18204
1.18341
1.18437
1.18489
1.18495
1.18454
1.18371
1.18253
1.18114
1.17968
1.1783
1.17708
1.176
1.17493
1.17366
1.17191
1.16952
1.16648
1.16313
1.16012
1.1583
1.1583
1.16025
1.16362
1.16749
1.17099
1.1736
1.17524
1.17618
1.17689
1.17782
1.17924
1.18118
1.18344
1.18574
1.18788
1.18973
1.19132
1.19271
1.19395
1.19495
1.19544
1.195
1.19314
1.18957
1.18461
1.17955
1.17655
1.17764
1.1833
1.19206
1.20152
1.20968
1.21554
1.21887
1.21987
1.2189
1.21643
1.21307
1.20961
1.2069
1.20567
1.20612
1.20789
1.21013
1.21196
1.21269
1.21201
1.20994
1.20675
1.20287
1.19887
1.19534
1.19295
1.19225
1.19363
1.19715
1.20254
1.20926
1.21665
1.2241
1.23114
1.23747
1.24293
1.24745
1.25105
1.25374
1.25556
1.25653
1.25666
1.25596
1.25446
1.25221
1.24931
1.24593
1.24231
1.23877
1.23564
1.23325
1.23178
1.23124
1.23149
1.23222
1.23309
1.23374
1.23392
1.2335
1.2325
1.23109
1.2296
1.22842
1.22784
1.22796
1.22864
1.22951
1.23011
1.2301
1.22939
1.22818
1.22699
1.22649
1.22721
1.22928
1.23237
1.23587
1.23911
1.24164
1.24323
1.24386
1.24365
1.24274
1.24129
1.23938
1.23706
1.23434
1.2312
1.22763
1.22368
1.21942
1.215
1.2106
1.20648
1.2029
1.20013
1.19841
1.19787
1.19854
1.20031
1.20295
1.20618
1.2097
1.21322
1.21653
1.21947
1.22196
1.22398
1.22552
1.22663
1.22736
1.22772
1.22775
1.22746
1.22685
1.22591
1.22467
1.22316
1.22143
1.2196
1.21779
1.21615
1.21482
1.21388
1.2134
1.21338
1.21378
1.21452
1.2155
1.21658
1.2176
1.2184
1.21884
1.21881
1.21831
1.2174
1.21622
1.21495
1.21375
1.21271
1.21184
1.21111
1.21051
1.21014
1.21014
1.2107
1.21187
1.21355
1.21544
1.2172
1.21847
1.21899
1.21863
1.21733
1.21514
1.21215
1.20852
1.20443
1.20012
1.19586
1.1919
1.18849
1.18582
1.18395
1.18289
1.18255
1.18275
1.18333
1.18413
1.18503
1.18594
1.18681
1.18762
1.18836
1.18901
1.18958
1.19009
1.19055
1.19096
1.19131
1.19155
1.19161
1.19147
1.19112
1.19064
1.19017
1.18989
1.18993
1.1904
1.19128
1.19246
1.19379
1.19512
1.19629
1.19723
1.19789
1.19826
1.19835
1.19818
1.19779
1.19717
1.19634
1.19527
1.19392
1.19225
1.19019
1.18766
1.18459
1.18093
1.1767
1.17196
1.16692
1.16187
1.15718
1.15321
1.15025
1.14844
1.14779
1.14822
1.1496
1.15177
1.15451
1.15754
1.16054
1.16321
1.16527
1.16655
1.16699
1.16667
1.16577
1.16458
1.16344
1.16266
1.16241
1.16276
1.16357
1.16462
1.16568
1.16653
1.16701
1.16706
1.16664
1.16578
1.16453
1.16297
1.16119
1.1593
1.15742
1.15566
1.15409
1.15279
1.15173
1.15089
1.15019
1.14956
1.14894
1.14828
1.14757
1.14676
1.1458
1.14459
1.143
1.14092
1.13829
1.13525
1.13216
1.12963
1.12838
1.12897
1.13149
1.13556
1.14041
1.14524
1.14946
1.15274
1.155
1.15632
1.15691
1.15701
1.15687
1.15671
1.15671
1.15694
1.15744
1.15815
1.159
1.1599
1.16078
1.1616
1.16232
1.16292
1.1634
1.16373
1.16389
1.16385
1.1636
1.16317
1.16263
1.1621
1.16172
1.16163
1.16194
1.16269
1.16384
1.16528
1.16685
1.16837
1.16964
1.1705
1.17083
1.17052
1.16953
1.1679
1.16572
1.16317
1.16042
1.15762
1.15488
1.15231
1.15016
1.14883
1.14869
1.14986
1.15204
1.15467
1.15717
1.15916
1.16055
1.16146
1.16216
1.16291
1.16394
1.16537
1.16724
1.1695
1.17202
1.17467
1.17731
1.17982
1.18208
1.20182
1.20338
1.20455
1.20532
1.20572
1.20578
1.20555
1.20508
1.20443
1.20364
1.20273
1.20168
1.2005
1.19914
1.19762
1.19597
1.19429
1.19273
1.19148
1.19072
1.19054
1.19093
1.19177
1.19285
1.19396
1.19493
1.19562
1.196
1.19606
1.19586
1.19545
1.19488
1.19419
1.19341
1.19255
1.1916
1.19055
1.1894
1.1882
1.18701
1.18598
1.18531
1.18522
1.18588
1.18736
1.18958
1.19229
1.19519
1.19796
1.20036
1.20223
1.20351
1.20422
1.20446
1.20436
1.20407
1.20375
1.20354
1.20354
1.20377
1.20421
1.20478
1.20537
1.20589
1.20625
1.20637
1.20624
1.20584
1.20517
1.20422
1.20298
1.20144
1.1996
1.19751
1.19532
1.1933
1.19176
1.19102
1.19127
1.19248
1.19444
1.19683
1.19934
1.20174
1.20389
1.20574
1.20728
1.20849
1.2094
1.21002
1.21036
1.21047
1.21042
1.21028
1.2101
1.20993
1.20975
1.2095
1.20906
1.20829
1.20708
1.20536
1.20318
1.20074
1.19838
1.19654
1.19557
1.19565
1.19661
1.19796
1.19909
1.19948
1.19896
1.19793
1.19731
1.19818
1.20113
1.20594
1.21164
1.21709
1.22145
1.22431
1.2257
1.22587
1.2252
1.2241
1.22296
1.22202
1.22139
1.22105
1.22083
1.22056
1.22008
1.21937
1.21851
1.21769
1.21718
1.21719
1.21785
1.21913
1.22088
1.2229
1.22499
1.22697
1.22873
1.23022
1.2314
1.23225
1.23277
1.23296
1.23285
1.23249
1.232
1.23152
1.23127
1.23142
1.23214
1.2335
1.23547
1.23793
1.24069
1.24357
1.24639
1.24901
1.25131
1.25324
1.25473
1.25577
1.25633
1.25639
1.25595
1.25499
1.25352
1.2516
1.24933
1.24692
1.24468
1.24299
1.24226
1.24274
1.24446
1.24716
1.25033
1.25338
1.25574
1.25697
1.25678
1.255
1.25162
1.24672
1.24057
1.2336
1.22641
1.21972
1.21424
1.21058
1.20912
1.20998
1.21305
1.21799
1.22434
1.23154
1.23903
1.24635
1.25319
1.25938
1.26485
1.26959
1.27359
1.27684
1.27931
1.28098
1.28181
1.28181
1.28098
1.27935
1.27694
1.27382
1.27003
1.26568
1.26087
1.25575
1.25053
1.24547
1.24087
1.23708
1.23442
1.23312
1.23326
1.23469
1.23709
1.24001
1.243
1.24572
1.24794
1.24959
1.25071
1.25143
1.25189
1.25226
1.25263
1.25302
1.25333
1.2534
1.25301
1.252
1.25033
1.24815
1.24578
1.24366
1.24217
1.24151
1.24161
1.24229
1.24333
1.24464
1.24621
1.24805
1.25007
1.25208
1.25379
1.25495
1.25533
1.25485
1.25354
1.25152
1.24901
1.24626
1.24353
1.241
1.23879
1.23696
1.2355
1.2344
1.23361
1.2331
1.23281
1.23268
1.23262
1.23254
1.23235
1.23194
1.23124
1.23018
1.22873
1.22686
1.22455
1.22172
1.21823
1.21385
1.20844
1.20217
1.19582
1.19082
1.18876
1.1905
1.19552
1.20227
1.20909
1.2149
1.21931
1.22241
1.2245
1.22589
1.22685
1.22754
1.22807
1.2285
1.22885
1.22912
1.22932
1.22943
1.22948
1.22946
1.22938
1.22926
1.22911
1.22893
1.22874
1.22854
1.22833
1.22812
1.22791
1.22769
1.22747
1.22723
1.22698
1.22669
1.22638
1.22602
1.22563
1.2252
1.22474
1.22425
1.22375
1.22324
1.22269
1.2221
1.22142
1.22063
1.21968
1.21855
1.21727
1.21588
1.21449
1.21327
1.21238
1.21203
1.21233
1.21332
1.21491
1.21685
1.21883
1.22046
1.2214
1.2214
1.22034
1.21827
1.2154
1.21214
1.20901
1.20668
1.20584
1.20704
1.21043
1.2156
1.22173
1.2279
1.23342
1.23793
1.24136
1.24381
1.24549
1.2466
1.24731
1.24775
1.24801
1.24812
1.24811
1.24795
1.24764
1.24714
1.24645
1.24558
1.24458
1.2435
1.24246
1.24155
1.24086
1.24045
1.24035
1.24053
1.24093
1.2415
1.2422
1.24297
1.24379
1.2446
1.24532
1.24584
1.24603
1.24572
1.24476
1.24303
1.24049
1.23721
1.2334
1.22948
1.22595
1.22329
1.22176
1.22131
1.22158
1.22207
1.22235
1.22212
1.22132
1.21998
1.21815
1.21585
1.21311
1.21014
1.20744
1.20587
1.20632
1.20924
1.2143
1.2205
1.22666
1.2319
1.23572
1.23801
1.23884
1.23837
1.2368
1.23434
1.23126
1.2279
1.22467
1.22202
1.22036
1.21993
1.22075
1.22259
1.22509
1.22783
1.23045
1.23272
1.23449
1.23572
1.23641
1.2366
1.23634
1.23565
1.23455
1.23301
1.23102
1.22853
1.22549
1.22188
1.21775
1.21325
1.20869
1.20457
1.20152
1.20015
1.20078
1.20331
1.20721
1.21176
1.21626
1.2202
1.2233
1.22548
1.22675
1.22719
1.2269
1.22596
1.22446
1.22247
1.22006
1.21731
1.21433
1.21128
1.20838
1.20589
1.20407
1.20308
1.20298
1.20363
1.20478
1.2061
1.20728
1.20808
1.20831
1.20786
1.20669
1.20483
1.20237
1.19947
1.19629
1.19299
1.18963
1.18614
1.18242
1.17849
1.17463
1.17147
1.16991
1.17069
1.17404
1.17949
1.18606
1.1927
1.19862
1.2034
1.20692
1.20927
1.21066
1.21129
1.21138
1.2111
1.21058
1.20993
1.20921
1.20849
1.20777
1.20709
1.20645
1.20586
1.2053
1.20479
1.20432
1.20388
1.20348
1.20311
1.20275
1.20242
1.2021
1.20179
1.2015
1.20122
1.20096
1.20073
1.20052
1.20035
1.20022
1.20012
1.20006
1.20003
1.20003
1.20006
1.20011
1.20018
1.20026
1.20032
1.20033
1.20023
1.19992
1.19933
1.19843
1.19727
1.19608
1.19519
1.19506
1.19604
1.1983
1.20165
1.20564
1.2097
1.21329
1.216
1.21759
1.21793
1.21704
1.21505
1.2123
1.20931
1.20677
1.2054
1.20565
1.20755
1.21071
1.21449
1.21826
1.22155
1.22414
1.22594
1.22701
1.22746
1.22742
1.22704
1.22648
1.22585
1.22523
1.22465
1.22405
1.22334
1.22238
1.22109
1.21944
1.21753
1.21561
1.21399
1.21296
1.21267
1.2131
1.21403
1.21516
1.21625
1.21713
1.21777
1.21825
1.21867
1.21917
1.21983
1.22069
1.22174
1.22287
1.22394
1.22476
1.22512
1.22484
1.22377
1.22188
1.21928
1.21629
1.21351
1.21173
1.2118
1.21424
1.21895
1.22526
1.23217
1.23877
1.24447
1.249
1.25232
1.25454
1.2558
1.25625
1.25604
1.2553
1.25414
1.25272
1.25117
1.24966
1.24834
1.24734
1.24675
1.24659
1.24681
1.24727
1.24783
1.24831
1.24853
1.24837
1.24772
1.24657
1.24494
1.24292
1.24069
1.23839
1.23622
1.23429
1.23268
1.2314
1.23044
1.22979
1.2294
1.22926
1.22928
1.22935
1.22935
1.22915
1.2287
1.22799
1.2271
1.22613
1.22519
1.22439
1.22387
1.22379
1.22432
1.22562
1.22769
1.23044
1.23362
1.23693
1.24002
1.24261
1.24446
1.24543
1.24543
1.24444
1.24254
1.23985
1.23653
1.2328
1.22887
1.22493
1.22114
1.21764
1.21457
1.21209
1.2104
1.20968
1.21005
1.21145
1.21368
1.21637
1.21905
1.22124
1.22257
1.22283
1.22197
1.22014
1.21762
1.21482
1.21215
1.21002
1.20868
1.20824
1.20865
1.20975
1.21135
1.2133
1.21549
1.21787
1.22041
1.22306
1.22572
1.22828
1.2306
1.23257
1.23412
1.2352
1.23582
1.236
1.23578
1.2352
1.23431
1.23317
1.23185
1.23045
1.2291
1.22793
1.2271
1.22671
1.22681
1.22737
1.22829
1.22943
1.23064
1.23176
1.2327
1.23339
1.2338
1.23392
1.23374
1.23328
1.23251
1.23142
1.22997
1.22814
1.22588
1.22317
1.21999
1.21631
1.21206
1.20716
1.20152
1.19512
1.18814
1.18111
1.17497
1.17084
1.16965
1.17159
1.17603
1.18181
1.18782
1.19333
1.19801
1.20181
1.20482
1.20714
1.20883
1.20992
1.21042
1.21038
1.20993
1.20931
1.20882
1.20878
1.2094
1.21074
1.21264
1.21486
1.21711
1.21913
1.22074
1.22181
1.22224
1.22193
1.22075
1.2185
1.21491
1.20971
1.20276
1.19426
1.18506
1.17676
1.17117
1.16936
1.17081
1.17376
1.17627
1.17707
1.17576
1.17263
1.16839
1.16395
1.16025
1.15814
1.15813
1.1603
1.16418
1.16898
1.17387
1.17824
1.18176
1.18439
1.18624
1.18749
1.18834
1.18898
1.18953
1.1901
1.19074
1.19146
1.19225
1.1931
1.19395
1.19479
1.19556
1.19624
1.19682
1.19726
1.19757
1.19774
1.19778
1.19769
1.1975
1.1972
1.19684
1.19641
1.19596
1.1955
1.19507
1.19467
1.19434
1.19407
1.19387
1.19372
1.1936
1.19346
1.19325
1.19291
1.19235
1.19151
1.19033
1.18876
1.18682
1.18456
1.18213
1.17974
1.17763
1.17609
1.17531
1.17542
1.17637
1.17805
1.18022
1.18263
1.18504
1.18726
1.18914
1.19064
1.19174
1.19249
1.19297
1.19323
1.19332
1.19321
1.19284
1.19207
1.19075
1.18882
1.18635
1.18363
1.18121
1.17976
1.17979
1.1815
1.18461
1.18857
1.19276
1.19672
1.20018
1.20308
1.20546
1.20741
1.20901
1.21037
1.21153
1.21253
1.21338
1.2141
1.21466
1.21505
1.21526
1.21524
1.21499
1.21447
1.21364
1.21248
1.21093
1.20896
1.20652
1.20357
1.20009
1.19609
1.19166
1.18695
1.18222
1.17785
1.17426
1.17188
1.17102
1.17177
1.17394
1.17713
1.18077
1.18435
1.18746
1.18988
1.19162
1.19283
1.19374
1.19461
1.19566
1.197
1.19869
1.20066
1.20281
1.20501
1.2071
1.20894
1.2104
1.21141
1.21192
1.21194
1.2115
1.21067
1.20953
1.20816
1.20664
1.20506
1.20347
1.20192
1.20046
1.19911
1.19791
1.19692
1.19618
1.19574
1.19564
1.19591
1.19657
1.1976
1.19894
1.20054
1.20229
1.2041
1.20586
1.20748
1.20889
1.21002
1.21084
1.21134
1.2115
1.21135
1.21094
1.21032
1.20957
1.20877
1.20799
1.2073
1.20671
1.19954
1.19909
1.19861
1.19805
1.19733
1.19644
1.19536
1.19413
1.19274
1.19123
1.18959
1.1878
1.18585
1.18374
1.18152
1.17933
1.17735
1.17583
1.17498
1.17495
1.17577
1.17732
1.17942
1.18182
1.1843
1.18667
1.18884
1.19074
1.19236
1.19371
1.19481
1.1957
1.19638
1.19688
1.19718
1.19728
1.19714
1.19669
1.19588
1.19465
1.19296
1.19084
1.18842
1.1859
1.1836
1.18184
1.18088
1.1808
1.18148
1.18268
1.18406
1.18536
1.18638
1.18707
1.18746
1.18763
1.18772
1.18784
1.18809
1.18852
1.18914
1.1899
1.19072
1.1915
1.19211
1.19243
1.19232
1.19165
1.19029
1.18813
1.18512
1.18129
1.17682
1.17206
1.16752
1.16377
1.1613
1.16033
1.16069
1.16187
1.16328
1.16443
1.16521
1.16586
1.16687
1.16872
1.1716
1.17532
1.17939
1.1833
1.18663
1.18919
1.19097
1.19204
1.19255
1.19266
1.19249
1.19216
1.19174
1.19128
1.1908
1.19028
1.1897
1.18905
1.18833
1.18757
1.18686
1.18629
1.18594
1.18583
1.18589
1.186
1.18601
1.18578
1.18523
1.18438
1.18335
1.18232
1.18156
1.18132
1.18177
1.18299
1.1849
1.1873
1.18996
1.19263
1.19511
1.19727
1.19902
1.20034
1.20124
1.20177
1.20201
1.20206
1.20202
1.20199
1.20202
1.20213
1.20231
1.2025
1.20264
1.20266
1.2025
1.20212
1.20142
1.20029
1.19855
1.196
1.19243
1.18767
1.18175
1.17494
1.16792
1.16174
1.15754
1.15617
1.15775
1.16163
1.16673
1.17201
1.17672
1.18043
1.18291
1.18404
1.18374
1.18202
1.17901
1.17501
1.17054
1.16632
1.16313
1.16166
1.16228
1.16483
1.16871
1.17315
1.17749
1.18131
1.18448
1.18701
1.18898
1.19051
1.19169
1.19256
1.19318
1.19357
1.19373
1.1937
1.19347
1.19306
1.19248
1.19175
1.19087
1.18986
1.18873
1.1875
1.18618
1.1848
1.18341
1.18205
1.18079
1.17971
1.17886
1.1783
1.17803
1.17803
1.17825
1.17857
1.1789
1.17909
1.17905
1.17866
1.17788
1.17668
1.17515
1.17345
1.17187
1.17078
1.17052
1.17125
1.17284
1.17483
1.17657
1.17739
1.17675
1.17445
1.17077
1.16646
1.16263
1.16029
1.15987
1.16107
1.16311
1.16524
1.16693
1.16799
1.16838
1.16821
1.16764
1.16696
1.16655
1.16687
1.1683
1.17103
1.17498
1.1798
1.185
1.19011
1.19475
1.19872
1.20196
1.20449
1.2064
1.20778
1.20872
1.20931
1.20958
1.20956
1.20926
1.20866
1.20773
1.20644
1.20474
1.20259
1.19996
1.19687
1.19335
1.18954
1.18566
1.18204
1.17911
1.17732
1.17705
1.17849
1.18156
1.18593
1.1911
1.1965
1.20157
1.20583
1.20884
1.21027
1.20988
1.20759
1.20364
1.19873
1.19407
1.19108
1.19082
1.19341
1.198
1.20332
1.20821
1.21197
1.21423
1.2149
1.2139
1.21111
1.20622
1.1988
1.18854
1.17591
1.16324
1.15493
1.15527
1.16475
1.17945
1.19443
1.20666
1.21533
1.22084
1.22389
1.22515
1.22507
1.22397
1.22205
1.21948
1.2164
1.213
1.20953
1.20629
1.20358
1.20169
1.20078
1.20088
1.2019
1.20363
1.20585
1.20835
1.21096
1.21353
1.21598
1.21823
1.22022
1.22192
1.22328
1.22429
1.22492
1.22516
1.22498
1.22435
1.22324
1.22159
1.21934
1.21643
1.21279
1.20835
1.20306
1.19693
1.19011
1.18295
1.17608
1.17041
1.16698
1.16656
1.1693
1.17465
1.1816
1.1891
1.19632
1.20281
1.20835
1.21294
1.21663
1.21951
1.2217
1.22327
1.2243
1.22483
1.22491
1.22454
1.22371
1.22234
1.22032
1.21743
1.21342
1.20807
1.20135
1.19379
1.18668
1.18191
1.18107
1.18435
1.19033
1.19678
1.20183
1.20445
1.20437
1.20195
1.19801
1.19375
1.19043
1.18894
1.18945
1.19147
1.19429
1.19738
1.20052
1.20368
1.20684
1.20984
1.21247
1.21445
1.21562
1.21585
1.21515
1.21358
1.21127
1.20839
1.20512
1.20167
1.19827
1.19518
1.19272
1.19124
1.191
1.19214
1.19449
1.19763
1.20097
1.20398
1.20628
1.20777
1.20856
1.2089
1.20905
1.20919
1.20938
1.2096
1.20983
1.21006
1.21035
1.2108
1.21149
1.21246
1.21368
1.21507
1.21647
1.21773
1.21868
1.21917
1.21902
1.21808
1.21623
1.21338
1.20958
1.20502
1.2001
1.19543
1.19175
1.18968
1.18959
1.19141
1.19477
1.19911
1.2039
1.20869
1.21317
1.21711
1.22038
1.22294
1.22479
1.22603
1.22675
1.22709
1.22714
1.227
1.22674
1.2264
1.22599
1.22555
1.22512
1.22475
1.22453
1.22452
1.22477
1.22528
1.22599
1.22676
1.22738
1.22765
1.22735
1.22625
1.22416
1.22093
1.21643
1.21061
1.20354
1.19549
1.18703
1.17904
1.17263
1.16895
1.16881
1.17244
1.17931
1.18826
1.19797
1.20726
1.21542
1.22213
1.22738
1.23132
1.23416
1.23613
1.23742
1.2382
1.23863
1.23882
1.23889
1.23893
1.239
1.23915
1.23941
1.23977
1.24021
1.24071
1.24126
1.24185
1.24244
1.24302
1.24353
1.24389
1.244
1.24374
1.24295
1.24152
1.23937
1.23651
1.23308
1.22933
1.22561
1.22231
1.21975
1.21811
1.21742
1.21754
1.21825
1.21923
1.2202
1.22095
1.22141
1.22168
1.2219
1.22226
1.22285
1.22368
1.22461
1.22548
1.22609
1.22628
1.22591
1.22489
1.22315
1.22071
1.21764
1.21414
1.2105
1.20711
1.20434
1.20243
1.20139
1.201
1.20091
1.20078
1.20042
1.1998
1.19906
1.19835
1.19781
1.19749
1.1973
1.1971
1.19677
1.19616
1.1952
1.19386
1.19217
1.19019
1.18805
1.18595
1.18412
1.18283
1.18231
1.18266
1.1839
1.18586
1.18834
1.19111
1.19397
1.19678
1.19944
1.20191
1.20415
1.20614
1.20787
1.20934
1.21054
1.21147
1.21213
1.21254
1.21269
1.2126
1.21226
1.21171
1.21095
1.21001
1.20892
1.20774
1.20651
1.20527
1.20407
1.20292
1.20181
1.2007
1.19951
1.19813
1.19644
1.19434
1.19171
1.18852
1.18483
1.18084
1.17695
1.17369
1.17164
1.17122
1.17253
1.17535
1.17923
1.18371
1.18836
1.19289
1.19711
1.20089
1.20416
1.20686
1.20903
1.21069
1.21196
1.21292
1.21373
1.21448
1.21529
1.21621
1.21726
1.21842
1.21963
1.22083
1.22195
1.22291
1.22366
1.22416
1.2244
1.22438
1.22408
1.22352
1.22269
1.22159
1.22018
1.21841
1.21622
1.21362
1.21071
1.20771
1.20504
1.20319
1.20257
1.20336
1.20542
1.20833
1.21162
1.21485
1.21775
1.22019
1.22216
1.22368
1.22481
1.22558
1.22604
1.2262
1.22604
1.22554
1.22465
1.22333
1.2215
1.21909
1.21606
1.21243
1.20831
1.204
1.19992
1.19662
1.19458
1.19401
1.19482
1.19659
1.19881
1.20102
1.20294
1.20447
1.20566
1.20664
1.20757
1.20856
1.2097
1.211
1.21244
1.21391
1.2153
1.21646
1.21725
1.2175
1.21707
1.21582
1.21363
1.21045
1.20635
1.20152
1.19634
1.19132
1.18695
1.18359
1.18134
1.18007
1.17956
1.17961
1.18014
1.18115
1.18266
1.18468
1.18714
1.18992
1.19285
1.19581
1.19865
1.20128
1.20365
1.20571
1.20747
1.20892
1.21008
1.21096
1.21157
1.21192
1.21201
1.21185
1.21141
1.21067
1.2096
1.20817
1.20634
1.20408
1.20136
1.19821
1.19469
1.19091
1.18709
1.18348
1.18041
1.17813
1.17684
1.17663
1.17743
1.17909
1.18142
1.18422
1.18729
1.1905
1.19371
1.19682
1.19975
1.20246
1.20496
1.20728
1.20951
1.21175
1.21407
1.21655
1.21915
1.22183
1.22448
1.22696
1.22916
1.231
1.2324
1.23336
1.23388
1.23401
1.23382
1.23339
1.23279
1.23211
1.2314
1.23073
1.23011
1.22957
1.22911
1.22872
1.22839
1.2281
1.2278
1.22749
1.22715
1.2268
1.22646
1.22621
1.22608
1.22609
1.22619
1.22625
1.22609
1.22556
1.22463
1.22338
1.22203
1.22086
1.22015
1.22004
1.22056
1.2216
1.22297
1.22444
1.22581
1.22689
1.22754
1.22769
1.22734
1.22659
1.22562
1.2246
1.22373
1.2231
1.22275
1.22266
1.22282
1.22322
1.22388
1.22482
1.22604
1.22748
1.22908
1.23073
1.23233
1.23379
1.23506
1.23612
1.23696
1.23763
1.23815
1.23856
1.2389
1.23919
1.23942
1.23959
1.23966
1.23958
1.2393
1.23876
1.23789
1.23665
1.23501
1.23299
1.23069
1.22829
1.22604
1.22425
1.22314
1.22284
1.2233
1.22432
1.22563
1.22699
1.2282
1.22918
1.22992
1.23044
1.23078
1.23095
1.23091
1.23066
1.2302
1.22962
1.22908
1.2288
1.22896
1.22966
1.23083
1.23221
1.23343
1.23411
1.23391
1.23262
1.23015
1.22658
1.22218
1.21737
1.2127
1.20873
1.20589
1.20431
1.20389
1.20432
1.20526
1.20649
1.20782
1.20914
1.21028
1.21103
1.21113
1.21031
1.20843
1.20562
1.20242
1.19982
1.19895
1.20061
1.20477
1.21058
1.2169
1.22271
1.22747
1.231
1.23338
1.23477
1.23536
1.23531
1.23475
1.23376
1.23245
1.23088
1.22915
1.22735
1.22559
1.22397
1.2226
1.22153
1.22083
1.22047
1.22044
1.22065
1.22104
1.22152
1.22199
1.22241
1.2227
1.22283
1.22276
1.2225
1.22206
1.22145
1.22075
1.22001
1.21933
1.21882
1.21857
1.21864
1.21908
1.21986
1.22094
1.22222
1.22359
1.22493
1.22611
1.22703
1.22755
1.22757
1.22696
1.22563
1.2235
1.22057
1.21698
1.21297
1.20893
1.2053
1.20239
1.20031
1.1989
1.19787
1.19692
1.19588
1.19472
1.19354
1.19246
1.19153
1.19071
1.1898
1.18853
1.18665
1.184
1.18073
1.17735
1.17469
1.17366
1.17483
1.17819
1.18312
1.18875
1.19431
1.19929
1.20387
1.20721
1.20988
1.21197
1.21356
1.21472
1.21548
1.21589
1.21599
1.2158
1.21538
1.2148
1.21415
1.21351
1.21299
1.21269
1.21267
1.21295
1.2135
1.21424
1.2151
1.21598
1.2168
1.21752
1.21811
1.21859
1.21898
1.21933
1.21969
1.22011
1.22062
1.22127
1.22204
1.22294
1.22392
1.22495
1.22597
1.22689
1.22762
1.22806
1.22806
1.22744
1.22597
1.2234
1.21951
1.21419
1.20763
1.20055
1.19416
1.18987
1.18861
1.19026
1.19375
1.19774
1.20124
1.20381
1.20553
1.20668
1.20766
1.20877
1.21024
1.21213
1.21441
1.21696
1.21965
1.22232
1.22486
1.2272
1.22929
1.23109
1.2326
1.23379
1.23466
1.2352
1.23539
1.23523
1.23472
1.23384
1.23258
1.2309
1.22869
1.22584
1.22215
1.21752
1.21199
1.20597
1.2003
1.19619
1.19475
1.19643
1.20079
1.20672
1.21303
1.21881
1.22358
1.22719
1.22968
1.23118
1.23187
1.23192
1.2315
1.23073
1.22975
1.22863
1.22744
1.22621
1.22498
1.22375
1.22254
1.22135
1.22024
1.21925
1.21847
1.21801
1.21796
1.21841
1.21941
1.22094
1.22288
1.22505
1.22719
1.22899
1.23015
1.23035
1.22939
1.2272
1.22396
1.22025
1.21698
1.21518
1.21555
1.21811
1.22218
1.22679
1.23109
1.23453
1.23692
1.23829
1.23881
1.23865
1.23803
1.23715
1.2362
1.23536
1.23478
1.23458
1.23479
1.23541
1.23635
1.23751
1.23877
1.24004
1.24124
1.24232
1.24327
1.24409
1.24479
1.24539
1.24591
1.24637
1.24676
1.24708
1.24733
1.24748
1.24749
1.24733
1.24692
1.24623
1.24519
1.24382
1.24219
1.24047
1.23896
1.23798
1.23784
1.23866
1.24031
1.24242
1.24448
1.246
1.24652
1.24574
1.24349
1.23972
1.23455
1.22828
1.22143
1.21475
1.20912
1.20538
1.20403
1.20513
1.20826
1.21273
1.2178
1.22292
1.22772
1.232
1.23569
1.23877
1.24122
1.24304
1.24423
1.2448
1.24478
1.24421
1.24319
1.24185
1.24038
1.23901
1.23796
1.23745
1.23757
1.23833
1.2396
1.24118
1.2428
1.24422
1.2452
1.24558
1.24526
1.24422
1.24252
1.24032
1.23783
1.23536
1.2332
1.2316
1.23073
1.2306
1.23111
1.23205
1.23317
1.23422
1.23503
1.23549
1.2356
1.23539
1.23497
1.23447
1.23402
1.23375
1.23378
1.2342
1.23504
1.23633
1.23802
1.24002
1.24223
1.24451
1.24674
1.24881
1.25064
1.25218
1.25341
1.25432
1.2549
1.25516
1.25513
1.25481
1.25425
1.25349
1.25263
1.25176
1.25103
1.25054
1.25039
1.25061
1.25119
1.252
1.25293
1.25382
1.25453
1.25494
1.25497
1.25458
1.25373
1.25242
1.25067
1.24858
1.24636
1.24433
1.24293
1.24257
1.24354
1.24582
1.24915
1.25307
1.25712
1.26094
1.26431
1.26713
1.26944
1.27128
1.27274
1.2739
1.27482
1.27557
1.27616
1.27661
1.27692
1.27707
1.27703
1.27675
1.27618
1.27527
1.27395
1.27219
1.26996
1.26728
1.26423
1.26093
1.25755
1.25427
1.25124
1.24855
1.24621
1.24419
1.24245
1.24104
1.24004
1.2396
1.23985
1.24085
1.24254
1.24479
1.2474
1.25018
1.25301
1.25577
1.2584
1.26085
1.26307
1.26506
1.26681
1.26833
1.26963
1.27067
1.27137
1.27162
1.27128
1.2702
1.26831
1.26557
1.26208
1.25812
1.25416
1.25085
1.24885
1.24861
1.25016
1.25307
1.25668
1.26031
1.26347
1.26586
1.2674
1.26806
1.26788
1.26688
1.26508
1.26256
1.25946
1.25609
1.25293
1.25055
1.24947
1.24991
1.25171
1.25441
1.25737
1.26007
1.26214
1.26345
1.26399
1.26391
1.2634
1.26271
1.26207
1.26167
1.26166
1.26207
1.26287
1.26394
1.26511
1.26622
1.26709
1.2676
1.26765
1.26715
1.26609
1.26447
1.26234
1.25979
1.25696
1.25405
1.25125
1.24877
1.24681
1.24551
1.24496
1.24514
1.24599
1.24737
1.24907
1.25086
1.25245
1.25355
1.25387
1.25316
1.25129
1.24832
1.24459
1.24067
1.23731
1.2351
1.23429
1.23472
1.23595
1.23758
1.23936
1.24123
1.24321
1.2453
1.24746
1.24956
1.25146
1.25302
1.25411
1.25466
1.2546
1.25391
1.25257
1.25057
1.24795
1.24479
1.24123
1.23752
1.23396
1.23087
1.22851
1.22691
1.22591
1.22514
1.22415
1.22257
1.22022
1.21722
1.21395
1.21104
1.20916
1.20873
1.20976
1.21189
1.21452
1.21712
1.21931
1.22092
1.22193
1.22242
1.22249
1.22227
1.22184
1.22127
1.22059
1.21981
1.21892
1.21786
1.21657
1.21499
1.21303
1.21065
1.2079
1.2049
1.20196
1.19947
1.19789
1.19752
1.19842
1.20032
1.20277
1.20525
1.20735
1.20883
1.20961
1.20975
1.20941
1.2088
1.20818
1.20776
1.20772
1.20817
1.20908
1.21036
1.21182
1.21326
1.21448
1.21532
1.21567
1.21548
1.21473
1.21341
1.21157
1.20926
1.20659
1.20374
1.20093
1.19849
1.19675
1.19603
1.19654
1.19834
1.20129
1.20508
1.20932
1.21362
1.21762
1.22107
1.22376
1.22556
1.22639
1.22624
1.22516
1.22332
1.22097
1.21847
1.2162
1.2145
1.21363
1.2137
1.2147
1.21649
1.21886
1.22157
1.22433
1.2269
1.22907
1.23072
1.2318
1.2324
1.23263
1.23269
1.23275
1.23295
1.23336
1.23401
1.23481
1.23569
1.23652
1.23721
1.2377
1.23795
1.23796
1.23777
1.23743
1.23701
1.23657
1.2362
1.23597
1.23593
1.23614
1.23664
1.23743
1.2385
1.23976
1.24111
1.2424
1.24352
1.24436
1.24487
1.24505
1.24495
1.24463
1.2442
1.24372
1.24326
1.24284
1.24248
1.24213
1.24178
1.24136
1.24086
1.24027
1.23961
1.23891
1.23825
1.2377
1.23737
1.23735
1.23774
1.23859
1.23993
1.24172
1.24385
1.24617
1.24848
1.25059
1.25231
1.25349
1.25403
1.25387
1.25302
1.25152
1.24947
1.24701
1.24431
1.24156
1.239
1.23684
1.23524
1.23432
1.23408
1.23443
1.2352
1.2362
1.23726
1.23833
1.23946
1.24081
1.24256
1.24483
1.24761
1.25073
1.25391
1.25688
1.2594
1.26134
1.26267
1.26346
1.26383
1.26394
1.26394
1.26395
1.26405
1.26424
1.26443
1.26451
1.2643
1.2636
1.26227
1.26018
1.25731
1.25376
1.2498
1.24585
1.24244
1.24007
1.23904
1.23936
1.24072
1.24265
1.24473
1.24671
1.24853
1.25025
1.25189
1.25334
1.25435
1.25453
1.25351
1.25103
1.24704
1.24181
1.23597
1.23051
1.22649
1.22478
1.22569
1.22892
1.2337
1.23911
1.24434
1.24877
1.25201
1.25392
1.25452
1.25404
1.25289
1.25161
1.25072
1.25056
1.25117
1.25219
1.25307
1.25315
1.25188
1.24888
1.24405
1.23759
1.22999
1.22196
1.21435
1.20809
1.2042
1.20355
1.20652
1.21275
1.22119
1.23055
1.23975
1.24807
1.25512
1.26078
1.26508
1.26811
1.26993
1.27062
1.27022
1.26879
1.26645
1.26346
1.26024
1.25733
1.25533
1.25466
1.25546
1.25755
1.26052
1.26396
1.26751
1.27094
1.27413
1.27704
1.27961
1.28183
1.28364
1.28499
1.28583
1.2861
1.28576
1.28476
1.28312
1.28088
1.27814
1.27508
1.27193
1.26891
1.26623
1.26398
1.26212
1.26048
1.25883
1.25694
1.25464
1.25187
1.24867
1.24516
1.24153
1.23798
1.23476
1.23209
1.23017
1.22921
1.22937
1.23077
1.23342
1.23717
1.24172
1.24666
1.25153
1.25593
1.25961
1.26242
1.26432
1.26531
1.26543
1.26474
1.26327
1.26105
1.25811
1.25451
1.25038
1.24595
1.24157
1.23765
1.23462
1.23271
1.23191
1.23196
1.23242
1.23286
1.23294
1.23252
1.23163
1.23043
1.22919
1.22819
1.22765
1.22769
1.22829
1.22929
1.2305
1.2317
1.23272
1.23346
1.23386
1.23394
1.23373
1.23328
1.23265
1.23192
1.23113
1.23035
1.22962
1.22898
1.22846
1.22808
1.22784
1.22773
1.22776
1.22788
1.22808
1.22832
1.22854
1.22871
1.22876
1.22861
1.2282
1.22743
1.22622
1.22449
1.2222
1.21936
1.21609
1.21264
1.20936
1.20667
1.2049
1.20423
1.2046
1.20579
1.20752
1.20957
1.21184
1.21426
1.21681
1.21947
1.22213
1.22469
1.22701
1.22901
1.23061
1.23183
1.23269
1.23326
1.23361
1.23379
1.2338
1.23363
1.23324
1.23257
1.23158
1.2303
1.22879
1.2272
1.2257
1.22451
1.2238
1.2237
1.2243
1.2256
1.22753
1.22997
1.23272
1.23551
1.23811
1.24026
1.24182
1.24269
1.24289
1.24249
1.24162
1.24045
1.23916
1.23793
1.23687
1.23608
1.23558
1.23535
1.23536
1.23557
1.23598
1.23661
1.23752
1.23875
1.24038
1.24239
1.24476
1.24739
1.25014
1.25285
1.25533
1.25738
1.25882
1.25951
1.25933
1.25824
1.25629
1.25369
1.25074
1.2479
1.24566
1.24438
1.24425
1.24512
1.24662
1.24826
1.24953
1.25002
1.24943
1.24762
1.24458
1.24054
1.23596
1.23161
1.22843
1.22724
1.22835
1.23146
1.23577
1.24037
1.24461
1.24814
1.25092
1.25306
1.25473
1.25607
1.25717
1.25806
1.25872
1.25914
1.25929
1.2592
1.25889
1.25842
1.25781
1.25707
1.25616
1.25502
1.25356
1.25171
1.24943
1.24677
1.24385
1.24087
1.23813
1.23594
1.23458
1.23427
1.23506
1.23686
1.23942
1.24243
1.24552
1.24836
1.25068
1.25225
1.25293
1.25265
1.25144
1.24946
1.24701
1.24452
1.2425
1.24137
1.24131
1.24223
1.24377
1.24547
1.24691
1.24782
1.24806
1.24761
1.24655
1.24503
1.24328
1.24168
1.24065
1.24064
1.24189
1.24434
1.2476
1.25106
1.25408
1.25627
1.25753
1.25814
1.25863
1.2596
1.26144
1.26419
1.26756
1.27108
1.27433
1.27701
1.279
1.28031
1.28102
1.28123
1.28106
1.19953
1.19883
1.19798
1.19699
1.19588
1.19469
1.1935
1.1924
1.19155
1.1911
1.19118
1.19188
1.19322
1.19513
1.19749
1.20012
1.20283
1.20544
1.20781
1.20984
1.21148
1.21273
1.21362
1.21423
1.21465
1.21497
1.21524
1.21551
1.21579
1.21608
1.21634
1.2165
1.21649
1.21617
1.21541
1.21405
1.21196
1.20908
1.20545
1.20125
1.19682
1.19269
1.18948
1.1878
1.18802
1.19022
1.1941
1.19923
1.20509
1.21124
1.2173
1.22292
1.22781
1.2317
1.23441
1.23581
1.23586
1.23462
1.23223
1.22899
1.22531
1.22168
1.21848
1.21592
1.21394
1.21231
1.21083
1.20947
1.20845
1.20813
1.20876
1.2104
1.21278
1.21547
1.21805
1.22018
1.22164
1.22235
1.22228
1.22147
1.21994
1.21778
1.21506
1.21193
1.20854
1.20508
1.20175
1.19874
1.19624
1.19439
1.19332
1.19311
1.19375
1.19516
1.19719
1.19969
1.20251
1.20553
1.20872
1.21205
1.21552
1.21905
1.22255
1.22585
1.22878
1.23118
1.23289
1.23376
1.23364
1.23239
1.22983
1.22582
1.22033
1.21351
1.20586
1.19825
1.19175
1.18723
1.18493
1.18444
1.18495
1.18578
1.1866
1.18739
1.18834
1.18965
1.1915
1.19393
1.19688
1.20014
1.20342
1.20638
1.20875
1.21035
1.21107
1.2109
1.20988
1.20811
1.20569
1.20279
1.19958
1.19626
1.19303
1.19008
1.18758
1.18565
1.18436
1.1837
1.18361
1.18397
1.18463
1.18543
1.18623
1.18688
1.1873
1.1874
1.18717
1.18657
1.18559
1.18419
1.1823
1.17984
1.17675
1.17304
1.16894
1.16495
1.16179
1.16019
1.16053
1.16267
1.16598
1.16969
1.17311
1.17585
1.17775
1.17885
1.17924
1.17909
1.17851
1.17763
1.17656
1.17537
1.17413
1.17288
1.17164
1.17045
1.16929
1.16819
1.16713
1.16611
1.16514
1.16422
1.16335
1.16252
1.16174
1.16099
1.16025
1.15949
1.15867
1.15774
1.15666
1.15537
1.15384
1.15206
1.15005
1.14786
1.14563
1.14352
1.14172
1.14042
1.13974
1.13973
1.14034
1.14143
1.14283
1.14438
1.14594
1.14742
1.14879
1.15003
1.15116
1.15218
1.15312
1.15398
1.15477
1.15545
1.15601
1.15643
1.15669
1.15677
1.15669
1.15646
1.15611
1.15568
1.1552
1.1547
1.15418
1.15362
1.15301
1.15233
1.15159
1.15088
1.15031
1.15008
1.15038
1.15134
1.15299
1.15524
1.15787
1.16061
1.16317
1.1653
1.1668
1.16757
1.16759
1.16697
1.16595
1.1649
1.16425
1.1644
1.16562
1.16792
1.17109
1.17477
1.17856
1.1821
1.1851
1.18736
1.18874
1.18915
1.18852
1.18683
1.18414
1.18063
1.17664
1.17275
1.16969
1.16818
1.16873
1.17134
1.17552
1.18045
1.18524
1.18922
1.19201
1.19357
1.19409
1.1939
1.19332
1.19255
1.19158
1.19023
1.18825
1.18549
1.18204
1.17841
1.17549
1.17427
1.17543
1.17895
1.18414
1.19003
1.19575
1.20077
1.20488
1.20809
1.21049
1.21224
1.21346
1.2143
1.21485
1.21523
1.21553
1.21581
1.21613
1.21647
1.21677
1.21689
1.21662
1.21576
1.21411
1.2116
1.20842
1.20501
1.20203
1.20008
1.19938
1.19959
1.19996
1.19973
1.19843
1.19604
1.19283
1.18923
1.18553
1.1818
1.17792
1.17374
1.16926
1.16469
1.16044
1.15709
1.15525
1.1554
1.15776
1.16218
1.16813
1.17483
1.18151
1.18755
1.19256
1.19639
1.19902
1.20052
1.20104
1.20073
1.19975
1.19827
1.19643
1.19436
1.19217
1.18993
1.18771
1.18552
1.18339
1.18138
1.17956
1.17803
1.17691
1.17627
1.17612
1.17638
1.17688
1.17738
1.17763
1.17737
1.17639
1.17452
1.17163
1.16771
1.16282
1.15719
1.15121
1.14539
1.14026
1.13624
1.13353
1.1321
1.13176
1.1323
1.13354
1.13535
1.13767
1.1404
1.14343
1.14662
1.1498
1.15278
1.15542
1.15761
1.15927
1.16038
1.16096
1.16105
1.16072
1.16002
1.15902
1.1578
1.15642
1.15493
1.15337
1.15179
1.15021
1.14865
1.14712
1.14565
1.14425
1.14294
1.14172
1.14061
1.13959
1.13864
1.13767
1.13662
1.13536
1.13376
1.13171
1.12916
1.1262
1.12309
1.12032
1.11851
1.11821
1.11963
1.12256
1.12642
1.13053
1.1343
1.13733
1.13946
1.14066
1.14099
1.14057
1.13952
1.138
1.13618
1.13425
1.13243
1.1309
1.12987
1.12945
1.12969
1.13057
1.13196
1.13372
1.13566
1.1376
1.1394
1.14095
1.14217
1.143
1.14342
1.14343
1.14302
1.14223
1.14109
1.13964
1.13795
1.1361
1.13417
1.13228
1.13054
1.12908
1.128
1.12742
1.12742
1.12802
1.12922
1.13092
1.13301
1.13531
1.13765
1.13982
1.14169
1.14312
1.14407
1.14451
1.14448
1.14405
1.14333
1.14242
1.14146
1.14056
1.13983
1.13936
1.13917
1.13927
1.13961
1.14006
1.14047
1.14061
1.14026
1.13918
1.13715
1.13401
1.12971
1.12447
1.11884
1.11375
1.11035
1.10957
1.11171
1.11624
1.12213
1.12832
1.13402
1.13884
1.14269
1.14564
1.14785
1.14947
1.15065
1.15149
1.15208
1.15246
1.15265
1.15266
1.15247
1.1521
1.15153
1.15079
1.14992
1.14901
1.14818
1.14757
1.14732
1.14754
1.14829
1.14955
1.1512
1.15311
1.1551
1.15702
1.15872
1.1601
1.16107
1.1616
1.16165
1.16125
1.16044
1.15931
1.15801
1.15671
1.15563
1.15494
1.15476
1.15512
1.15597
1.15716
1.15854
1.15994
1.16126
1.16241
1.16336
1.16412
1.16472
1.1652
1.16559
1.16594
1.1663
1.16667
1.16709
1.16756
1.16808
1.16866
1.16928
1.16992
1.17056
1.17116
1.17167
1.17202
1.17214
1.17197
1.17147
1.17063
1.16948
1.16809
1.1666
1.16516
1.16396
1.16318
1.16293
1.16329
1.16425
1.1657
1.16751
1.16948
1.17145
1.17326
1.17479
1.17598
1.17679
1.17721
1.17729
1.17704
1.17652
1.17579
1.17491
1.17394
1.17297
1.17207
1.1713
1.17066
1.17012
1.16955
1.16877
1.16756
1.16572
1.16315
1.15996
1.15652
1.15348
1.15157
1.15137
1.15302
1.1562
1.16034
1.16482
1.16917
1.17312
1.17655
1.17945
1.18188
1.1839
1.18559
1.18702
1.18826
1.18935
1.19035
1.19128
1.19216
1.193
1.19382
1.19459
1.19531
1.19597
1.19654
1.197
1.19731
1.19745
1.19736
1.19702
1.19638
1.19542
1.19412
1.19249
1.19055
1.18837
1.18604
1.18366
1.18132
1.17913
1.17715
1.17549
1.17432
1.17387
1.17437
1.17594
1.17848
1.1817
1.18514
1.18839
1.19118
1.19344
1.19526
1.19682
1.19827
1.19969
1.20105
1.2022
1.20293
1.20303
1.20235
1.20087
1.19875
1.19638
1.1943
1.19303
1.19286
1.19372
1.19522
1.19679
1.19796
1.19854
1.19865
1.19866
1.19901
1.20003
1.20177
1.204
1.20634
1.2084
1.20991
1.21072
1.21081
1.21022
1.20902
1.2073
1.20511
1.20253
1.19958
1.19631
1.19274
1.1889
1.18486
1.18073
1.17673
1.17314
1.17027
1.16841
1.16778
1.16844
1.17037
1.17347
1.17758
1.18246
1.18779
1.19316
1.19817
1.20245
1.20569
1.20769
1.20837
1.20769
1.20573
1.20266
1.19872
1.19429
1.18978
1.18566
1.18232
1.18004
1.17891
1.17885
1.17964
1.18104
1.18275
1.18455
1.18627
1.18779
1.18905
1.19003
1.19072
1.19112
1.19125
1.19111
1.19071
1.19006
1.18915
1.18801
1.18664
1.18505
1.18327
1.18129
1.17909
1.17667
1.17398
1.17106
1.16799
1.16501
1.1625
1.16094
1.1607
1.16191
1.16431
1.16739
1.17051
1.17313
1.17488
1.17561
1.17532
1.17413
1.17228
1.17004
1.16769
1.16545
1.16347
1.16177
1.16032
1.159
1.15773
1.15647
1.15524
1.1541
1.15309
1.15227
1.15167
1.15133
1.15125
1.15146
1.15192
1.15255
1.15323
1.15379
1.15405
1.15382
1.15293
1.15127
1.14873
1.14529
1.14107
1.13637
1.13176
1.12808
1.12623
1.12679
1.12973
1.13433
1.1396
1.14462
1.14879
1.15187
1.15385
1.15485
1.15501
1.15446
1.15332
1.15169
1.14964
1.14727
1.14469
1.14205
1.13953
1.13732
1.13564
1.1346
1.13426
1.13456
1.13535
1.13646
1.13768
1.13887
1.13989
1.14069
1.14121
1.14144
1.14137
1.141
1.14031
1.13929
1.1379
1.13609
1.13383
1.13106
1.1278
1.1241
1.12011
1.11611
1.11244
1.10947
1.10743
1.10638
1.10621
1.10677
1.10791
1.10959
1.11176
1.11435
1.1172
1.12008
1.12277
1.12509
1.12695
1.12834
1.12929
1.12989
1.13024
1.13041
1.13048
1.13052
1.13056
1.13064
1.13074
1.13087
1.13096
1.13098
1.13085
1.13045
1.1297
1.1285
1.12676
1.1245
1.12184
1.11908
1.11669
1.11527
1.11531
1.11706
1.12034
1.12465
1.12938
1.13394
1.13795
1.14118
1.14355
1.14507
1.14576
1.14566
1.14479
1.14319
1.14087
1.13787
1.13426
1.13018
1.12584
1.12153
1.1176
1.11442
1.11228
1.11139
1.11176
1.11328
1.11574
1.1189
1.12253
1.12644
1.13043
1.13435
1.13802
1.14132
1.14411
1.14631
1.14789
1.14884
1.14919
1.14901
1.1484
1.14745
1.14628
1.14501
1.14376
1.14264
1.14179
1.14135
1.14146
1.14218
1.1435
1.1453
1.14735
1.14939
1.15113
1.15233
1.15279
1.15238
1.151
1.1486
1.14521
1.14094
1.136
1.13072
1.12555
1.12097
1.11748
1.11548
1.11519
1.1166
1.11944
1.12322
1.12734
1.13125
1.13452
1.137
1.13879
1.14025
1.14182
1.14387
1.14658
1.14988
1.15349
1.15708
1.16034
1.16307
1.16516
1.16661
1.16748
1.16784
1.16781
1.16747
1.1669
1.16614
1.16522
1.16411
1.16276
1.16113
1.15916
1.15681
1.15412
1.15117
1.14814
1.14525
1.19748
1.19538
1.19395
1.19318
1.19297
1.19322
1.19378
1.19454
1.19542
1.19637
1.19738
1.19847
1.1997
1.20104
1.20241
1.2036
1.20434
1.20438
1.20359
1.202
1.19988
1.1977
1.19602
1.19537
1.19609
1.19823
1.20157
1.20569
1.21016
1.21455
1.21855
1.22199
1.22476
1.22686
1.22831
1.22917
1.22951
1.22939
1.22887
1.22799
1.22682
1.2254
1.22381
1.22215
1.2205
1.21898
1.21768
1.21668
1.21602
1.21572
1.21578
1.21619
1.21692
1.21793
1.21918
1.22062
1.22218
1.2238
1.22538
1.22685
1.22814
1.22918
1.22993
1.23036
1.23046
1.23024
1.22973
1.22898
1.22801
1.22689
1.22563
1.22428
1.22282
1.22126
1.21959
1.2178
1.21591
1.21393
1.21188
1.20974
1.20746
1.20496
1.20215
1.19902
1.19566
1.19232
1.1894
1.18734
1.18651
1.18705
1.18887
1.19163
1.19489
1.19824
1.20135
1.20398
1.20603
1.20751
1.20852
1.20921
1.20978
1.21039
1.21113
1.21202
1.21299
1.2139
1.21462
1.21502
1.21504
1.21465
1.21386
1.21274
1.21132
1.20967
1.20783
1.20586
1.20381
1.20178
1.19987
1.19821
1.19692
1.1961
1.19578
1.19596
1.19657
1.1975
1.19865
1.19988
1.20109
1.20221
1.20317
1.20394
1.2045
1.20484
1.20496
1.20487
1.20457
1.20408
1.20341
1.20257
1.20158
1.20046
1.19925
1.19797
1.19667
1.19537
1.19411
1.19294
1.19188
1.19097
1.19021
1.18961
1.18911
1.18867
1.18816
1.18746
1.18638
1.18473
1.18227
1.17888
1.17463
1.17
1.16602
1.164
1.16504
1.16932
1.17596
1.18352
1.19068
1.19659
1.2009
1.20357
1.20467
1.20424
1.20233
1.1989
1.19393
1.18745
1.17968
1.17107
1.16239
1.15459
1.1486
1.14499
1.14381
1.14473
1.14724
1.15094
1.15553
1.1607
1.16612
1.17139
1.17617
1.18026
1.18357
1.18614
1.18804
1.18935
1.19012
1.19033
1.18995
1.18888
1.18703
1.18432
1.18072
1.17636
1.17152
1.16671
1.16255
1.1597
1.1586
1.15933
1.16158
1.16481
1.16839
1.1718
1.17467
1.17677
1.17798
1.17824
1.1775
1.17566
1.17264
1.16835
1.16284
1.15648
1.15
1.14457
1.14136
1.14101
1.14329
1.14724
1.15167
1.15571
1.15892
1.16121
1.16271
1.16361
1.16411
1.16434
1.16443
1.16443
1.16439
1.16432
1.16424
1.16412
1.16398
1.16379
1.16357
1.16331
1.16301
1.16268
1.16232
1.16194
1.16156
1.16118
1.16082
1.16049
1.16021
1.15997
1.1598
1.1597
1.15968
1.15975
1.1599
1.16015
1.16049
1.16092
1.16143
1.16201
1.16264
1.16329
1.16392
1.16449
1.16493
1.16518
1.16517
1.16485
1.1642
1.16326
1.16214
1.16106
1.1603
1.16013
1.16075
1.16217
1.16421
1.16654
1.16877
1.17055
1.17165
1.172
1.17171
1.17105
1.17037
1.16996
1.16995
1.17027
1.17069
1.17101
1.17119
1.17137
1.17178
1.17257
1.17373
1.17517
1.17683
1.17874
1.18103
1.18383
1.1872
1.19107
1.19523
1.19943
1.20339
1.20692
1.20986
1.21214
1.21375
1.21475
1.21521
1.21525
1.21499
1.21458
1.21416
1.21385
1.21375
1.21392
1.21439
1.21513
1.21608
1.21713
1.21816
1.21904
1.21962
1.21978
1.21944
1.21857
1.21724
1.21562
1.21402
1.21278
1.21224
1.2126
1.21387
1.21586
1.21826
1.22078
1.22319
1.22537
1.2273
1.229
1.23054
1.23198
1.23336
1.2347
1.236
1.23722
1.23833
1.23927
1.23998
1.2404
1.24045
1.24005
1.23917
1.23779
1.23601
1.23398
1.23193
1.2301
1.2286
1.22738
1.22622
1.22485
1.22307
1.22087
1.21841
1.21599
1.21397
1.21274
1.21262
1.21373
1.21585
1.21846
1.22089
1.22252
1.22299
1.22218
1.22022
1.21739
1.21414
1.21098
1.20844
1.2071
1.20739
1.20956
1.21356
1.21905
1.2255
1.23228
1.23888
1.24491
1.25011
1.25439
1.25773
1.26015
1.26173
1.26253
1.26262
1.26208
1.26097
1.25935
1.25731
1.25496
1.2524
1.24978
1.24724
1.24492
1.24292
1.24129
1.24001
1.23899
1.23809
1.2371
1.23581
1.234
1.23151
1.22831
1.22453
1.22053
1.21687
1.21418
1.21289
1.21304
1.21426
1.21596
1.21752
1.21845
1.21846
1.21741
1.21528
1.21217
1.20829
1.20397
1.19965
1.19583
1.19301
1.19154
1.19162
1.19323
1.1962
1.20022
1.20489
1.20982
1.21464
1.21906
1.2229
1.22604
1.22846
1.23016
1.23119
1.23159
1.2314
1.23066
1.22938
1.22758
1.22525
1.22243
1.21916
1.21557
1.21188
1.2084
1.20549
1.20351
1.20263
1.20288
1.20402
1.2057
1.20755
1.20922
1.2105
1.21124
1.21141
1.21101
1.21009
1.20873
1.207
1.20503
1.2029
1.2007
1.19853
1.19639
1.19429
1.19214
1.18985
1.18727
1.18431
1.18093
1.17726
1.17358
1.17032
1.16797
1.16684
1.16702
1.16827
1.17017
1.17225
1.17414
1.17562
1.17662
1.17724
1.17765
1.17811
1.17888
1.18015
1.18195
1.18416
1.18656
1.1889
1.19094
1.19257
1.19375
1.19449
1.19487
1.19498
1.19489
1.19468
1.19439
1.19404
1.19365
1.19322
1.19274
1.1922
1.19161
1.19096
1.19024
1.18946
1.18863
1.18773
1.18678
1.18576
1.18467
1.18349
1.1822
1.18076
1.17913
1.17726
1.1751
1.17264
1.16989
1.16699
1.16418
1.16182
1.16033
1.16005
1.16111
1.16338
1.16648
1.16993
1.17333
1.17636
1.17886
1.18082
1.18226
1.18328
1.18399
1.18446
1.1848
1.18507
1.1853
1.18551
1.18568
1.18579
1.18577
1.18554
1.18502
1.18409
1.18265
1.18058
1.1778
1.1743
1.17017
1.16566
1.16122
1.15748
1.15508
1.15451
1.15596
1.15926
1.16398
1.16956
1.17547
1.18127
1.1866
1.19123
1.19505
1.19802
1.20016
1.20154
1.20225
1.20237
1.20198
1.20117
1.2
1.19854
1.19686
1.19505
1.19318
1.19133
1.18961
1.18806
1.18674
1.18566
1.1848
1.18413
1.18362
1.18326
1.18308
1.18315
1.18358
1.18444
1.18577
1.18751
1.18957
1.19181
1.19411
1.19636
1.19851
1.20055
1.20246
1.20423
1.20582
1.20717
1.20819
1.20879
1.20886
1.20834
1.20717
1.20538
1.20307
1.20047
1.1979
1.19574
1.19441
1.19417
1.19513
1.19718
1.20005
1.20337
1.20679
1.21001
1.21284
1.21516
1.21695
1.21822
1.21905
1.21947
1.21955
1.21931
1.21876
1.21786
1.21658
1.21484
1.21258
1.20975
1.20639
1.20264
1.19876
1.19521
1.19254
1.19128
1.19179
1.1941
1.1979
1.20266
1.20779
1.21274
1.21713
1.22069
1.22315
1.2242
1.22333
1.2199
1.21324
1.2032
1.19101
1.17988
1.174
1.17561
1.18321
1.19322
1.20291
1.21133
1.21854
1.22473
1.22987
1.23375
1.23619
1.23716
1.23675
1.23524
1.233
1.2305
1.22824
1.22663
1.22587
1.22594
1.2266
1.22752
1.22837
1.22895
1.22917
1.22907
1.22874
1.22832
1.22794
1.22772
1.22772
1.22797
1.22845
1.22912
1.22991
1.23077
1.23164
1.23247
1.2332
1.23382
1.23428
1.23455
1.23458
1.23432
1.23374
1.2328
1.23148
1.22978
1.22774
1.22544
1.22301
1.22059
1.21838
1.21651
1.2151
1.21417
1.21365
1.21339
1.21322
1.21294
1.21243
1.21169
1.21082
1.21004
1.20956
1.20954
1.20996
1.21067
1.21141
1.21194
1.21209
1.21181
1.21116
1.21025
1.2092
1.20811
1.20704
1.20601
1.205
1.20403
1.2031
1.20226
1.20159
1.20117
1.20107
1.20133
1.20193
1.20282
1.2039
1.20505
1.20616
1.20713
1.20787
1.20836
1.20855
1.20848
1.20814
1.20759
1.20687
1.206
1.205
1.20388
1.20262
1.20116
1.19944
1.19742
1.19502
1.1922
1.18895
1.18527
1.18126
1.17702
1.17275
1.16871
1.16517
1.1624
1.1606
1.15984
1.16009
1.16116
1.1628
1.16472
1.1666
1.1682
1.16931
1.16983
1.16978
1.1693
1.16866
1.16818
1.16818
1.16881
1.17006
1.17176
1.17365
1.17545
1.17696
1.17806
1.1787
1.1789
1.17869
1.17814
1.1773
1.17625
1.17503
1.17371
1.17234
1.17097
1.16966
1.16843
1.16732
1.16636
1.16554
1.16488
1.16436
1.16397
1.16368
1.16346
1.16331
1.16318
1.16307
1.16295
1.16283
1.16268
1.1625
1.1623
1.16208
1.16182
1.16153
1.1612
1.16084
1.16044
1.15999
1.15947
1.15889
1.15823
1.15748
1.15665
1.15575
1.1548
1.15385
1.15293
1.15212
1.15148
1.15107
1.15091
1.15103
1.15138
1.15192
1.15254
1.15314
1.1536
1.15383
1.15375
1.15333
1.15261
1.15169
1.1507
1.14985
1.14929
1.14914
1.14943
1.1501
1.15105
1.15216
1.15332
1.15448
1.15567
1.15694
1.15838
1.16009
1.16211
1.16445
1.16704
1.16979
1.17256
1.17523
1.17767
1.17979
1.1815
1.18273
1.18343
1.18353
1.18296
1.18163
1.17949
1.17652
1.17278
1.16849
1.16403
1.15994
1.15678
1.15492
1.15441
1.15499
1.1562
1.15762
1.15897
1.16019
1.16131
1.16246
1.16369
1.16503
1.16644
1.16785
1.16923
1.17056
1.17187
1.1732
1.1746
1.17612
1.17777
1.17952
1.18134
1.18316
1.18494
1.18662
1.18814
1.18944
1.19046
1.19111
1.19127
1.19081
1.18962
1.18756
1.1846
1.18079
1.17633
1.1716
1.16707
1.16324
1.1605
1.159
1.15863
1.15909
1.15993
1.16076
1.1613
1.16146
1.16139
1.16137
1.16172
1.16264
1.16414
1.16601
1.16797
1.1697
1.17101
1.17183
1.1722
1.17224
1.17207
1.17183
1.17159
1.17138
1.17116
1.17084
1.17032
1.16948
1.16821
1.16648
1.16426
1.16164
1.15876
1.15584
1.15317
1.15102
1.14962
1.14912
1.14952
1.15071
1.1525
1.15463
1.20208
1.20409
1.20577
1.20701
1.20775
1.20801
1.20783
1.2073
1.2065
1.20556
1.20455
1.20359
1.20272
1.20198
1.20139
1.20089
1.20043
1.19994
1.19935
1.19859
1.19764
1.1965
1.19517
1.19362
1.19182
1.18965
1.18704
1.18396
1.18053
1.17706
1.17404
1.17201
1.17146
1.17259
1.17532
1.17927
1.18391
1.18873
1.19331
1.19741
1.2009
1.20378
1.20608
1.20788
1.20924
1.21023
1.2109
1.21127
1.21137
1.2112
1.21076
1.21006
1.20911
1.2079
1.20644
1.20475
1.20283
1.20071
1.19842
1.19601
1.19356
1.19117
1.18894
1.18693
1.18512
1.18341
1.18164
1.17965
1.17746
1.17528
1.17354
1.17272
1.17312
1.17474
1.17732
1.18047
1.18386
1.18729
1.19066
1.19393
1.19706
1.20001
1.20273
1.20517
1.20732
1.20917
1.21073
1.21201
1.21304
1.21383
1.21443
1.21484
1.21511
1.21523
1.21525
1.21515
1.21496
1.21467
1.21427
1.21377
1.21314
1.21237
1.21144
1.21035
1.20908
1.20764
1.20604
1.20433
1.20255
1.20078
1.1991
1.19758
1.19628
1.19526
1.19451
1.19402
1.19374
1.19361
1.19357
1.19357
1.19357
1.19355
1.19351
1.1935
1.19358
1.19383
1.19435
1.19522
1.19651
1.19821
1.20028
1.20262
1.20509
1.20757
1.20993
1.21208
1.21396
1.21552
1.21674
1.2176
1.21807
1.21813
1.21776
1.21691
1.21557
1.21374
1.21145
1.20879
1.20589
1.20295
1.20022
1.19793
1.19624
1.19518
1.19459
1.19412
1.19325
1.19143
1.18837
1.18429
1.18025
1.17795
1.179
1.18387
1.19154
1.20016
1.20814
1.21459
1.2193
1.2225
1.22456
1.22585
1.2267
1.22736
1.22799
1.22865
1.22937
1.2301
1.23077
1.23123
1.23135
1.23097
1.22992
1.22811
1.22555
1.22236
1.21877
1.21501
1.21124
1.20754
1.20406
1.20127
1.20005
1.20121
1.20492
1.21044
1.21649
1.22193
1.2261
1.22891
1.23057
1.23148
1.23201
1.23245
1.23302
1.23379
1.23479
1.23596
1.23724
1.23855
1.23983
1.24103
1.24209
1.24297
1.2436
1.24392
1.24382
1.24318
1.24185
1.23964
1.23632
1.2317
1.2257
1.21859
1.21115
1.20475
1.20096
1.20079
1.20406
1.20956
1.21578
1.22158
1.22637
1.23003
1.23266
1.23441
1.23549
1.23607
1.23633
1.23644
1.23657
1.23686
1.23739
1.2382
1.23926
1.24046
1.2417
1.24286
1.24384
1.24456
1.24495
1.24497
1.24459
1.24377
1.24249
1.24074
1.23854
1.23598
1.23319
1.23033
1.22759
1.22511
1.22295
1.22107
1.2194
1.21787
1.21657
1.21573
1.21573
1.2169
1.21933
1.22278
1.22678
1.23079
1.2344
1.23735
1.23957
1.24114
1.24214
1.24272
1.24299
1.24303
1.2429
1.24264
1.24226
1.24176
1.24116
1.24043
1.23959
1.23865
1.23762
1.23655
1.23547
1.23442
1.23346
1.23264
1.232
1.23158
1.23139
1.23145
1.23173
1.23221
1.23285
1.23359
1.2344
1.23523
1.23605
1.23684
1.2376
1.23831
1.23897
1.23958
1.24014
1.24064
1.24106
1.24138
1.24158
1.24161
1.24144
1.24102
1.24032
1.23931
1.23799
1.23637
1.23453
1.23254
1.23054
1.22865
1.22701
1.22571
1.2248
1.22427
1.22404
1.22392
1.22367
1.2229
1.22113
1.21785
1.21271
1.20583
1.19827
1.19204
1.18938
1.19131
1.19683
1.20368
1.20979
1.21415
1.2168
1.21834
1.21956
1.22111
1.22332
1.2262
1.22954
1.23302
1.23633
1.23928
1.24177
1.24379
1.2454
1.2467
1.24777
1.24869
1.24951
1.25026
1.25095
1.25154
1.25203
1.2524
1.25263
1.25271
1.25265
1.25248
1.25221
1.25187
1.25152
1.25118
1.25087
1.25064
1.25047
1.25036
1.2503
1.25024
1.25016
1.25
1.24975
1.24938
1.24887
1.24822
1.24741
1.24643
1.24522
1.24372
1.24181
1.23936
1.23627
1.23245
1.22792
1.22279
1.21733
1.21188
1.20686
1.20265
1.19951
1.19755
1.19676
1.19705
1.19838
1.20075
1.20416
1.20848
1.21345
1.2187
1.22386
1.22864
1.23288
1.2365
1.23947
1.24177
1.24341
1.2444
1.24476
1.24453
1.24372
1.24237
1.24053
1.2383
1.2359
1.23365
1.23192
1.23107
1.23129
1.2325
1.23443
1.23667
1.23884
1.24068
1.24204
1.24286
1.24315
1.24295
1.24229
1.24119
1.23967
1.23776
1.23548
1.23289
1.2301
1.22725
1.22452
1.22212
1.22028
1.21918
1.21895
1.21965
1.22124
1.22361
1.22656
1.22986
1.23328
1.23659
1.23966
1.24237
1.24469
1.2466
1.24814
1.24934
1.25026
1.25095
1.25145
1.2518
1.25203
1.25218
1.25225
1.25226
1.25221
1.25212
1.25197
1.25177
1.25153
1.25124
1.25091
1.25056
1.25021
1.24988
1.24962
1.24944
1.24939
1.24949
1.24973
1.25012
1.25061
1.25116
1.2517
1.25215
1.25243
1.25247
1.25221
1.2516
1.25066
1.24941
1.24794
1.24634
1.24476
1.24333
1.24216
1.24134
1.24087
1.24072
1.24078
1.24093
1.24107
1.24112
1.24111
1.2411
1.24122
1.24159
1.24226
1.24319
1.24427
1.24532
1.24619
1.24675
1.24696
1.24682
1.24642
1.24586
1.24525
1.2447
1.24426
1.24397
1.24383
1.24382
1.24394
1.24418
1.24459
1.24519
1.24604
1.24716
1.24855
1.25015
1.25187
1.25358
1.25514
1.2564
1.25726
1.25764
1.25752
1.25693
1.25591
1.25456
1.25299
1.25133
1.2497
1.24822
1.24697
1.246
1.24534
1.24499
1.24491
1.24508
1.24544
1.24594
1.24649
1.24703
1.24749
1.24778
1.24784
1.24765
1.24718
1.24645
1.2455
1.24439
1.24318
1.24195
1.24077
1.23966
1.23866
1.23778
1.23702
1.23639
1.2359
1.23556
1.23535
1.23522
1.23512
1.23494
1.23456
1.23391
1.23293
1.23162
1.2301
1.22852
1.22709
1.22602
1.22547
1.22548
1.22604
1.22709
1.22851
1.2302
1.23202
1.23384
1.23551
1.2369
1.2379
1.23843
1.23845
1.23791
1.23682
1.2352
1.23306
1.23047
1.22748
1.22424
1.22089
1.21765
1.21475
1.21242
1.21085
1.21018
1.21046
1.21169
1.21374
1.21644
1.21956
1.22286
1.22611
1.22912
1.23179
1.23406
1.23591
1.23738
1.23851
1.23936
1.23997
1.2404
1.24069
1.24085
1.24092
1.2409
1.24081
1.24064
1.24037
1.23999
1.23948
1.23881
1.23795
1.23686
1.23554
1.23398
1.23225
1.23041
1.22863
1.22707
1.22592
1.22532
1.22531
1.22586
1.22683
1.22803
1.2293
1.23049
1.23149
1.23227
1.23278
1.233
1.23289
1.23243
1.23157
1.2303
1.22869
1.22686
1.22504
1.22351
1.22255
1.22239
1.22307
1.2245
1.22648
1.22872
1.23092
1.2328
1.23407
1.23442
1.2336
1.23145
1.22808
1.22398
1.2201
1.21764
1.21755
1.22002
1.22439
1.22956
1.23449
1.23855
1.24149
1.24334
1.24426
1.24444
1.24406
1.2433
1.24229
1.24116
1.24004
1.23902
1.23821
1.23766
1.2374
1.23743
1.23769
1.23811
1.23862
1.23912
1.23956
1.23987
1.24003
1.24001
1.23981
1.23945
1.23895
1.23835
1.23768
1.23697
1.23626
1.23556
1.23487
1.23419
1.23351
1.23281
1.23209
1.23135
1.23062
1.22994
1.22935
1.22892
1.2287
1.22874
1.22907
1.22973
1.23069
1.23196
1.23348
1.23521
1.23707
1.23898
1.24083
1.24254
1.24402
1.24517
1.24593
1.24625
1.24611
1.24551
1.2445
1.24314
1.24151
1.23972
1.23785
1.23597
1.23414
1.23237
1.23064
1.22896
1.22735
1.2259
1.22478
1.22422
1.22444
1.22561
1.22771
1.2306
1.234
1.23758
1.24106
1.24422
1.24696
1.24924
1.25106
1.25247
1.25352
1.25427
1.25476
1.25503
1.25512
1.25505
1.25482
1.25446
1.25396
1.25333
1.25257
1.25169
1.25071
1.24966
1.24856
1.24748
1.24648
1.24564
1.24501
1.24467
1.24466
1.24497
1.24561
1.24653
1.24767
1.24897
1.25035
1.25176
1.25316
1.2545
1.25578
1.25699
1.25812
1.25919
1.26021
1.2612
1.26215
1.26309
1.26399
1.26486
1.26565
1.26633
1.26688
1.26723
1.26738
1.26728
1.26695
1.26639
1.26566
1.26481
1.26391
1.26304
1.26224
1.26155
1.26092
1.26027
1.25948
1.25837
1.25675
1.2544
1.2512
1.24708
1.24216
1.23677
1.23151
1.22717
1.22454
1.22426
1.2265
1.23096
1.23693
1.24353
1.24998
1.25572
1.26043
1.26403
1.26656
1.26815
1.26892
1.26898
1.26843
1.26732
1.26571
1.26364
1.26119
1.25851
1.25576
1.25317
1.25099
1.24942
1.24859
1.24851
1.24909
1.25016
1.25151
1.25294
1.25432
1.25551
1.25647
1.25714
1.25748
1.25744
1.25694
1.2559
1.25428
1.25207
1.24938
1.24645
1.24363
1.24137
1.24007
1.23999
1.24113
1.24325
1.24592
1.24869
1.25118
1.25311
1.25439
1.25501
1.25507
1.2547
1.25403
1.25323
1.25241
1.25167
1.25106
1.25061
1.2503
1.2501
1.24996
1.24981
1.24962
1.24934
1.24893
1.24841
1.24776
1.24699
1.24613
1.2452
1.24423
1.24324
1.24228
1.24141
1.24067
1.24013
1.23982
1.23976
1.23991
1.24023
1.24061
1.24096
1.24122
1.24136
1.24145
1.24163
1.2421
1.24306
1.24465
1.24689
1.24965
1.25268
1.25571
1.25846
1.26071
1.26228
1.26306
1.263
1.26207
1.26036
1.25806
1.25556
1.25337
1.25207
1.25207
1.25345
1.25587
1.25871
1.26127
1.26297
1.26346
1.26264
1.26062
1.2577
1.25436
1.25114
1.24855
1.24696
1.24651
1.24712
1.24852
1.25043
1.25256
1.25472
1.25683
1.25891
1.26108
1.26355
1.2665
1.27004
1.27413
1.27857
1.28309
1.28742
1.29133
1.29468
1.2974
1.29945
1.30084
1.30155
1.30163
1.30114
1.3002
1.29903
1.29786
1.29695
1.29648
1.29652
