0.819919
0.817819
0.81405
0.808361
0.800416
0.789779
0.775916
0.758223
0.736125
0.709115
0.676951
0.639847
0.598705
0.555208
0.511767
0.471204
0.436178
0.408683
0.389741
0.379341
0.376647
0.380282
0.38862
0.400017
0.41299
0.426311
0.439034
0.450508
0.460356
0.468431
0.474731
0.479354
0.48239
0.483884
0.483827
0.482199
0.479031
0.474459
0.468767
0.462396
0.45588
0.449812
0.444817
0.441463
0.440179
0.441113
0.444044
0.448423
0.453533
0.458672
0.463258
0.466884
0.469289
0.470376
0.470187
0.468932
0.466956
0.464704
0.462642
0.461162
0.460524
0.460803
0.461903
0.463607
0.465645
0.467745
0.469666
0.471212
0.472223
0.472571
0.472142
0.470859
0.468676
0.465623
0.461859
0.457683
0.453542
0.449897
0.447083
0.445188
0.444043
0.443346
0.442823
0.442299
0.44166
0.440799
0.439568
0.437837
0.435615
0.433101
0.430655
0.428707
0.427627
0.427636
0.428771
0.430891
0.433734
0.436976
0.440269
0.443269
0.445663
0.447155
0.447527
0.446662
0.44461
0.44159
0.437972
0.434197
0.430709
0.427851
0.425827
0.424687
0.424374
0.424788
0.425818
0.42737
0.429366
0.431731
0.434356
0.437042
0.439481
0.441295
0.442153
0.441939
0.440891
0.439602
0.438906
0.439603
0.44218
0.44665
0.452542
0.459078
0.465386
0.47074
0.474699
0.477153
0.478279
0.478445
0.478075
0.477548
0.477102
0.476791
0.476514
0.476094
0.475315
0.473983
0.471985
0.469332
0.466165
0.462759
0.459448
0.456592
0.454432
0.45304
0.452292
0.451916
0.451629
0.451246
0.450745
0.450262
0.450029
0.450318
0.451356
0.453262
0.456009
0.459389
0.46304
0.46649
0.469226
0.47078
0.470799
0.469126
0.465887
0.461503
0.456628
0.451946
0.447964
0.444852
0.442455
0.440455
0.438596
0.436853
0.435459
0.434819
0.435337
0.437246
0.440454
0.444543
0.448871
0.452776
0.455731
0.457441
0.457869
0.457172
0.455638
0.453569
0.451232
0.448778
0.446278
0.443802
0.441448
0.439405
0.437962
0.437444
0.438157
0.440311
0.443941
0.44887
0.454716
0.460959
0.467022
0.472353
0.476499
0.479155
0.480146
0.479427
0.477089
0.473337
0.468496
0.463014
0.457385
0.452102
0.447587
0.444095
0.441695
0.440278
0.439609
0.439426
0.439507
0.439737
0.440093
0.440626
0.441423
0.44254
0.443976
0.445623
0.447301
0.448783
0.44985
0.450352
0.450233
0.449539
0.448425
0.447135
0.445942
0.4451
0.444798
0.445116
0.446011
0.447329
0.448826
0.450211
0.451233
0.451719
0.451607
0.450952
0.449895
0.448603
0.447222
0.445826
0.444444
0.443067
0.441691
0.440329
0.439013
0.437774
0.436633
0.435593
0.434668
0.433887
0.433328
0.433105
0.433358
0.434225
0.435756
0.437908
0.440527
0.44336
0.446141
0.448647
0.450747
0.45242
0.453702
0.454657
0.455349
0.455813
0.456078
0.456243
0.456494
0.457117
0.45839
0.460427
0.46309
0.466012
0.468736
0.470823
0.471923
0.471804
0.470279
0.467216
0.462559
0.456377
0.448963
0.44091
0.433094
0.426545
0.4222
0.420598
0.421708
0.424929
0.429299
0.433768
0.437425
0.439606
0.439956
0.438439
0.435294
0.430982
0.426113
0.421336
0.417222
0.414192
0.412468
0.412072
0.41287
0.414641
0.417101
0.419937
0.422846
0.425558
0.427889
0.429743
0.43112
0.432092
0.432763
0.433233
0.433552
0.433642
0.433282
0.432162
0.430005
0.426709
0.422428
0.417565
0.412698
0.408456
0.405387
0.403868
0.404043
0.405817
0.408877
0.412773
0.416988
0.421011
0.424417
0.426896
0.428283
0.428575
0.427944
0.426721
0.425326
0.424187
0.423663
0.424
0.425323
0.427695
0.431118
0.435509
0.440719
0.446518
0.4526
0.458614
0.464196
0.469027
0.472863
0.475538
0.476975
0.477158
0.476139
0.474046
0.4711
0.467589
0.463847
0.460194
0.456851
0.453897
0.451256
0.448738
0.446131
0.443314
0.440298
0.437214
0.434235
0.4315
0.429034
0.426748
0.424484
0.422114
0.419634
0.417173
0.415016
0.413522
0.413009
0.413642
0.41538
0.418035
0.421374
0.425217
0.429481
0.434195
0.439435
0.445259
0.451657
0.458509
0.465594
0.472559
0.478995
0.484495
0.488713
0.491441
0.492652
0.492478
0.49116
0.488943
0.485998
0.482346
0.477872
0.472386
0.465702
0.45773
0.448588
0.43867
0.428661
0.419481
0.41211
0.407387
0.405773
0.407228
0.411242
0.417021
0.423704
0.430534
0.436944
0.442549
0.447084
0.450378
0.452377
0.453156
0.45293
0.452042
0.450883
0.449808
0.449013
0.448537
0.448254
0.447946
0.447387
0.446428
0.445006
0.443154
0.44096
0.438495
0.435783
0.43278
0.429427
0.425712
0.421725
0.41767
0.413869
0.410705
0.408548
0.407639
0.408042
0.409638
0.412172
0.415355
0.418952
0.4228
0.426792
0.430873
0.434976
0.439005
0.442835
0.446324
0.449311
0.451655
0.453227
0.453935
0.453723
0.452526
0.450292
0.446986
0.442607
0.437234
0.431017
0.424221
0.417211
0.410404
0.4042
0.398935
0.394841
0.392057
0.390633
0.39058
0.391877
0.394455
0.398171
0.402784
0.407954
0.413292
0.418403
0.422953
0.426724
0.429602
0.431543
0.432561
0.432657
0.43182
0.430044
0.42738
0.423958
0.420023
0.415909
0.412012
0.408707
0.406277
0.404883
0.404571
0.405294
0.406927
0.409317
0.412258
0.415453
0.418524
0.421061
0.422706
0.42324
0.422635
0.421039
0.418723
0.416034
0.413334
0.410979
0.409278
0.408455
0.408624
0.409755
0.411659
0.41404
0.416588
0.419086
0.421482
0.423876
0.426438
0.429286
0.432376
0.435526
0.438466
0.440918
0.44267
0.443609
0.443746
0.443204
0.442165
0.440808
0.43927
0.437628
0.435918
0.434137
0.432248
0.430168
0.427809
0.425091
0.421984
0.418509
0.414717
0.410704
0.406589
0.402497
0.398539
0.394794
0.391286
0.388033
0.385073
0.382471
0.380301
0.378618
0.377439
0.376737
0.376435
0.376431
0.376657
0.377102
0.37782
0.378887
0.380339
0.38215
0.384227
0.38643
0.38863
0.390754
0.392858
0.395111
0.397789
0.401179
0.405455
0.410591
0.416321
0.422179
0.427623
0.432144
0.435368
0.437083
0.43724
0.435935
0.433332
0.429647
0.425138
0.4201
0.414854
0.409739
0.405096
0.401216
0.398315
0.396472
0.395642
0.395681
0.396403
0.397616
0.399153
0.40089
0.402723
0.40459
0.406489
0.408481
0.410649
0.413039
0.415623
0.418254
0.420683
0.422602
0.423707
0.423772
0.422694
0.420534
0.417509
0.41393
0.410147
0.406482
0.403192
0.400437
0.398269
0.396647
0.395456
0.394537
0.393694
0.392736
0.391505
0.389902
0.387915
0.385633
0.383237
0.380957
0.379037
0.377685
0.377013
0.377037
0.377703
0.378963
0.380792
0.383192
0.386169
0.389669
0.393563
0.397655
0.401708
0.405516
0.40894
0.411951
0.414621
0.417119
0.419654
0.42242
0.425535
0.428997
0.432661
0.436271
0.439501
0.442031
0.443638
0.444235
0.443886
0.442811
0.441359
0.439952
0.439
0.438848
0.439699
0.441574
0.444318
0.447652
0.45126
0.45485
0.458197
0.461148
0.463554
0.465249
0.46604
0.465719
0.464126
0.461179
0.456951
0.451686
0.445817
0.439902
0.434544
0.430269
0.427389
0.425915
0.425632
0.426233
0.427448
0.429084
0.431014
0.433079
0.43502
0.436554
0.437487
0.437781
0.437573
0.437119
0.43674
0.436706
0.437202
0.438288
0.439891
0.441829
0.443881
0.44588
0.447735
0.449444
0.451086
0.452782
0.454653
0.456785
0.459199
0.461838
0.464539
0.467072
0.469162
0.470526
0.470883
0.469992
0.467722
0.464089
0.45926
0.4536
0.447624
0.441897
0.436945
0.433124
0.430576
0.42923
0.428843
0.429107
0.429718
0.430444
0.43115
0.431826
0.432559
0.433497
0.434823
0.436692
0.439178
0.442213
0.445537
0.448705
0.45117
0.452398
0.451991
0.449778
0.445912
0.440892
0.435512
0.430694
0.427238
0.425566
0.425592
0.426903
0.429045
0.43177
0.435054
0.438966
0.443483
0.448377
0.453226
0.457519
0.460805
0.462788
0.463357
0.46258
0.460649
0.4578
0.454243
0.450123
0.445486
0.440303
0.434568
0.428427
0.422262
0.416707
0.412521
0.410391
0.410715
0.413478
0.418317
0.424643
0.43178
0.439022
0.445725
0.451344
0.455492
0.457976
0.458808
0.458186
0.456446
0.453981
0.451166
0.448285
0.445503
0.44288
0.440411
0.438109
0.436052
0.434408
0.433388
0.433178
0.433858
0.435363
0.437499
0.440037
0.442779
0.44559
0.448407
0.451226
0.454034
0.456789
0.45939
0.461691
0.463521
0.464713
0.465117
0.46459
0.463008
0.460297
0.456418
0.451373
0.445228
0.43811
0.430233
0.421938
0.413707
0.406191
0.40014
0.396286
0.395155
0.396875
0.401125
0.407207
0.414204
0.421214
0.427507
0.432627
0.436421
0.439024
0.440753
0.441977
0.442975
0.443845
0.444466
0.444599
0.444003
0.44251
0.440072
0.43673
0.432614
0.427905
0.422848
0.417766
0.413074
0.409299
0.407
0.406659
0.408509
0.41239
0.41772
0.423633
0.429193
0.433623
0.43646
0.437565
0.437111
0.435485
0.433178
0.430676
0.428402
0.426678
0.425741
0.425747
0.426776
0.428849
0.431901
0.435764
0.440172
0.444777
0.449178
0.452978
0.455845
0.457564
0.458099
0.457574
0.456264
0.45455
0.452854
0.451496
0.450646
0.450233
0.45
0.449612
0.44884
0.447712
0.446575
0.446039
0.44669
0.448776
0.452021
0.455711
0.459026
0.461321
0.462283
0.461926
0.460446
0.458075
0.455045
0.451529
0.447646
0.443489
0.439121
0.434594
0.429922
0.4251
0.420119
0.414979
0.409729
0.404511
0.399569
0.39525
0.39195
0.39007
0.389897
0.391579
0.39505
0.400058
0.406181
0.412922
0.419765
0.426239
0.431959
0.436645
0.440105
0.442224
0.442952
0.442283
0.440283
0.437121
0.4331
0.42868
0.424388
0.420706
0.417953
0.416254
0.415586
0.415877
0.417064
0.419072
0.421801
0.425065
0.428605
0.432093
0.435187
0.437558
0.43895
0.439204
0.438255
0.436148
0.433008
0.429027
0.424454
0.419582
0.414741
