1.79774
1.79516
1.79277
1.7911
1.79063
1.79162
1.794
1.79738
1.80122
1.80499
1.80828
1.81088
1.81272
1.81385
1.81438
1.81446
1.81426
1.81391
1.81355
1.81327
1.81313
1.81315
1.81333
1.81363
1.81401
1.81442
1.81484
1.81524
1.8156
1.8159
1.81614
1.81627
1.81625
1.81603
1.81558
1.81486
1.81388
1.81268
1.81136
1.81002
1.80879
1.80776
1.80699
1.80644
1.80598
1.80541
1.8045
1.80302
1.80082
1.79786
1.79423
1.79009
1.78565
1.78114
1.77681
1.77295
1.77004
1.76871
1.76961
1.77315
1.77923
1.78716
1.79594
1.80461
1.81247
1.81918
1.8247
1.82916
1.83271
1.83551
1.83764
1.83915
1.84003
1.84027
1.83984
1.83876
1.83703
1.83471
1.83187
1.82861
1.82503
1.82119
1.81708
1.8126
1.8076
1.80191
1.79553
1.78881
1.78252
1.77788
1.77611
1.77789
1.78299
1.79037
1.79868
1.80679
1.81398
1.82001
1.8249
1.82883
1.83202
1.83471
1.83708
1.83927
1.84135
1.84333
1.8452
1.84686
1.84822
1.84918
1.84965
1.84957
1.84888
1.84756
1.84562
1.84311
1.84013
1.83686
1.83354
1.83046
1.82795
1.82625
1.8255
1.82571
1.82677
1.82853
1.83081
1.83343
1.8362
1.83887
1.84116
1.84276
1.84334
1.84268
1.84066
1.83737
1.83318
1.82876
1.82501
1.8228
1.82276
1.82491
1.82874
1.8334
1.83802
1.84194
1.84479
1.84647
1.84702
1.8466
1.84543
1.84373
1.84171
1.83957
1.83748
1.83556
1.83387
1.83242
1.83117
1.83004
1.82891
1.82767
1.82617
1.82428
1.82182
1.81857
1.81428
1.80874
1.80187
1.79399
1.78603
1.77959
1.77653
1.77811
1.78424
1.7935
1.8039
1.81373
1.82198
1.82825
1.8326
1.83524
1.83647
1.83657
1.83577
1.83426
1.83222
1.82979
1.82709
1.82424
1.82135
1.81851
1.81582
1.81337
1.81122
1.80943
1.80807
1.80716
1.80674
1.80682
1.80735
1.80825
1.80937
1.81048
1.81137
1.81182
1.8117
1.81096
1.80969
1.80808
1.80634
1.80467
1.80319
1.80193
1.8009
1.80008
1.79952
1.79929
1.79949
1.80015
1.80122
1.80261
1.80421
1.80596
1.80786
1.80994
1.81223
1.81473
1.81735
1.81991
1.82226
1.82423
1.82569
1.8266
1.82695
1.82678
1.82617
1.8252
1.82398
1.82259
1.82109
1.81952
1.81792
1.81625
1.8145
1.81263
1.81057
1.80827
1.80568
1.80279
1.79956
1.79604
1.79226
1.7883
1.7843
1.78041
1.77681
1.7737
1.77125
1.7696
1.76881
1.76886
1.76963
1.77093
1.77251
1.77414
1.7756
1.77673
1.77742
1.77763
1.7773
1.77638
1.77474
1.7722
1.76851
1.76348
1.75711
1.74969
1.74196
1.73504
1.73019
1.72835
1.72978
1.73402
1.74006
1.74684
1.75347
1.75938
1.7643
1.76815
1.77098
1.77289
1.77404
1.77455
1.77456
1.77418
1.77352
1.77268
1.77173
1.77073
1.76972
1.76873
1.76778
1.76689
1.76608
1.76537
1.76478
1.76432
1.76401
1.76387
1.76389
1.76403
1.76426
1.76452
1.76473
1.76482
1.76472
1.76436
1.76369
1.76268
1.76131
1.75959
1.75754
1.75524
1.75274
1.75016
1.74757
1.74505
1.74266
1.74041
1.73834
1.73651
1.73509
1.73433
1.73455
1.73602
1.73885
1.74288
1.74776
1.75299
1.75809
1.76269
1.76656
1.76961
1.77181
1.77321
1.77387
1.77384
1.77316
1.77187
1.76998
1.76749
1.76442
1.76079
1.75663
1.75201
1.74706
1.74193
1.73679
1.73181
1.72713
1.72284
1.71894
1.71542
1.71226
1.70952
1.70731
1.7058
1.70519
1.70558
1.70702
1.70937
1.71243
1.7159
1.7195
1.72294
1.72605
1.72867
1.73073
1.73222
1.73314
1.73356
1.73355
1.73321
1.73269
1.73213
1.73168
1.73151
1.73172
1.73239
1.73354
1.7351
1.73699
1.73908
1.74123
1.74334
1.7453
1.74703
1.74848
1.74961
1.75038
1.75077
1.75074
1.75025
1.74928
1.74779
1.74577
1.74323
1.74023
1.73689
1.73341
1.73006
1.72715
1.72498
1.72377
1.7236
1.72438
1.72584
1.72763
1.72937
1.7307
1.73133
1.73106
1.72975
1.72732
1.72382
1.71943
1.71454
1.70972
1.70563
1.70287
1.70169
1.70196
1.7032
1.70483
1.70641
1.70772
1.70882
1.70986
1.71107
1.71256
1.71433
1.71629
1.71832
1.72027
1.72208
1.72372
1.7252
1.72656
1.72787
1.72916
1.73045
1.73175
1.73304
1.73431
1.73553
1.73669
1.73775
1.7387
1.73953
1.74022
1.74079
1.74121
1.7415
1.74165
1.74167
1.74155
1.7413
1.74092
1.74041
1.73977
1.73901
1.73812
1.73712
1.73602
1.73483
1.73356
1.73223
1.73085
1.72942
1.72793
1.72639
1.72478
1.72309
1.72131
1.71947
1.71763
1.71587
1.71435
1.71323
1.71268
1.71285
1.7138
1.71548
1.71773
1.72032
1.72293
1.72524
1.72693
1.72772
1.72736
1.72568
1.72257
1.71804
1.71231
1.7058
1.6992
1.69339
1.68924
1.68736
1.68788
1.69038
1.69414
1.69836
1.7024
1.70587
1.70863
1.71069
1.71218
1.71326
1.71411
1.71491
1.71578
1.71678
1.71789
1.71907
1.72025
1.72135
1.72232
1.72312
1.72371
1.72407
1.72417
1.72399
1.72353
1.72281
1.72187
1.72078
1.71958
1.71835
1.71712
1.71591
1.71471
1.71351
1.71231
1.71107
1.7097
1.70803
1.70575
1.70246
1.6978
1.69178
1.68512
1.67946
1.67692
1.6791
1.68602
1.6961
1.70714
1.71732
1.72568
1.73202
1.73654
1.73959
1.74152
1.74262
1.7431
1.74311
1.74275
1.7421
1.74121
1.74015
1.73897
1.73772
1.73646
1.73524
1.73409
1.73302
1.73202
1.73105
1.73005
1.72897
1.72779
1.72651
1.72519
1.72392
1.72283
1.72204
1.72162
1.72164
1.72207
1.72288
1.72399
1.72533
1.72684
1.72851
1.73032
1.73227
1.73435
1.73655
1.73884
1.74117
1.74351
1.74579
1.748
1.75012
1.75213
1.75404
1.75586
1.75761
1.75929
1.76092
1.76251
1.76405
1.76552
1.7669
1.76814
1.76921
1.77008
1.77075
1.77122
1.77154
1.77176
1.77196
1.77225
1.77271
1.77341
1.77436
1.77551
1.77673
1.77785
1.77867
1.77896
1.77854
1.7773
1.77519
1.7723
1.76881
1.76506
1.76151
1.75867
1.75705
1.75703
1.75869
1.76181
1.76594
1.77048
1.77495
1.779
1.7825
1.78546
1.78802
1.79035
1.79256
1.79473
1.79685
1.79885
1.80065
1.80214
1.80322
1.80385
1.804
1.80366
1.80283
1.80146
1.79952
1.79696
1.7938
1.79015
1.78629
1.7827
1.77995
1.77865
1.77925
1.78193
1.78649
1.79241
1.79898
1.80551
1.8114
1.81628
1.81996
1.82241
1.82367
1.82386
1.82307
1.82141
1.81897
1.81585
1.81217
1.80809
1.80382
1.79966
1.79596
1.79311
1.79146
1.79126
1.79259
1.79532
1.79918
1.80377
1.80865
1.81341
1.81771
1.82128
1.82397
1.82573
1.82658
1.82661
1.82598
1.8249
1.8236
1.82233
1.8213
1.8207
1.82064
1.82113
1.82214
1.82352
1.82512
1.82674
1.82823
1.82945
1.8303
1.83073
1.83067
1.83005
1.82874
1.82659
1.82342
1.81908
1.81355
1.80701
1.79986
1.79271
1.78627
1.78114
1.77768
1.77601
1.77596
1.77728
1.77967
1.78283
1.78651
1.7905
1.79459
1.79863
1.80251
1.80611
1.80934
1.81205
1.81403
1.81498
1.81448
1.81207
1.80728
1.80001
1.79085
1.78154
1.77476
1.77304
1.77728
1.7861
1.79683
1.80702
1.81525
1.82106
1.82457
1.82611
1.82597
1.8244
1.82152
1.81745
1.81226
1.80604
1.79897
1.79127
1.78326
1.77531
1.76785
1.76127
1.75598
1.75231
1.75052
1.75066
1.75261
1.75597
1.76025
1.76489
1.76946
1.77365
1.77729
1.78033
1.78279
1.78475
1.78629
1.78755
1.78864
1.78972
1.79087
1.79218
1.79365
1.79521
1.79675
1.79811
1.7991
1.79954
1.79927
1.79811
1.79595
1.79267
1.78822
1.78261
1.77596
1.76861
1.76123
1.75488
1.75086
1.75032
1.75371
1.76044
1.76916
1.77834
1.78679
1.79386
1.7994
1.80353
1.80651
1.80866
1.81024
1.8115
1.8126
1.81369
1.81487
1.81617
1.81761
1.81917
1.82079
1.82239
1.82384
1.82497
1.82561
1.8255
1.82434
1.82176
1.8173
1.81035
1.80019
1.78608
1.76764
1.74574
1.72378
1.7079
1.70423
1.71411
1.73291
1.75397
1.77267
1.78732
1.79807
1.80572
1.81108
1.81482
1.8174
1.81916
1.82031
1.821
1.82133
1.82137
1.82119
1.82081
1.82028
1.81963
1.81888
1.81808
1.81726
1.81646
1.81571
1.81507
1.81454
1.81417
1.81395
1.8139
1.81401
1.81429
1.81473
1.81533
1.81609
1.81698
1.81793
1.81885
1.81955
1.81982
1.81937
1.81787
1.81499
1.81044
1.80402
1.79573
1.78585
1.77497
1.76399
1.75394
1.74587
1.74061
1.73875
1.74053
1.74576
1.7537
1.76318
1.77288
1.78168
1.7889
1.79428
1.79793
1.8002
1.80152
1.80233
1.80296
1.8036
1.80429
1.80494
1.80541
1.80551
1.80513
1.80419
1.80269
1.80073
1.79845
1.79604
1.79371
1.79164
1.78992
1.78855
1.78747
1.78655
1.78562
1.78455
1.78325
1.78166
1.77977
1.77764
1.77532
1.77296
1.77074
1.76893
1.76785
1.76781
1.76902
1.77147
1.77498
1.77918
1.78363
1.78794
1.79183
1.79512
1.79775
1.79972
1.80107
1.80186
1.80218
1.80207
1.80159
1.80082
1.7998
1.79861
1.79731
1.79598
1.79469
1.79351
1.7925
1.7917
1.79111
1.79072
1.79048
1.79033
1.79019
1.78996
1.78955
1.78886
1.78781
1.78635
1.78449
1.78236
1.78023
1.77849
1.77763
1.77801
1.77975
1.78267
1.7863
1.79014
1.79376
1.7969
1.79948
1.80151
1.80307
1.80426
1.80521
1.80606
1.80083
1.80193
1.80335
1.8051
1.80713
1.80934
1.81163
1.81392
1.81619
1.81842
1.82066
1.82293
1.82528
1.82772
1.83024
1.83282
1.83543
1.83802
1.84055
1.84298
1.84526
1.84735
1.84922
1.85083
1.85215
1.85312
1.85372
1.85388
1.85359
1.85282
1.85156
1.84982
1.84763
1.84502
1.842
1.83851
1.83441
1.82947
1.82343
1.8161
1.80757
1.79828
1.78912
1.7812
1.77556
1.77273
1.77263
1.77461
1.77777
1.78131
1.78478
1.78812
1.79152
1.79523
1.7994
1.804
1.80881
1.81349
1.81762
1.82077
1.82253
1.82257
1.82068
1.81689
1.81151
1.80519
1.79886
1.79357
1.7902
1.78919
1.79041
1.79327
1.79696
1.80071
1.80391
1.80624
1.80755
1.80787
1.8073
1.80598
1.80406
1.80171
1.79907
1.79632
1.79361
1.79106
1.7888
1.78686
1.78523
1.78386
1.78263
1.78144
1.78016
1.77871
1.77701
1.77504
1.77278
1.77024
1.76745
1.76444
1.76124
1.75791
1.75449
1.75102
1.74756
1.74417
1.74091
1.73784
1.73502
1.73254
1.73046
1.72891
1.72802
1.72789
1.72864
1.73027
1.7327
1.73571
1.73905
1.7424
1.74549
1.7481
1.75008
1.75131
1.75174
1.75135
1.75013
1.74813
1.7454
1.74209
1.73838
1.73456
1.73093
1.7278
1.7254
1.72381
1.72299
1.72274
1.72283
1.72302
1.72314
1.72309
1.72283
1.72234
1.7216
1.72056
1.71913
1.71717
1.7145
1.71095
1.70635
1.70063
1.69384
1.68632
1.67884
1.67261
1.66901
1.66909
1.67294
1.67964
1.68773
1.69582
1.703
1.70888
1.71343
1.71675
1.71897
1.72017
1.72037
1.71959
1.71789
1.71545
1.71263
1.70997
1.70808
1.70756
1.70872
1.71154
1.71566
1.72052
1.72557
1.73039
1.73471
1.73843
1.74155
1.74411
1.74615
1.74772
1.74884
1.74946
1.74954
1.74898
1.74765
1.74541
1.74214
1.73774
1.73219
1.72555
1.71802
1.7099
1.70155
1.69344
1.68599
1.67963
1.67462
1.67108
1.66895
1.66815
1.6686
1.67034
1.67338
1.67768
1.68308
1.68927
1.69586
1.70246
1.70873
1.71441
1.71937
1.72359
1.72716
1.73021
1.73289
1.73534
1.73765
1.73983
1.7418
1.74342
1.74451
1.74485
1.74427
1.74264
1.73995
1.73638
1.73232
1.72837
1.72525
1.72361
1.7238
1.72571
1.72888
1.73267
1.73649
1.73992
1.74274
1.74494
1.74656
1.74774
1.74859
1.74923
1.74973
1.75017
1.75057
1.75097
1.75138
1.75181
1.75226
1.75273
1.75322
1.75373
1.75427
1.75485
1.75547
1.75614
1.75689
1.75773
1.75871
1.75985
1.76118
1.76274
1.76454
1.76657
1.76882
1.77126
1.77385
1.77654
1.77927
1.78197
1.78458
1.78701
1.78916
1.79096
1.79232
1.79324
1.79373
1.79393
1.79403
1.7943
1.79501
1.79637
1.79844
1.80114
1.80425
1.80748
1.81056
1.81324
1.81536
1.81682
1.81752
1.81738
1.81624
1.81392
1.81018
1.8048
1.79769
1.78906
1.77964
1.77076
1.7641
1.76121
1.76285
1.76866
1.77745
1.78772
1.79814
1.80779
1.81617
1.82308
1.82854
1.8327
1.83583
1.83827
1.84041
1.84265
1.8453
1.84851
1.85225
1.85636
1.86056
1.86455
1.86806
1.87089
1.87287
1.87392
1.87399
1.87306
1.87114
1.86829
1.86463
1.86036
1.85575
1.85116
1.84699
1.8436
1.84124
1.84004
1.83992
1.84068
1.84207
1.84379
1.84562
1.84737
1.84891
1.85019
1.85116
1.85185
1.85226
1.85243
1.85239
1.85218
1.85182
1.85133
1.85074
1.85006
1.84933
1.84859
1.84788
1.84721
1.84657
1.8459
1.84506
1.84389
1.84218
1.8397
1.83629
1.83186
1.82645
1.82029
1.8138
1.80749
1.80195
1.7978
1.79566
1.79604
1.79913
1.80462
1.81185
1.82008
1.82865
1.83706
1.84483
1.85153
1.85679
1.86039
1.86225
1.86245
1.86113
1.85846
1.85452
1.84933
1.84279
1.83475
1.82507
1.8139
1.80184
1.79011
1.78033
1.77392
1.77145
1.77231
1.77517
1.77865
1.78183
1.78431
1.78611
1.78748
1.78876
1.79027
1.79224
1.7948
1.79789
1.80133
1.80486
1.80817
1.81095
1.81293
1.8139
1.81373
1.81238
1.80995
1.80669
1.80305
1.79963
1.79704
1.79577
1.796
1.79755
1.79997
1.80267
1.80512
1.80693
1.80788
1.80789
1.80699
1.80526
1.80286
1.80001
1.79695
1.79399
1.79146
1.78965
1.78879
1.78897
1.79016
1.79215
1.79468
1.7974
1.80002
1.80228
1.80402
1.80514
1.80563
1.80553
1.80493
1.80398
1.80281
1.80161
1.80054
1.79976
1.79936
1.79937
1.79979
1.80052
1.80144
1.80241
1.80334
1.80412
1.80473
1.80522
1.80567
1.80622
1.80704
1.80828
1.81005
1.81238
1.81519
1.81831
1.8215
1.82447
1.827
1.82892
1.83024
1.83109
1.83177
1.8326
1.83385
1.83567
1.83799
1.84064
1.84341
1.8461
1.84862
1.85097
1.85317
1.85526
1.85725
1.8591
1.86073
1.86204
1.86289
1.86321
1.86294
1.86213
1.86088
1.85938
1.85787
1.85657
1.85566
1.85521
1.8552
1.8555
1.85593
1.85626
1.85636
1.8561
1.85544
1.85436
1.85282
1.8508
1.84826
1.84524
1.84182
1.83816
1.83448
1.83102
1.82802
1.82571
1.82426
1.82381
1.82438
1.82592
1.8283
1.83131
1.83474
1.83841
1.8422
1.84601
1.84975
1.85335
1.85669
1.85963
1.86206
1.86385
1.86491
1.86516
1.86457
1.86311
1.86077
1.85754
1.85344
1.84848
1.84275
1.83637
1.82963
1.82299
1.81708
1.81264
1.81031
1.81034
1.81252
1.81621
1.8206
1.82492
1.82863
1.83143
1.83322
1.83401
1.83389
1.83298
1.83142
1.82934
1.8269
1.82424
1.82153
1.81893
1.81657
1.81453
1.81281
1.81137
1.81006
1.8087
1.80709
1.80502
1.80234
1.7989
1.79464
1.78957
1.78384
1.77774
1.77175
1.76648
1.76258
1.76055
1.76058
1.76251
1.7659
1.77021
1.77492
1.77961
1.78399
1.78786
1.7911
1.79366
1.79551
1.79669
1.79726
1.79731
1.79693
1.79624
1.79535
1.79434
1.79328
1.79219
1.79104
1.78979
1.78836
1.78676
1.78507
1.78353
1.78243
1.78211
1.78276
1.78436
1.78667
1.78927
1.79166
1.79342
1.7942
1.79384
1.7923
1.78966
1.78616
1.78212
1.77792
1.774
1.77069
1.76822
1.7666
1.76567
1.7651
1.76454
1.76377
1.76275
1.76168
1.76097
1.76111
1.7625
1.76531
1.76936
1.77423
1.77936
1.78415
1.78819
1.79122
1.79315
1.79405
1.79406
1.7934
1.79232
1.79105
1.78984
1.78887
1.7883
1.78821
1.7886
1.78944
1.79063
1.79203
1.7935
1.7949
1.79611
1.79702
1.79757
1.79769
1.79737
1.7966
1.7954
1.79378
1.79181
1.78952
1.78699
1.7843
1.78153
1.77881
1.77628
1.77414
1.77257
1.7718
1.77197
1.77316
1.77532
1.77831
1.78192
1.7859
1.79001
1.79406
1.79787
1.80133
1.80436
1.8069
1.8089
1.81035
1.81125
1.81162
1.81152
1.81102
1.81021
1.8092
1.8081
1.80704
1.8061
1.80537
1.8049
1.8047
1.80477
1.80507
1.80553
1.80608
1.80666
1.80719
1.80761
1.80786
1.8079
1.8077
1.8072
1.80637
1.80516
1.8035
1.80134
1.79864
1.79535
1.79152
1.78722
1.78262
1.77799
1.77364
1.76996
1.76733
1.76609
1.76645
1.76847
1.77203
1.77684
1.78249
1.78852
1.79454
1.80017
1.8052
1.80948
1.81296
1.81563
1.81754
1.81875
1.81933
1.81937
1.81892
1.81808
1.81689
1.81545
1.81383
1.81208
1.81028
1.80843
1.80655
1.80455
1.80232
1.79969
1.79644
1.79239
1.78743
1.78168
1.7755
1.76951
1.7644
1.76064
1.75819
1.75643
1.7544
1.75121
1.74635
1.73994
1.73263
1.72553
1.71982
1.71641
1.71569
1.71748
1.72116
1.72596
1.73115
1.73625
1.74104
1.74552
1.74982
1.75411
1.75848
1.76293
1.76741
1.77181
1.77603
1.78
1.78366
1.78697
1.78988
1.79234
1.79433
1.79581
1.79675
1.79715
1.79704
1.79648
1.79556
1.7944
1.79315
1.79199
1.79109
1.79059
1.79062
1.7912
1.79234
1.79394
1.7959
1.79806
1.80026
1.80236
1.80421
1.80568
1.80665
1.80702
1.80667
1.8055
1.80345
1.80045
1.79651
1.79168
1.78612
1.78005
1.77379
1.76769
1.76218
1.75773
1.75486
1.75408
1.75574
1.75986
1.76603
1.77349
1.78132
1.78871
1.7951
1.80024
1.8041
1.80684
1.80866
1.80981
1.8105
1.8109
1.81115
1.81131
1.81146
1.81159
1.81173
1.81188
1.81202
1.81216
1.81232
1.81252
1.81276
1.81309
1.81354
1.81415
1.81496
1.81601
1.81735
1.81903
1.82107
1.82349
1.82625
1.8293
1.83256
1.83592
1.83925
1.84243
1.84531
1.84779
1.84974
1.85103
1.85154
1.85115
1.8497
1.84707
1.84316
1.83791
1.8314
1.82386
1.81568
1.8074
1.79954
1.79245
1.78622
1.7808
1.77618
1.77264
1.77073
1.77108
1.77402
1.77938
1.7864
1.794
1.80101
1.80652
1.81
1.8114
1.81117
1.81006
1.80901
1.80884
1.81002
1.81261
1.81634
1.82076
1.82542
1.82997
1.83413
1.83775
1.84075
1.84312
1.84491
1.84618
1.84703
1.84757
1.84789
1.84805
1.84811
1.8481
1.84801
1.84783
1.84755
1.84712
1.84652
1.84572
1.84468
1.8434
1.84187
1.84011
1.83813
1.83598
1.83371
1.83135
1.82892
1.82638
1.82365
1.82049
1.81657
1.81134
1.80416
1.79439
1.78184
1.76747
1.754
1.7455
1.74529
1.75347
1.76682
1.78115
1.79355
1.80286
1.80912
1.81289
1.81478
1.81531
1.81487
1.81372
1.81204
1.80996
1.80758
1.80503
1.80242
1.79991
1.79763
1.79572
1.79425
1.79321
1.7925
1.79196
1.79141
1.79069
1.78977
1.78873
1.7878
1.79949
1.79966
1.8007
1.80264
1.80531
1.80844
1.81175
1.81497
1.81793
1.82053
1.82274
1.82457
1.82604
1.82718
1.82797
1.82841
1.82846
1.8281
1.82729
1.82601
1.82428
1.82214
1.81965
1.81694
1.81412
1.81134
1.80878
1.80658
1.80492
1.80393
1.80373
1.80441
1.80599
1.80842
1.81158
1.81525
1.81918
1.82309
1.82671
1.82984
1.83234
1.83414
1.83529
1.83589
1.83612
1.83619
1.8363
1.83659
1.83705
1.83757
1.83794
1.83788
1.83713
1.83551
1.83302
1.82986
1.82648
1.82348
1.82147
1.82084
1.82167
1.82361
1.82612
1.82858
1.83053
1.83168
1.83197
1.83146
1.83037
1.82892
1.82736
1.82589
1.82463
1.82361
1.82277
1.82199
1.82113
1.8201
1.81885
1.8174
1.8158
1.8141
1.81229
1.81028
1.80792
1.80511
1.80186
1.79846
1.79547
1.79367
1.79384
1.79649
1.80158
1.80861
1.81677
1.82523
1.83329
1.84052
1.84667
1.85167
1.85557
1.85845
1.86043
1.86163
1.86218
1.86214
1.86156
1.86046
1.85878
1.85638
1.85305
1.84847
1.84221
1.83386
1.82317
1.8104
1.79675
1.78456
1.77663
1.77486
1.77901
1.78693
1.79596
1.80415
1.81059
1.81515
1.81802
1.81951
1.81985
1.81923
1.81773
1.81539
1.8122
1.80809
1.80307
1.7972
1.79068
1.7839
1.77736
1.77164
1.7672
1.76432
1.76298
1.76295
1.76382
1.76523
1.7669
1.76872
1.77074
1.77307
1.77587
1.77922
1.78309
1.78732
1.7916
1.79557
1.79885
1.80112
1.80211
1.80163
1.79956
1.79585
1.79049
1.78356
1.77523
1.76581
1.75583
1.74604
1.73737
1.7308
1.72707
1.7264
1.72837
1.73202
1.73621
1.74001
1.74287
1.74469
1.7457
1.74631
1.74693
1.74788
1.74929
1.75111
1.75317
1.75525
1.75712
1.75862
1.75963
1.76008
1.75995
1.75923
1.75793
1.7561
1.75381
1.75116
1.74832
1.74549
1.74292
1.74084
1.73942
1.73869
1.73853
1.73871
1.73889
1.7387
1.73784
1.73608
1.73335
1.72975
1.72559
1.72141
1.71788
1.7157
1.71534
1.71695
1.72025
1.72469
1.7296
1.73442
1.73871
1.74224
1.74491
1.74675
1.74783
1.74826
1.74818
1.74771
1.747
1.74616
1.74529
1.74447
1.74374
1.74313
1.74262
1.74222
1.74191
1.74169
1.74158
1.74159
1.74177
1.74215
1.74276
1.74363
1.74475
1.7461
1.74762
1.74922
1.75076
1.75212
1.75316
1.75379
1.75396
1.75366
1.75291
1.75177
1.75031
1.74858
1.74662
1.74449
1.74224
1.74001
1.73803
1.73658
1.73601
1.73659
1.73845
1.74149
1.7454
1.74974
1.75406
1.75797
1.76122
1.76371
1.76541
1.76642
1.76687
1.76691
1.76672
1.76646
1.76628
1.76631
1.76661
1.76724
1.76817
1.76937
1.77078
1.7723
1.77388
1.77543
1.77692
1.77829
1.77955
1.78071
1.78183
1.78296
1.78418
1.78556
1.78713
1.78888
1.79074
1.79256
1.79419
1.79542
1.79605
1.7959
1.7948
1.7926
1.78918
1.7844
1.77819
1.77048
1.76129
1.75076
1.73924
1.7273
1.71584
1.70598
1.69892
1.69571
1.69685
1.70206
1.71022
1.71967
1.72874
1.73624
1.74156
1.74465
1.74581
1.74559
1.74472
1.74405
1.74443
1.74649
1.75043
1.75595
1.7623
1.76858
1.77395
1.77783
1.77988
1.78
1.77825
1.77483
1.77009
1.76456
1.75891
1.75393
1.75024
1.74818
1.7477
1.74852
1.75024
1.75252
1.75502
1.7574
1.7593
1.76027
1.7599
1.75785
1.75401
1.74861
1.74232
1.73625
1.73163
1.7294
1.72979
1.73223
1.73574
1.73935
1.74243
1.74471
1.74624
1.7472
1.74782
1.74832
1.74887
1.74958
1.7505
1.75165
1.75299
1.75449
1.75609
1.75774
1.75937
1.76094
1.76239
1.76365
1.76462
1.76518
1.76513
1.76418
1.76197
1.75801
1.7518
1.74292
1.73141
1.71813
1.70508
1.69505
1.69051
1.69235
1.69961
1.71038
1.72273
1.73518
1.74664
1.75636
1.7639
1.76907
1.77185
1.77234
1.77072
1.76718
1.76205
1.75577
1.74901
1.74257
1.7373
1.73378
1.73207
1.73163
1.73151
1.73074
1.72873
1.72556
1.72204
1.7196
1.7198
1.7237
1.73123
1.74129
1.75227
1.76274
1.7718
1.7791
1.78468
1.78877
1.79165
1.79357
1.79475
1.79532
1.79533
1.79479
1.79364
1.79179
1.78916
1.7857
1.78142
1.77649
1.77121
1.76599
1.76126
1.7573
1.75412
1.75145
1.74887
1.74607
1.743
1.74
1.73764
1.73648
1.73692
1.73902
1.74254
1.7471
1.75221
1.75741
1.76226
1.76637
1.76937
1.77095
1.77082
1.76879
1.76479
1.75896
1.75177
1.74408
1.73707
1.732
1.72975
1.73051
1.73371
1.7384
1.74356
1.7485
1.75281
1.75638
1.75923
1.76148
1.76322
1.76454
1.7655
1.7661
1.76635
1.76622
1.76566
1.76461
1.76303
1.76089
1.75822
1.7551
1.75172
1.74836
1.74539
1.74319
1.74203
1.74204
1.74313
1.74502
1.74736
1.74979
1.75201
1.75382
1.75513
1.75588
1.7561
1.75581
1.75506
1.75391
1.75242
1.75067
1.74875
1.74677
1.74485
1.74313
1.74169
1.7406
1.73989
1.73952
1.73942
1.73952
1.73973
1.74002
1.74038
1.7408
1.74132
1.74197
1.74277
1.74373
1.74483
1.74609
1.74749
1.74903
1.75071
1.75255
1.75456
1.75675
1.75911
1.76163
1.76431
1.76711
1.76998
1.77288
1.77575
1.77854
1.78116
1.78357
1.78566
1.78733
1.78839
1.78863
1.78771
1.78526
1.78086
1.77426
1.76561
1.75576
1.7464
1.73969
1.73734
1.73978
1.74595
1.75416
1.76292
1.77135
1.77903
1.78582
1.7916
1.79624
1.79963
1.80171
1.8025
1.8021
1.80064
1.79827
1.79516
1.79147
1.78735
1.78294
1.77836
1.77369
1.76896
1.7642
1.75946
1.75489
1.75083
1.74772
1.74604
1.74607
1.74779
1.75089
1.75481
1.75896
1.7629
1.76635
1.76922
1.77152
1.77337
1.77487
1.77614
1.77726
1.77827
1.7792
1.78005
1.78081
1.78145
1.78195
1.78232
1.78254
1.78263
1.78259
1.78244
1.78221
1.78191
1.78157
1.78121
1.78083
1.78046
1.78008
1.7797
1.7793
1.77885
1.77833
1.77767
1.77682
1.77567
1.77414
1.7721
1.76943
1.76602
1.76177
1.75662
1.75059
1.74381
1.73653
1.72913
1.7221
1.71596
1.71119
1.70809
1.70678
1.70714
1.70892
1.71175
1.71527
1.71916
1.72318
1.72713
1.73089
1.73439
1.73757
1.74039
1.74283
1.7449
1.74663
1.74806
1.74926
1.75026
1.7511
1.7518
1.75231
1.7526
1.75258
1.75217
1.75132
1.75002
1.74832
1.74636
1.74431
1.74237
1.74072
1.73945
1.73854
1.73787
1.73723
1.73638
1.73506
1.7331
1.73045
1.72726
1.72393
1.72107
1.71937
1.71934
1.72107
1.72425
1.72824
1.73234
1.73599
1.73887
1.74085
1.74197
1.74232
1.74206
1.74132
1.7402
1.7388
1.73715
1.73529
1.73317
1.73076
1.72799
1.72482
1.72121
1.71724
1.71307
1.70903
1.70552
1.70299
1.70175
1.70192
1.70337
1.70576
1.70872
1.71189
1.71506
1.71811
1.72101
1.72378
1.72645
1.72903
1.73152
1.73389
1.73612
1.73815
1.73996
1.7415
1.74276
1.7437
1.74431
1.74458
1.74451
1.74407
1.74328
1.74215
1.74067
1.73887
1.73678
1.73441
1.73181
1.72899
1.72596
1.72271
1.71923
1.71555
1.71182
1.70833
1.70545
1.70348
1.70248
1.70219
1.70216
1.70189
1.70109
1.69977
1.69824
1.69699
1.69659
1.69749
1.69989
1.70373
1.70868
1.71426
1.71996
1.72532
1.73004
1.73393
1.7369
1.73899
1.74027
1.74086
1.74089
1.74051
1.73984
1.73901
1.73812
1.73725
1.73645
1.73576
1.7352
1.73478
1.73447
1.73425
1.73408
1.7339
1.73363
1.7332
1.73253
1.73153
1.73014
1.72832
1.72609
1.7235
1.72071
1.71791
1.71537
1.71338
1.71219
1.71199
1.71282
1.71463
1.71726
1.72051
1.72416
1.72801
1.7319
1.73572
1.73936
1.74274
1.74581
1.74852
1.75082
1.75269
1.75408
1.75493
1.75515
1.75464
1.75321
1.75063
1.74666
1.74098
1.73333
1.72355
1.71167
1.69815
1.68403
1.6711
1.6617
1.65806
1.66128
1.67067
1.68406
1.69887
1.71301
1.72524
1.73506
1.74245
1.74766
1.75102
1.75288
1.75362
1.75355
1.75297
1.75215
1.75129
1.75054
1.74999
1.74969
1.74963
1.74979
1.75011
1.75054
1.75105
1.75158
1.75208
1.75251
1.7528
1.75288
1.75268
1.75217
1.75132
1.75021
1.74898
1.74786
1.74713
1.74705
1.74772
1.74909
1.75089
1.75273
1.75416
1.7548
1.75436
1.75277
1.75014
1.74677
1.74319
1.74003
1.73793
1.73741
1.73866
1.7416
1.74586
1.75093
1.75626
1.76136
1.76587
1.76954
1.77222
1.77384
1.77441
1.77394
1.7725
1.77019
1.76717
1.76369
1.76004
1.75657
1.7536
1.7514
1.75004
1.74948
1.74958
1.75017
1.75125
1.75297
1.75562
1.75947
1.76461
1.77081
1.77763
1.78451
1.79091
1.79643
1.80081
1.80385
1.80547
1.80563
1.80442
1.80197
1.79855
1.79445
1.78993
1.78513
1.78012
1.77499
1.77001
1.76566
1.76255
1.7611
1.76126
1.76252
1.76416
1.76565
1.76689
1.76821
1.7702
1.77337
1.77792
1.78363
1.78999
1.7964
1.8023
1.80725
1.81094
1.81312
1.81365
1.81249
1.80983
1.80614
1.80224
1.79914
1.79776
1.79858
1.80138
1.80541
1.80968
1.81334
1.81582
1.81689
1.81654
1.81497
1.81245
1.80938
1.80616
1.80323
1.80093
1.79945
1.79879
1.79879
1.79915
1.79957
1.79977
1.79959
1.79894
1.79779
1.79617
1.79412
1.79172
1.78903
1.78617
1.7833
1.7806
1.77831
1.77664
1.77575
1.77569
1.77636
1.77752
1.80117
1.8022
1.803
1.80383
1.80521
1.8076
1.8111
1.81523
1.81902
1.82135
1.82125
1.81813
1.81197
1.80338
1.7937
1.78483
1.77877
1.77685
1.77927
1.7851
1.79291
1.80132
1.80937
1.81651
1.82253
1.82735
1.831
1.83352
1.83498
1.83545
1.83499
1.83368
1.8316
1.82883
1.82543
1.82148
1.81703
1.81216
1.80694
1.8015
1.79603
1.79077
1.78603
1.78212
1.77931
1.77778
1.7776
1.77866
1.7808
1.78373
1.78714
1.79072
1.79417
1.79727
1.79987
1.80186
1.80323
1.80397
1.8041
1.80363
1.80261
1.80104
1.79898
1.79648
1.79367
1.79071
1.7878
1.78516
1.78293
1.78113
1.77962
1.7781
1.7762
1.77356
1.76998
1.76547
1.76035
1.75514
1.75056
1.74725
1.74568
1.74597
1.74796
1.7512
1.75518
1.75939
1.76341
1.76696
1.76985
1.77198
1.77337
1.77408
1.77429
1.77426
1.77428
1.77463
1.77554
1.77708
1.77924
1.78183
1.78461
1.78732
1.78966
1.79139
1.79233
1.79238
1.79152
1.7899
1.7878
1.78565
1.78394
1.78314
1.78354
1.78517
1.78781
1.79104
1.79441
1.79751
1.80003
1.80178
1.80263
1.80252
1.8014
1.79923
1.79603
1.79193
1.78721
1.78242
1.77834
1.77576
1.77529
1.77705
1.78063
1.7853
1.79025
1.79485
1.79877
1.80188
1.80425
1.80598
1.80721
1.80798
1.80831
1.80811
1.80728
1.80574
1.80351
1.80078
1.79796
1.79565
1.79449
1.795
1.79736
1.80139
1.80663
1.81251
1.8185
1.82423
1.82947
1.83411
1.83811
1.84148
1.84427
1.84652
1.84825
1.84952
1.85032
1.85067
1.85056
1.84997
1.84887
1.84724
1.84506
1.84232
1.83903
1.83525
1.83103
1.82653
1.82197
1.81763
1.81387
1.81103
1.80932
1.80867
1.80875
1.809
1.80884
1.80781
1.80574
1.80287
1.7998
1.79747
1.79691
1.799
1.80414
1.81206
1.82189
1.83242
1.8425
1.85129
1.85838
1.86365
1.8672
1.86922
1.86994
1.86955
1.86823
1.86611
1.8633
1.85987
1.85593
1.85155
1.84684
1.84194
1.83701
1.83225
1.82787
1.82409
1.82112
1.81916
1.81831
1.81862
1.82006
1.82247
1.82564
1.82925
1.83298
1.83646
1.83934
1.84127
1.84193
1.84104
1.83834
1.83373
1.82726
1.81931
1.81071
1.80277
1.79705
1.79485
1.79655
1.80138
1.80773
1.8139
1.81867
1.82147
1.82233
1.82165
1.81998
1.81789
1.81586
1.81425
1.81325
1.81295
1.81333
1.81433
1.81586
1.81781
1.82005
1.8224
1.82468
1.82665
1.82811
1.82886
1.82874
1.82767
1.82562
1.82266
1.81896
1.81479
1.81052
1.80654
1.8032
1.80072
1.79911
1.79827
1.79801
1.79821
1.79883
1.79995
1.80166
1.80397
1.8068
1.80992
1.81308
1.816
1.81847
1.82037
1.82163
1.82225
1.82227
1.82175
1.82075
1.81934
1.81762
1.81568
1.81364
1.81162
1.80975
1.8082
1.80708
1.8065
1.80652
1.80711
1.80822
1.8097
1.81134
1.81292
1.81416
1.81475
1.81442
1.81293
1.81018
1.80631
1.80185
1.79771
1.79513
1.79516
1.7983
1.80417
1.81176
1.81988
1.82756
1.8342
1.83958
1.8437
1.84663
1.84851
1.84945
1.84954
1.84885
1.84746
1.84547
1.84299
1.8402
1.83726
1.83438
1.8317
1.82935
1.82737
1.82575
1.82447
1.82347
1.82271
1.82214
1.82169
1.82126
1.82075
1.82008
1.81924
1.81834
1.8176
1.81727
1.81759
1.81868
1.82055
1.82312
1.82622
1.82966
1.83328
1.83691
1.8404
1.84362
1.84643
1.84873
1.8504
1.85132
1.85143
1.85067
1.84908
1.84676
1.84388
1.84073
1.83769
1.83516
1.83354
1.83315
1.83414
1.83646
1.83988
1.84402
1.84845
1.85276
1.85663
1.85983
1.86223
1.86375
1.86436
1.86406
1.86284
1.8607
1.85765
1.85367
1.8488
1.84309
1.83668
1.82974
1.82255
1.81542
1.8087
1.8027
1.79766
1.79369
1.79077
1.78869
1.78712
1.78567
1.78394
1.78162
1.77857
1.77486
1.77081
1.76689
1.76373
1.7619
1.76186
1.76379
1.76757
1.77281
1.77898
1.78551
1.79192
1.79786
1.8031
1.80756
1.81121
1.81412
1.81634
1.81796
1.81906
1.81974
1.82004
1.82005
1.8198
1.81935
1.81872
1.81793
1.817
1.8159
1.81463
1.81315
1.8114
1.80933
1.80686
1.80392
1.80045
1.79644
1.7919
1.78698
1.78192
1.77705
1.77282
1.76965
1.76786
1.76758
1.76871
1.77094
1.77385
1.77697
1.77987
1.78223
1.78382
1.78455
1.78442
1.78356
1.78215
1.78044
1.77861
1.77681
1.77506
1.77328
1.77137
1.76924
1.76687
1.76432
1.76175
1.75936
1.75744
1.75627
1.7561
1.75703
1.75896
1.76158
1.7645
1.7673
1.76969
1.77156
1.77296
1.77408
1.77521
1.77664
1.77857
1.78102
1.78383
1.78667
1.78919
1.79105
1.79208
1.79224
1.79161
1.79041
1.78887
1.78725
1.78576
1.78451
1.78352
1.78272
1.78197
1.78114
1.78013
1.77891
1.77755
1.77616
1.77491
1.77391
1.77322
1.77279
1.77246
1.772
1.77118
1.76983
1.7679
1.76545
1.76271
1.75997
1.75763
1.75603
1.75544
1.75597
1.75755
1.75997
1.76294
1.76612
1.76926
1.77215
1.77468
1.7768
1.77854
1.77994
1.78105
1.78194
1.78268
1.78332
1.78388
1.7844
1.78491
1.7854
1.78589
1.78638
1.78687
1.78735
1.78782
1.78827
1.78871
1.78913
1.78952
1.7899
1.79025
1.79059
1.79092
1.79126
1.79162
1.79204
1.79254
1.79314
1.7939
1.79483
1.79597
1.79735
1.79897
1.80083
1.8029
1.80515
1.80751
1.80987
1.81211
1.81408
1.8156
1.81644
1.81635
1.81506
1.81226
1.80768
1.80115
1.79275
1.78302
1.77322
1.76534
1.76168
1.76385
1.77184
1.78396
1.79778
1.81119
1.82291
1.83248
1.83997
1.84566
1.84988
1.85292
1.85502
1.85629
1.85683
1.85665
1.85575
1.85414
1.85185
1.84899
1.84571
1.84224
1.83883
1.83572
1.83311
1.83113
1.82978
1.82899
1.82861
1.82846
1.82838
1.82825
1.82799
1.82756
1.82695
1.82619
1.82535
1.82455
1.82396
1.8238
1.82431
1.82567
1.82797
1.83114
1.83501
1.8393
1.8437
1.84794
1.85181
1.8552
1.85804
1.86031
1.86205
1.8633
1.86413
1.8646
1.86478
1.86474
1.86455
1.86428
1.86399
1.86373
1.86354
1.86343
1.86336
1.86329
1.8631
1.86263
1.8617
1.86009
1.85757
1.85402
1.84942
1.84398
1.83808
1.83222
1.82681
1.82202
1.81773
1.81378
1.81019
1.80739
1.80611
1.80698
1.81019
1.81541
1.82193
1.82896
1.83589
1.84236
1.84822
1.85344
1.85803
1.862
1.86537
1.86813
1.87028
1.87183
1.87284
1.8734
1.87359
1.87353
1.87334
1.87308
1.87278
1.87242
1.87192
1.87116
1.86999
1.86824
1.86575
1.86235
1.85794
1.85248
1.84604
1.83883
1.83128
1.82397
1.81764
1.81297
1.81046
1.81029
1.81224
1.81585
1.82049
1.82558
1.83063
1.83534
1.83954
1.84318
1.84627
1.84887
1.85101
1.85269
1.8539
1.8546
1.85477
1.85436
1.85337
1.85185
1.84984
1.84744
1.84476
1.84193
1.83906
1.83626
1.83363
1.83124
1.82913
1.8273
1.82572
1.82432
1.82296
1.82151
1.8198
1.81772
1.81528
1.81261
1.81003
1.80798
1.80691
1.80716
1.80875
1.81142
1.81468
1.81794
1.82067
1.82248
1.82311
1.82243
1.82043
1.81714
1.81271
1.80736
1.80139
1.79518
1.78921
1.78403
1.78018
1.77809
1.77797
1.7797
1.78282
1.78666
1.79049
1.79366
1.79573
1.79645
1.79576
1.79375
1.79068
1.78692
1.78295
1.77936
1.77673
1.77547
1.77577
1.77752
1.78033
1.7837
1.78713
1.79021
1.79269
1.79443
1.7954
1.79562
1.79518
1.79414
1.7926
1.79064
1.78833
1.78571
1.78284
1.77975
1.77654
1.77335
1.77039
1.76795
1.7663
1.76561
1.76589
1.76693
1.76844
1.77007
1.77155
1.77279
1.7738
1.77471
1.7757
1.77694
1.77853
1.78049
1.78275
1.78512
1.78737
1.78926
1.79052
1.79098
1.79055
1.78927
1.78734
1.78509
1.78295
1.78131
1.78044
1.78036
1.78088
1.78161
1.78211
1.7819
1.78055
1.7776
1.77255
1.76494
1.75444
1.74123
1.72654
1.71299
1.7041
1.70264
1.7089
1.72049
1.73401
1.74672
1.75723
1.7652
1.77089
1.7748
1.77748
1.77936
1.78081
1.78201
1.78305
1.78387
1.78432
1.78414
1.78305
1.78074
1.77702
1.77188
1.76578
1.75969
1.75501
1.75315
1.75483
1.75972
1.76658
1.77396
1.78069
1.78612
1.79011
1.79277
1.79433
1.79507
1.79519
1.79487
1.79423
1.79334
1.79224
1.79096
1.78954
1.78803
1.78648
1.78499
1.78367
1.78264
1.78201
1.78188
1.78232
1.78336
1.78502
1.78725
1.79
1.79315
1.79655
1.80004
1.80345
1.80661
1.80939
1.81169
1.81348
1.81472
1.81542
1.81563
1.8154
1.81477
1.81383
1.81264
1.81127
1.80981
1.80831
1.80684
1.80545
1.80417
1.803
1.80194
1.80094
1.79993
1.79885
1.79761
1.79614
1.79439
1.79232
1.78997
1.78739
1.78472
1.78217
1.78004
1.77872
1.77862
1.78014
1.78349
1.78865
1.79528
1.80282
1.8106
1.81798
1.82449
1.82981
1.83378
1.83636
1.83755
1.83742
1.83605
1.83356
1.83012
1.82598
1.82143
1.81679
1.81235
1.80824
1.80442
1.80071
1.79683
1.79263
1.78815
1.78371
1.77987
1.77719
1.77609
1.77665
1.77864
1.7816
1.78507
1.78864
1.79205
1.79514
1.79784
1.80012
1.802
1.80351
1.80468
1.80557
1.80622
1.80668
1.80697
1.80711
1.80705
1.80671
1.80594
1.80452
1.80216
1.79849
1.79321
1.78613
1.77746
1.76802
1.75927
1.7529
1.74999
1.75035
1.75256
1.80187
1.80251
1.80154
1.79949
1.79717
1.79525
1.79396
1.79319
1.7928
1.79286
1.79369
1.79562
1.7988
1.80299
1.80774
1.81251
1.81689
1.82063
1.82368
1.82606
1.82788
1.82927
1.83033
1.83116
1.83182
1.83233
1.83272
1.83295
1.83298
1.83274
1.83214
1.83109
1.82947
1.82721
1.82424
1.82063
1.81654
1.81225
1.80818
1.8047
1.80206
1.80019
1.79876
1.7973
1.79541
1.79306
1.79068
1.78905
1.78893
1.79065
1.79393
1.79792
1.80164
1.80423
1.80511
1.80403
1.80102
1.79646
1.79116
1.78644
1.78382
1.78453
1.78882
1.79587
1.80424
1.81249
1.81966
1.82533
1.82949
1.83233
1.83414
1.83518
1.83569
1.83585
1.8358
1.83563
1.83543
1.83522
1.83503
1.83485
1.83468
1.83449
1.83425
1.83394
1.83353
1.83303
1.83245
1.83181
1.83119
1.83064
1.83025
1.8301
1.83025
1.83076
1.83164
1.8329
1.83452
1.8365
1.83882
1.84149
1.84448
1.84774
1.85116
1.85452
1.85758
1.86
1.86148
1.86172
1.86052
1.85778
1.85352
1.84791
1.84124
1.83387
1.82615
1.81836
1.81065
1.80319
1.79642
1.79124
1.78886
1.78991
1.79374
1.79858
1.80269
1.80557
1.80804
1.81141
1.81647
1.82309
1.83053
1.83799
1.84483
1.85063
1.85515
1.85825
1.85988
1.86013
1.85914
1.85711
1.85428
1.85091
1.84726
1.8436
1.84017
1.83719
1.83484
1.83323
1.83241
1.83241
1.8332
1.83471
1.83685
1.83949
1.84246
1.84554
1.84849
1.85109
1.85316
1.85455
1.85519
1.85507
1.85422
1.85273
1.85072
1.84834
1.84574
1.84308
1.84047
1.83803
1.83583
1.83391
1.83228
1.83089
1.82958
1.82816
1.82644
1.82434
1.82193
1.81944
1.81725
1.81572
1.81519
1.81581
1.81761
1.8204
1.8239
1.82775
1.83158
1.83507
1.83796
1.84007
1.84128
1.84153
1.84084
1.83927
1.83697
1.83416
1.83116
1.82834
1.82606
1.82462
1.82417
1.82467
1.8259
1.82758
1.82939
1.83107
1.83247
1.83348
1.83411
1.83439
1.83441
1.83425
1.83398
1.83368
1.83337
1.833
1.83248
1.83163
1.8302
1.8279
1.82445
1.81969
1.81378
1.8074
1.80176
1.79839
1.79847
1.8022
1.80865
1.81625
1.82343
1.82914
1.83286
1.83451
1.83423
1.83235
1.82928
1.82555
1.82173
1.81838
1.81593
1.81457
1.81424
1.81468
1.81556
1.81661
1.81767
1.81873
1.81987
1.82121
1.82284
1.82485
1.82721
1.82989
1.83277
1.83575
1.83869
1.84149
1.84407
1.84635
1.8483
1.84988
1.85108
1.85189
1.85232
1.85239
1.85213
1.85156
1.85075
1.84973
1.84858
1.84733
1.84607
1.84482
1.84364
1.84257
1.84163
1.84083
1.84018
1.83969
1.83934
1.83914
1.83912
1.8393
1.83974
1.84048
1.84158
1.84306
1.84488
1.84697
1.84918
1.85135
1.85329
1.85485
1.85591
1.85646
1.85656
1.85634
1.85602
1.85579
1.85582
1.85612
1.85659
1.85696
1.85691
1.85612
1.85436
1.85165
1.8483
1.84504
1.84279
1.84244
1.84444
1.84853
1.85388
1.85944
1.86428
1.86783
1.86986
1.87038
1.86959
1.86774
1.86509
1.86192
1.85848
1.85498
1.85157
1.84835
1.84534
1.8425
1.8398
1.83723
1.83491
1.83309
1.83207
1.83217
1.83356
1.83622
1.83991
1.84427
1.8489
1.85345
1.85768
1.86141
1.86459
1.86722
1.86933
1.87101
1.87233
1.87342
1.87435
1.87521
1.87607
1.87699
1.87798
1.87906
1.88018
1.88131
1.88238
1.88328
1.8839
1.88409
1.88366
1.88244
1.88023
1.87689
1.87243
1.86708
1.86143
1.85637
1.85296
1.85203
1.85378
1.85774
1.86295
1.86836
1.87321
1.87705
1.87976
1.8814
1.88213
1.88212
1.88157
1.88061
1.87937
1.87796
1.87646
1.87496
1.87355
1.87235
1.87147
1.87106
1.87122
1.87204
1.87356
1.87573
1.87844
1.88154
1.88486
1.88824
1.89155
1.8947
1.89763
1.90031
1.90272
1.90482
1.90653
1.90771
1.90812
1.90746
1.90538
1.9016
1.89605
1.88913
1.88189
1.8759
1.87282
1.87354
1.87775
1.88413
1.89111
1.89746
1.90259
1.90639
1.90901
1.91067
1.91154
1.91165
1.91092
1.90917
1.90616
1.90167
1.89563
1.88813
1.87961
1.87077
1.8626
1.85626
1.85298
1.85377
1.85901
1.86805
1.87931
1.89094
1.90142
1.90992
1.91623
1.9205
1.92305
1.92417
1.92403
1.92272
1.92022
1.91648
1.91146
1.90529
1.89828
1.89101
1.88426
1.87887
1.8755
1.87448
1.87575
1.87889
1.8833
1.88829
1.89324
1.89769
1.90135
1.9041
1.90593
1.90689
1.90699
1.90617
1.90434
1.90141
1.89735
1.89224
1.88635
1.88014
1.87423
1.86938
1.86634
1.8657
1.86773
1.87225
1.87868
1.88617
1.89386
1.90104
1.90726
1.9123
1.9161
1.91872
1.92019
1.92056
1.91978
1.91783
1.9147
1.91053
1.90569
1.90079
1.89661
1.89382
1.89269
1.89293
1.89377
1.89427
1.89369
1.89166
1.8883
1.88417
1.8801
1.87701
1.87558
1.87605
1.87814
1.88122
1.88455
1.88749
1.88963
1.89082
1.89108
1.89056
1.88949
1.88815
1.88683
1.88579
1.88527
1.88546
1.88644
1.88821
1.89065
1.8936
1.89683
1.90012
1.90327
1.90612
1.90855
1.91049
1.91191
1.91277
1.91305
1.91267
1.91151
1.90934
1.90585
1.90061
1.89321
1.88339
1.87142
1.85852
1.84697
1.83948
1.83784
1.84174
1.8491
1.85739
1.86488
1.87083
1.87526
1.8785
1.88091
1.8828
1.88436
1.88574
1.88705
1.88836
1.88971
1.89108
1.89245
1.89373
1.89486
1.89575
1.89636
1.89667
1.89668
1.89641
1.89592
1.89525
1.89449
1.8937
1.89297
1.89236
1.89194
1.89174
1.89175
1.89194
1.89224
1.89258
1.89287
1.89309
1.89325
1.8934
1.89365
1.89409
1.8948
1.8958
1.89706
1.89848
1.89998
1.90147
1.90288
1.9042
1.90543
1.9066
1.90774
1.90887
1.91
1.91112
1.91221
1.91321
1.91407
1.91475
1.9152
1.91542
1.91545
1.91534
1.91519
1.91512
1.91522
1.91552
1.91602
1.9166
1.91713
1.91744
1.91736
1.91678
1.91564
1.91396
1.91184
1.90945
1.907
1.90471
1.90281
1.9015
1.90091
1.90108
1.902
1.90358
1.90567
1.90809
1.91065
1.91319
1.91554
1.9176
1.91928
1.92052
1.92131
1.92162
1.92149
1.92098
1.92019
1.91927
1.91841
1.91783
1.91773
1.91829
1.91958
1.92156
1.92406
1.9268
1.92942
1.93157
1.93293
1.93332
1.93269
1.93121
1.92921
1.92712
1.92543
1.92446
1.9244
1.92524
1.92685
1.92904
1.93161
1.93433
1.93692
1.93906
1.94044
1.9408
1.94005
1.93826
1.93574
1.93293
1.93031
1.92831
1.92715
1.92679
1.92702
1.92754
1.92807
1.92844
1.92857
1.92844
1.92806
1.92747
1.92678
1.92618
1.92594
1.92634
1.92765
1.92996
1.93325
1.93731
1.94184
1.9465
1.95096
1.95498
1.95835
1.96098
1.96282
1.9639
1.96429
1.9641
1.9635
1.96267
1.96181
1.96109
1.96063
1.96047
1.96053
1.96063
1.96052
1.95989
1.95842
1.95583
1.95196
1.94679
1.9406
1.93394
1.92772
1.92299
1.92071
1.92136
1.9248
1.93034
1.93705
1.94407
1.95074
1.9567
1.96177
1.96588
1.96905
1.97129
1.9726
1.973
1.97247
1.971
1.96859
1.96524
1.96098
1.95589
1.95006
1.94366
1.93691
1.93012
1.92364
1.91788
1.91323
1.91008
1.90873
1.90948
1.9126
1.91826
1.92637
1.93638
1.94735
1.9581
1.96755
1.97499
1.9801
1.98299
1.98407
1.98397
1.98331
1.9825
1.98154
1.97988
1.97658
1.97066
1.96165
1.95028
1.93891
1.93095
1.92906
1.93325
1.94105
1.9493
1.95595
1.96039
1.96302
1.96461
1.9658
1.967
1.96832
1.96969
1.97095
1.97193
1.97249
1.97255
1.97205
1.97098
1.96931
1.96707
1.9643
1.96108
1.95755
1.95391
1.95037
1.94712
1.94423
1.94165
1.93916
1.9364
1.93299
1.92864
1.9232
1.91677
1.90958
1.90199
1.89439
1.88714
1.88065
1.87531
1.87147
1.86936
1.86905
1.87041
1.87327
1.87746
1.88281
1.88913
1.89609
1.90328
1.91022
1.91652
1.92191
1.92625
1.92953
1.9318
1.93317
1.93373
1.93357
1.93279
1.93145
1.92965
1.92746
1.92495
1.9222
1.91929
1.91629
1.91327
1.91025
1.90727
1.90432
1.90139
1.89843
1.89542
1.89236
1.88926
1.88619
1.88325
1.88055
1.8782
1.87624
1.87469
1.87348
1.8725
1.87163
1.87068
1.8695
1.86791
1.86572
1.86284
1.85922
1.85501
1.85053
1.84638
1.84332
1.84222
1.84372
1.84806
1.85486
1.86324
1.87213
1.88058
1.88792
1.89385
1.89829
1.90134
1.90317
1.90394
1.90378
1.9028
1.90104
1.89851
1.8952
1.89106
1.88607
1.88022
1.8736
1.8664
1.85901
1.85196
1.84587
1.84133
1.83871
1.83799
1.83883
1.84067
1.84292
1.84514
1.84712
1.84888
1.85054
1.8523
1.85426
1.85638
1.85849
1.86032
1.86157
1.86196
1.86133
1.85966
1.85705
1.8538
1.85031
1.84705
1.84444
1.8428
1.84231
1.84299
1.84475
1.84738
1.85057
1.85393
1.85706
1.85961
1.86134
1.8621
1.86185
1.86062
1.8585
1.85565
1.85221
1.84838
1.84438
1.84041
1.83672
1.83351
1.83096
1.82921
1.82835
1.82838
1.82928
1.83094
1.83323
1.83599
1.83903
1.84219
1.84531
1.84823
1.85086
1.85312
1.85496
1.85637
1.85734
1.85791
1.85808
1.85789
1.85738
1.85655
1.85545
1.85408
1.85248
1.85066
1.84867
1.84653
1.8443
1.84206
1.83986
1.83779
1.83594
1.83438
1.83316
1.83232
1.83187
1.8318
1.83206
1.83262
1.83341
1.83438
1.83546
1.83659
1.83772
1.83879
1.8009
1.80173
1.8024
1.80291
1.80326
1.80344
1.80348
1.80342
1.8033
1.80316
1.80307
1.80305
1.80315
1.80338
1.80373
1.8042
1.80475
1.80535
1.80597
1.80658
1.80715
1.80765
1.80806
1.80835
1.80847
1.80835
1.80788
1.80693
1.80533
1.80286
1.79936
1.7947
1.78895
1.78249
1.77608
1.77081
1.7678
1.76778
1.77072
1.77588
1.78217
1.78857
1.79438
1.79925
1.80311
1.80605
1.80824
1.80989
1.81124
1.81249
1.81386
1.81544
1.81726
1.81922
1.82114
1.82277
1.82382
1.824
1.82305
1.82069
1.81664
1.81064
1.80245
1.792
1.7795
1.7656
1.75142
1.73827
1.72733
1.71935
1.7147
1.71361
1.71626
1.72263
1.73231
1.74444
1.75779
1.77108
1.78321
1.79339
1.80121
1.80657
1.80961
1.81064
1.81004
1.80824
1.80565
1.80265
1.79961
1.79682
1.79453
1.79294
1.79215
1.79224
1.79319
1.79494
1.79735
1.80025
1.80344
1.8067
1.80988
1.81281
1.81543
1.81768
1.81955
1.821
1.82203
1.82259
1.82261
1.82197
1.82055
1.8182
1.81478
1.81022
1.80446
1.79758
1.78975
1.78131
1.77269
1.76445
1.75722
1.75167
1.74843
1.74797
1.75046
1.75575
1.76336
1.77266
1.78295
1.79354
1.80377
1.8131
1.82107
1.82739
1.8319
1.83455
1.8354
1.83454
1.83213
1.82834
1.82344
1.81778
1.81178
1.80591
1.80067
1.79642
1.7934
1.7916
1.79089
1.79098
1.7916
1.79245
1.79332
1.79402
1.79442
1.79443
1.79402
1.79321
1.79211
1.79087
1.78971
1.78883
1.78845
1.78868
1.78957
1.79106
1.79303
1.79531
1.79776
1.80025
1.80272
1.80514
1.80751
1.80981
1.812
1.81401
1.81579
1.81723
1.81829
1.81891
1.81909
1.81885
1.81822
1.81728
1.8161
1.81475
1.81331
1.81186
1.81045
1.80914
1.80796
1.80696
1.80618
1.80565
1.8054
1.80548
1.80589
1.80662
1.8076
1.80877
1.80999
1.81115
1.81211
1.81278
1.81304
1.81282
1.81207
1.81076
1.80886
1.80641
1.80348
1.80016
1.79663
1.79311
1.78984
1.78709
1.78508
1.78397
1.78379
1.78447
1.78582
1.78762
1.78958
1.79149
1.79315
1.79446
1.79541
1.79607
1.79656
1.79706
1.79772
1.79868
1.79998
1.80159
1.80339
1.80522
1.80691
1.80831
1.80932
1.8099
1.81007
1.80989
1.80947
1.80892
1.80836
1.80792
1.80771
1.8078
1.80821
1.8089
1.80978
1.81068
1.81146
1.81201
1.8123
1.81242
1.81252
1.81268
1.81283
1.81269
1.81182
1.80975
1.80616
1.80106
1.79487
1.78851
1.78315
1.78
1.77986
1.78284
1.78836
1.79541
1.80281
1.80945
1.81446
1.81724
1.81755
1.81554
1.81173
1.80693
1.80204
1.7978
1.79459
1.79246
1.79127
1.79097
1.79161
1.79328
1.796
1.79965
1.80391
1.8084
1.81272
1.8166
1.81984
1.82239
1.82423
1.82545
1.82611
1.8263
1.82614
1.8257
1.82509
1.82441
1.82373
1.82314
1.82271
1.82248
1.82247
1.8227
1.82315
1.82377
1.8245
1.82527
1.82597
1.82649
1.82669
1.82649
1.82582
1.82475
1.82342
1.82213
1.82122
1.82103
1.82175
1.82339
1.82574
1.82845
1.83115
1.8335
1.83526
1.83628
1.83648
1.83577
1.83405
1.83113
1.82678
1.82081
1.81328
1.8048
1.79674
1.79103
1.78957
1.79327
1.80158
1.81276
1.82461
1.83526
1.84347
1.84858
1.85036
1.84884
1.84426
1.8371
1.82818
1.81871
1.81019
1.80412
1.80161
1.80305
1.80792
1.81505
1.82295
1.83031
1.83627
1.84049
1.84299
1.84411
1.84427
1.84395
1.84358
1.84348
1.84386
1.84475
1.84607
1.84761
1.84912
1.85031
1.85094
1.85077
1.84961
1.8473
1.84377
1.83898
1.83304
1.82617
1.81878
1.81141
1.80477
1.79949
1.79608
1.79469
1.79508
1.79674
1.799
1.80128
1.80318
1.80459
1.8056
1.80645
1.80739
1.80859
1.8101
1.81183
1.81359
1.81518
1.81642
1.8172
1.81746
1.8172
1.81645
1.81527
1.81371
1.81185
1.80973
1.80743
1.80498
1.80245
1.79988
1.79731
1.79478
1.79234
1.79
1.7878
1.78576
1.78389
1.78221
1.78071
1.77938
1.77821
1.77719
1.77629
1.7755
1.77479
1.77415
1.77356
1.77301
1.77247
1.77195
1.77143
1.7709
1.77036
1.7698
1.76924
1.76867
1.76811
1.76757
1.76705
1.76658
1.76616
1.7658
1.76552
1.7653
1.76515
1.76505
1.765
1.76499
1.76499
1.765
1.76499
1.76496
1.76489
1.76478
1.76461
1.76437
1.76404
1.76361
1.76303
1.76228
1.7613
1.76004
1.75845
1.75648
1.7541
1.75131
1.74814
1.74466
1.741
1.73733
1.73386
1.73085
1.72857
1.72727
1.72711
1.7282
1.73048
1.73379
1.73787
1.7424
1.74705
1.75154
1.75565
1.75923
1.76222
1.76459
1.76637
1.76762
1.76839
1.76878
1.76885
1.76868
1.76835
1.76793
1.76747
1.76703
1.76664
1.76633
1.7661
1.76595
1.76585
1.76575
1.76559
1.76525
1.76461
1.76351
1.76175
1.75911
1.75536
1.75028
1.74377
1.73592
1.72712
1.71817
1.71022
1.70457
1.70227
1.70375
1.70868
1.71607
1.72465
1.73324
1.741
1.74745
1.75246
1.75609
1.75852
1.75998
1.76068
1.76084
1.76063
1.76022
1.75973
1.75929
1.75899
1.7589
1.75906
1.75949
1.76019
1.76112
1.76224
1.76348
1.76477
1.76606
1.76729
1.7684
1.76938
1.77019
1.77087
1.77145
1.77197
1.7725
1.77309
1.77369
1.7742
1.77434
1.77373
1.77183
1.7681
1.76219
1.75418
1.74495
1.73624
1.73012
1.72794
1.7295
1.73315
1.73689
1.73939
1.74029
1.74002
1.73936
1.73909
1.73966
1.74118
1.74337
1.74574
1.74774
1.74879
1.74844
1.7464
1.74266
1.73763
1.73232
1.72822
1.72684
1.72889
1.73383
1.74003
1.74563
1.74926
1.75045
1.7496
1.74772
1.74611
1.74583
1.74735
1.75051
1.75466
1.75913
1.76339
1.76719
1.77041
1.77306
1.77512
1.77656
1.77734
1.77742
1.77681
1.77556
1.7738
1.77171
1.76952
1.76745
1.76561
1.76399
1.7624
1.76049
1.75787
1.75428
1.74972
1.7447
1.74019
1.73745
1.73746
1.74038
1.74543
1.75123
1.75649
1.76041
1.76286
1.76427
1.76533
1.76672
1.76886
1.77177
1.77515
1.77861
1.78181
1.78459
1.78698
1.78907
1.79092
1.79242
1.79316
1.7925
1.78971
1.78436
1.77692
1.76932
1.76482
1.76646
1.77495
1.78809
1.80227
1.81452
1.82331
1.8283
1.8298
1.82834
1.82464
1.81961
1.81441
1.81035
1.8085
1.80918
1.81183
1.8152
1.81794
1.81903
1.81801
1.81491
1.81012
1.80431
1.7983
1.79302
1.78942
1.78838
1.79045
1.79573
1.80382
1.81389
1.82498
1.83615
1.84672
1.85621
1.86439
1.87118
1.87657
1.88061
1.88335
1.8848
1.88499
1.88395
1.88169
1.87832
1.87397
1.86889
1.86346
1.85815
1.85347
1.84987
1.84766
1.84686
1.84723
1.84833
1.84963
1.85061
1.85089
1.85025
1.84875
1.84664
1.84441
1.84263
1.84175
1.84195
1.84297
1.84426
1.84516
1.84515
1.84408
1.84227
1.84049
1.83974
1.84081
1.84391
1.84855
1.8538
1.85867
1.86246
1.86485
1.8658
1.86547
1.86412
1.86193
1.85907
1.85559
1.8515
1.84679
1.84145
1.83552
1.82914
1.8225
1.8159
1.80972
1.80435
1.8002
1.79762
1.79681
1.79781
1.80046
1.80442
1.80927
1.81455
1.81983
1.8248
1.82921
1.83294
1.83596
1.83828
1.83995
1.84103
1.84158
1.84163
1.84119
1.84027
1.83887
1.83701
1.83473
1.83215
1.8294
1.82669
1.82423
1.82222
1.82082
1.8201
1.82007
1.82067
1.82178
1.82325
1.82487
1.8264
1.8276
1.82825
1.82821
1.82746
1.82609
1.82433
1.82243
1.82063
1.81906
1.81776
1.81666
1.81577
1.81521
1.81522
1.81605
1.81781
1.82032
1.82316
1.8258
1.8277
1.82849
1.82794
1.82599
1.8227
1.81822
1.81277
1.80664
1.80018
1.79379
1.78785
1.78274
1.77872
1.77593
1.77434
1.77382
1.77412
1.77499
1.7762
1.77754
1.77891
1.78022
1.78143
1.78254
1.78351
1.78437
1.78514
1.78583
1.78645
1.78697
1.78732
1.78742
1.7872
1.78668
1.78596
1.78526
1.78483
1.7849
1.7856
1.78691
1.78869
1.79069
1.79268
1.79444
1.79585
1.79683
1.79738
1.79752
1.79727
1.79668
1.79576
1.79451
1.7929
1.79088
1.78838
1.78528
1.78149
1.77688
1.7714
1.76505
1.75794
1.75039
1.74281
1.73577
1.72982
1.72537
1.72265
1.72168
1.72233
1.72441
1.72766
1.73176
1.73631
1.74081
1.74481
1.7479
1.74982
1.75048
1.75
1.74865
1.74687
1.74517
1.74398
1.74362
1.74413
1.74535
1.74693
1.74852
1.74979
1.75052
1.75058
1.74996
1.74867
1.7468
1.74446
1.74179
1.73895
1.73613
1.73348
1.73114
1.72918
1.7276
1.72633
1.72528
1.72434
1.72341
1.72243
1.72136
1.72014
1.7187
1.71689
1.7145
1.71137
1.70744
1.70288
1.69824
1.69445
1.69258
1.69345
1.69724
1.70334
1.71061
1.71786
1.7242
1.72911
1.7325
1.73448
1.73536
1.73551
1.7353
1.73507
1.73506
1.73542
1.73616
1.73723
1.7385
1.73985
1.74118
1.7424
1.74348
1.74438
1.7451
1.7456
1.74584
1.74578
1.7454
1.74476
1.74395
1.74315
1.74258
1.74245
1.74291
1.74403
1.74576
1.74792
1.75028
1.75255
1.75446
1.75575
1.75624
1.75577
1.7543
1.75185
1.74859
1.74476
1.74063
1.73644
1.73232
1.72846
1.72524
1.72325
1.72304
1.72478
1.72806
1.73201
1.73576
1.73874
1.74082
1.74219
1.74324
1.74437
1.74591
1.74806
1.75087
1.75424
1.75803
1.76201
1.76597
1.76972
1.77312
1.80274
1.80507
1.80682
1.80798
1.80857
1.80866
1.80832
1.80762
1.80665
1.80546
1.80409
1.80253
1.80074
1.79871
1.79643
1.79395
1.79143
1.78909
1.78722
1.78608
1.78581
1.7864
1.78765
1.78928
1.79095
1.79239
1.79343
1.79399
1.79409
1.79379
1.79317
1.79232
1.79129
1.79012
1.78883
1.7874
1.78582
1.78411
1.7823
1.78051
1.77897
1.77796
1.77782
1.77882
1.78105
1.78437
1.78844
1.79278
1.79694
1.80054
1.80334
1.80526
1.80634
1.8067
1.80654
1.80611
1.80563
1.80532
1.80531
1.80565
1.80631
1.80717
1.80806
1.80884
1.80937
1.80956
1.80936
1.80876
1.80775
1.80633
1.80448
1.80216
1.7994
1.79626
1.79298
1.78994
1.78764
1.78654
1.78691
1.78873
1.79166
1.79524
1.79901
1.8026
1.80583
1.80861
1.81091
1.81274
1.81411
1.81503
1.81554
1.81571
1.81563
1.81541
1.81515
1.81489
1.81462
1.81425
1.81359
1.81244
1.81063
1.80805
1.80478
1.80111
1.79758
1.79481
1.79336
1.79348
1.79491
1.79694
1.79864
1.79922
1.79843
1.79689
1.79597
1.79727
1.8017
1.80891
1.81745
1.82563
1.83217
1.83647
1.83855
1.8388
1.83779
1.83615
1.83443
1.83302
1.83209
1.83157
1.83125
1.83083
1.83012
1.82906
1.82776
1.82654
1.82577
1.82579
1.82677
1.82869
1.83132
1.83435
1.83748
1.84045
1.8431
1.84533
1.8471
1.84838
1.84916
1.84945
1.84928
1.84874
1.848
1.84729
1.8469
1.84713
1.84822
1.85026
1.85321
1.85689
1.86103
1.86536
1.86959
1.87351
1.87697
1.87986
1.8821
1.88366
1.88449
1.88459
1.88392
1.88248
1.88028
1.8774
1.87399
1.87038
1.86701
1.86449
1.86338
1.86411
1.8667
1.87074
1.8755
1.88007
1.88361
1.88546
1.88517
1.88251
1.87742
1.87008
1.86085
1.8504
1.83962
1.82958
1.82137
1.81588
1.81368
1.81498
1.81958
1.82699
1.83652
1.84731
1.85854
1.86953
1.87978
1.88907
1.89727
1.90439
1.91039
1.91527
1.91897
1.92146
1.92272
1.92271
1.92147
1.91902
1.91541
1.91072
1.90505
1.89852
1.8913
1.88363
1.8758
1.8682
1.86131
1.85563
1.85163
1.84968
1.84989
1.85203
1.85563
1.86001
1.86451
1.86858
1.87191
1.87439
1.87607
1.87714
1.87783
1.87838
1.87894
1.87952
1.88
1.8801
1.87951
1.878
1.87549
1.87222
1.86867
1.86549
1.86326
1.86226
1.86242
1.86344
1.865
1.86697
1.86932
1.87207
1.8751
1.87811
1.88069
1.88242
1.883
1.88228
1.88031
1.87728
1.87351
1.86939
1.86529
1.8615
1.85819
1.85544
1.85326
1.85159
1.85041
1.84965
1.84922
1.84902
1.84893
1.84881
1.84852
1.84791
1.84686
1.84528
1.84309
1.84029
1.83682
1.83259
1.82734
1.82077
1.81265
1.80325
1.79373
1.78623
1.78314
1.78575
1.79329
1.80341
1.81364
1.82235
1.82897
1.83362
1.83675
1.83884
1.84027
1.84131
1.84211
1.84276
1.84328
1.84368
1.84397
1.84415
1.84422
1.84419
1.84408
1.8439
1.84367
1.8434
1.84311
1.8428
1.84249
1.84218
1.84186
1.84154
1.8412
1.84085
1.84046
1.84004
1.83956
1.83903
1.83844
1.8378
1.83711
1.83638
1.83563
1.83486
1.83404
1.83315
1.83214
1.83094
1.82952
1.82783
1.8259
1.82382
1.82174
1.8199
1.81858
1.81804
1.81849
1.81998
1.82236
1.82528
1.82824
1.83069
1.83211
1.8321
1.83051
1.8274
1.8231
1.81821
1.81351
1.81001
1.80876
1.81056
1.81565
1.8234
1.83259
1.84185
1.85014
1.8569
1.86204
1.86572
1.86824
1.8699
1.87097
1.87163
1.87201
1.87218
1.87216
1.87193
1.87146
1.87071
1.86968
1.86838
1.86687
1.86526
1.86369
1.86232
1.86129
1.86068
1.86053
1.86079
1.8614
1.86226
1.8633
1.86446
1.86569
1.8669
1.86798
1.86877
1.86904
1.86857
1.86714
1.86455
1.86074
1.85581
1.85011
1.84422
1.83893
1.83493
1.83264
1.83197
1.83237
1.83311
1.83352
1.83318
1.83198
1.82997
1.82722
1.82377
1.81967
1.81521
1.81116
1.8088
1.80947
1.81386
1.82145
1.83074
1.84
1.84785
1.85358
1.85701
1.85825
1.85755
1.8552
1.85151
1.84689
1.84185
1.837
1.83303
1.83054
1.8299
1.83112
1.83388
1.83763
1.84174
1.84568
1.84908
1.85173
1.85357
1.85461
1.85491
1.85451
1.85348
1.85182
1.84952
1.84653
1.84279
1.83823
1.83282
1.82663
1.81988
1.81303
1.80685
1.80228
1.80023
1.80117
1.80497
1.81082
1.81764
1.82439
1.8303
1.83495
1.83822
1.84013
1.84079
1.84035
1.83894
1.83669
1.8337
1.83008
1.82596
1.82149
1.81692
1.81258
1.80884
1.8061
1.80462
1.80447
1.80545
1.80717
1.80915
1.81092
1.81212
1.81246
1.81179
1.81004
1.80725
1.80356
1.7992
1.79444
1.78949
1.78444
1.7792
1.77364
1.76774
1.76194
1.75721
1.75486
1.75604
1.76107
1.76923
1.77909
1.78905
1.79793
1.8051
1.81038
1.81391
1.81599
1.81694
1.81707
1.81664
1.81586
1.81489
1.81382
1.81273
1.81166
1.81064
1.80968
1.80878
1.80795
1.80719
1.80648
1.80583
1.80522
1.80466
1.80413
1.80363
1.80315
1.80269
1.80225
1.80183
1.80144
1.80109
1.80078
1.80052
1.80032
1.80018
1.80009
1.80005
1.80005
1.80009
1.80016
1.80027
1.80038
1.80048
1.8005
1.80034
1.79987
1.79899
1.79764
1.79591
1.79412
1.79279
1.79258
1.79407
1.79745
1.80248
1.80847
1.81455
1.81993
1.824
1.82638
1.8269
1.82555
1.82257
1.81844
1.81396
1.81016
1.8081
1.80847
1.81133
1.81607
1.82173
1.82738
1.83233
1.83621
1.83891
1.84052
1.84119
1.84113
1.84057
1.83972
1.83877
1.83784
1.83697
1.83608
1.83501
1.83358
1.83164
1.82916
1.8263
1.82342
1.82099
1.81944
1.81901
1.81965
1.82104
1.82274
1.82437
1.82569
1.82665
1.82737
1.82801
1.82875
1.82975
1.83104
1.8326
1.8343
1.83591
1.83714
1.83769
1.83726
1.83565
1.83282
1.82891
1.82444
1.82026
1.8176
1.8177
1.82136
1.82843
1.83789
1.84825
1.85816
1.86671
1.8735
1.87848
1.88181
1.8837
1.88438
1.88406
1.88294
1.88121
1.87908
1.87676
1.87449
1.87251
1.87101
1.87013
1.86989
1.87021
1.87091
1.87175
1.87246
1.8728
1.87255
1.87158
1.86985
1.8674
1.86439
1.86103
1.85759
1.85433
1.85144
1.84902
1.8471
1.84566
1.84468
1.84411
1.84389
1.84392
1.84403
1.84402
1.84373
1.84305
1.84198
1.84064
1.83919
1.83778
1.83659
1.8358
1.83568
1.83649
1.83842
1.84154
1.84566
1.85044
1.85539
1.86003
1.86391
1.86669
1.86814
1.86814
1.86667
1.86382
1.85977
1.8548
1.84921
1.8433
1.83739
1.83171
1.82646
1.82186
1.81814
1.8156
1.81452
1.81507
1.81718
1.82052
1.82456
1.82857
1.83186
1.83386
1.83424
1.83295
1.8302
1.82643
1.82222
1.81823
1.81502
1.81301
1.81236
1.81297
1.81462
1.81703
1.81995
1.82323
1.8268
1.83061
1.83459
1.83858
1.84242
1.8459
1.84886
1.85118
1.8528
1.85373
1.854
1.85367
1.8528
1.85146
1.84975
1.84777
1.84567
1.84364
1.8419
1.84065
1.84006
1.84021
1.84105
1.84244
1.84415
1.84595
1.84764
1.84905
1.85009
1.8507
1.85088
1.85062
1.84992
1.84876
1.84712
1.84496
1.84221
1.83882
1.83476
1.82999
1.82446
1.81809
1.81074
1.80228
1.79267
1.78221
1.77167
1.76245
1.75626
1.75448
1.75739
1.76404
1.77271
1.78173
1.78999
1.79701
1.80271
1.80723
1.81071
1.81325
1.81488
1.81563
1.81557
1.8149
1.81396
1.81323
1.81317
1.8141
1.8161
1.81896
1.82229
1.82566
1.82869
1.8311
1.83271
1.83336
1.8329
1.83113
1.82775
1.82236
1.81457
1.80414
1.79139
1.77759
1.76513
1.75676
1.75404
1.75621
1.76064
1.76441
1.7656
1.76363
1.75894
1.75258
1.74592
1.74038
1.7372
1.7372
1.74045
1.74627
1.75347
1.76081
1.76736
1.77264
1.77659
1.77935
1.78123
1.78251
1.78347
1.7843
1.78515
1.78611
1.78719
1.78838
1.78965
1.79093
1.79218
1.79334
1.79437
1.79522
1.79589
1.79635
1.79661
1.79667
1.79654
1.79625
1.79581
1.79525
1.79462
1.79394
1.79325
1.7926
1.79201
1.7915
1.7911
1.7908
1.79058
1.7904
1.7902
1.78988
1.78936
1.78853
1.78727
1.78549
1.78314
1.78023
1.77685
1.7732
1.76961
1.76645
1.76413
1.76297
1.76312
1.76456
1.76707
1.77032
1.77394
1.77756
1.78088
1.78372
1.78596
1.78761
1.78874
1.78945
1.78984
1.78998
1.78982
1.78926
1.7881
1.78613
1.78324
1.77952
1.77545
1.77182
1.76963
1.76969
1.77225
1.77692
1.78286
1.78914
1.79507
1.80027
1.80462
1.80819
1.81111
1.81352
1.81555
1.81729
1.81879
1.82007
1.82115
1.82199
1.82258
1.82288
1.82287
1.82249
1.8217
1.82047
1.81872
1.8164
1.81344
1.80978
1.80535
1.80013
1.79414
1.78749
1.78043
1.77334
1.76677
1.76139
1.75782
1.75653
1.75765
1.76092
1.76569
1.77116
1.77653
1.78119
1.78483
1.78744
1.78924
1.79061
1.79191
1.79348
1.7955
1.79803
1.80099
1.80422
1.80752
1.81066
1.81341
1.8156
1.81712
1.81788
1.81791
1.81725
1.81601
1.81429
1.81223
1.80997
1.80759
1.80521
1.80289
1.80068
1.79866
1.79687
1.79538
1.79427
1.79361
1.79346
1.79387
1.79486
1.79639
1.79842
1.80081
1.80344
1.80615
1.80879
1.81122
1.81333
1.81503
1.81627
1.817
1.81725
1.81703
1.81641
1.81549
1.81436
1.81315
1.81199
1.81095
1.81006
1.79931
1.79863
1.79792
1.79707
1.79599
1.79465
1.79305
1.79119
1.78912
1.78685
1.78438
1.7817
1.77877
1.7756
1.77228
1.76899
1.76603
1.76374
1.76247
1.76243
1.76365
1.76598
1.76913
1.77273
1.77644
1.78001
1.78326
1.78611
1.78854
1.79057
1.79222
1.79355
1.79457
1.79532
1.79578
1.79593
1.79571
1.79504
1.79382
1.79197
1.78944
1.78627
1.78263
1.77885
1.7754
1.77276
1.77132
1.77119
1.77223
1.77402
1.7761
1.77804
1.77957
1.78061
1.78119
1.78145
1.78158
1.78176
1.78214
1.78278
1.78371
1.78485
1.78608
1.78724
1.78816
1.78864
1.78848
1.78748
1.78543
1.78219
1.77768
1.77194
1.76524
1.7581
1.75128
1.74565
1.74196
1.7405
1.74103
1.74281
1.74491
1.74665
1.74782
1.74879
1.7503
1.75308
1.75741
1.76298
1.76909
1.77495
1.77995
1.78379
1.78645
1.78806
1.78883
1.78899
1.78874
1.78824
1.78761
1.78692
1.7862
1.78542
1.78455
1.78358
1.78249
1.78135
1.78029
1.77944
1.77891
1.77874
1.77884
1.779
1.77901
1.77867
1.77785
1.77657
1.77502
1.77348
1.77234
1.77197
1.77266
1.77449
1.77735
1.78096
1.78494
1.78894
1.79267
1.7959
1.79853
1.80051
1.80187
1.80266
1.80302
1.80309
1.80304
1.80298
1.80303
1.8032
1.80347
1.80375
1.80396
1.80399
1.80376
1.80318
1.80213
1.80043
1.79783
1.79401
1.78864
1.78151
1.77262
1.76241
1.75189
1.74261
1.73631
1.73426
1.73663
1.74244
1.75009
1.75802
1.76508
1.77064
1.77436
1.77606
1.77561
1.77303
1.76851
1.76251
1.75581
1.74948
1.74469
1.7425
1.74342
1.74724
1.75306
1.75972
1.76623
1.77197
1.77672
1.78051
1.78347
1.78577
1.78753
1.78884
1.78977
1.79035
1.7906
1.79054
1.7902
1.78958
1.78872
1.78762
1.78631
1.78479
1.7831
1.78125
1.77927
1.7772
1.77511
1.77307
1.77119
1.76957
1.7683
1.76745
1.76705
1.76705
1.76737
1.76786
1.76834
1.76864
1.76857
1.768
1.76682
1.76503
1.76272
1.76017
1.75781
1.75618
1.75579
1.75688
1.75925
1.76224
1.76486
1.76609
1.76513
1.76168
1.75615
1.74969
1.74395
1.74043
1.7398
1.7416
1.74467
1.74786
1.7504
1.75198
1.75257
1.75231
1.75145
1.75043
1.74983
1.75031
1.75245
1.75655
1.76247
1.7697
1.77751
1.78516
1.79212
1.79808
1.80294
1.80673
1.80959
1.81166
1.81308
1.81396
1.81437
1.81434
1.81389
1.81299
1.8116
1.80966
1.8071
1.80388
1.79994
1.7953
1.79003
1.78431
1.77849
1.77306
1.76866
1.76597
1.76557
1.76773
1.77233
1.77889
1.78665
1.79475
1.80236
1.80874
1.81326
1.81541
1.81482
1.81138
1.80545
1.79809
1.7911
1.78662
1.78623
1.79011
1.797
1.80498
1.81232
1.81795
1.82135
1.82235
1.82086
1.81666
1.80933
1.7982
1.78281
1.76387
1.74485
1.73239
1.7329
1.74712
1.76918
1.79165
1.80999
1.823
1.83125
1.83584
1.83772
1.8376
1.83595
1.83308
1.82922
1.8246
1.81951
1.8143
1.80943
1.80537
1.80253
1.80117
1.80133
1.80285
1.80544
1.80877
1.81252
1.81643
1.8203
1.82398
1.82735
1.83033
1.83287
1.83492
1.83644
1.83739
1.83775
1.83747
1.83653
1.83485
1.83238
1.82901
1.82465
1.81919
1.81252
1.80458
1.79539
1.78517
1.77442
1.76411
1.75562
1.75047
1.74984
1.75395
1.76198
1.77241
1.78365
1.79449
1.80421
1.81253
1.81941
1.82494
1.82927
1.83255
1.8349
1.83644
1.83725
1.83736
1.83681
1.83556
1.83352
1.83048
1.82615
1.82014
1.8121
1.80202
1.79068
1.78002
1.77286
1.7716
1.77653
1.78549
1.79517
1.80275
1.80667
1.80655
1.80292
1.79702
1.79063
1.78564
1.78341
1.78417
1.78721
1.79144
1.79607
1.80078
1.80552
1.81026
1.81477
1.8187
1.82168
1.82342
1.82377
1.82272
1.82037
1.8169
1.81258
1.80767
1.8025
1.7974
1.79277
1.78909
1.78685
1.7865
1.78821
1.79174
1.79644
1.80146
1.80596
1.80941
1.81165
1.81284
1.81335
1.81358
1.81378
1.81406
1.8144
1.81474
1.81509
1.81552
1.81619
1.81723
1.81869
1.82053
1.8226
1.8247
1.82659
1.82802
1.82875
1.82852
1.82712
1.82434
1.82007
1.81437
1.80752
1.80014
1.79315
1.78762
1.78452
1.78438
1.78712
1.79215
1.79867
1.80585
1.81304
1.81975
1.82566
1.83057
1.8344
1.83719
1.83905
1.84013
1.84063
1.84071
1.8405
1.84011
1.83959
1.83899
1.83833
1.83768
1.83713
1.83679
1.83677
1.83715
1.83793
1.83899
1.84013
1.84107
1.84148
1.84102
1.83937
1.83625
1.8314
1.82465
1.81592
1.8053
1.79323
1.78054
1.76855
1.75895
1.75342
1.75322
1.75866
1.76896
1.7824
1.79695
1.8109
1.82313
1.83319
1.84107
1.84697
1.85124
1.85419
1.85613
1.85731
1.85795
1.85824
1.85834
1.85839
1.8585
1.85873
1.85912
1.85965
1.86031
1.86107
1.86189
1.86277
1.86366
1.86453
1.86529
1.86584
1.86601
1.86561
1.86443
1.86228
1.85906
1.85477
1.84962
1.84399
1.83842
1.83347
1.82963
1.82717
1.82613
1.82632
1.82737
1.82885
1.8303
1.83142
1.83212
1.83251
1.83285
1.83339
1.83428
1.83551
1.83691
1.83821
1.83913
1.83942
1.83886
1.83733
1.83473
1.83107
1.82647
1.82121
1.81575
1.81067
1.80652
1.80365
1.80209
1.8015
1.80136
1.80117
1.80063
1.79971
1.79858
1.79752
1.79672
1.79623
1.79594
1.79566
1.79515
1.79423
1.7928
1.79079
1.78826
1.78529
1.78208
1.77892
1.77618
1.77425
1.77346
1.774
1.77584
1.77879
1.78251
1.78667
1.79096
1.79517
1.79917
1.80286
1.80622
1.80921
1.81181
1.81401
1.81581
1.8172
1.8182
1.81881
1.81904
1.81889
1.8184
1.81756
1.81642
1.81501
1.81339
1.81161
1.80976
1.8079
1.8061
1.80438
1.80272
1.80105
1.79926
1.79719
1.79467
1.79151
1.78757
1.78278
1.77724
1.77126
1.76542
1.76054
1.75746
1.75683
1.75879
1.76302
1.76885
1.77556
1.78254
1.78934
1.79567
1.80134
1.80623
1.81029
1.81354
1.81604
1.81793
1.81939
1.82059
1.82173
1.82294
1.82432
1.82589
1.82763
1.82945
1.83125
1.83292
1.83436
1.83549
1.83625
1.83661
1.83656
1.83612
1.83528
1.83404
1.83239
1.83027
1.82761
1.82433
1.82044
1.81606
1.81157
1.80756
1.80478
1.80385
1.80504
1.80812
1.8125
1.81742
1.82227
1.82662
1.83029
1.83323
1.83552
1.83721
1.83838
1.83907
1.8393
1.83905
1.8383
1.83698
1.835
1.83225
1.82864
1.82409
1.81864
1.81247
1.80599
1.79988
1.79493
1.79186
1.79102
1.79223
1.79488
1.79821
1.80153
1.8044
1.8067
1.80849
1.80996
1.81135
1.81284
1.81454
1.8165
1.81865
1.82086
1.82295
1.82469
1.82587
1.82625
1.82561
1.82373
1.82044
1.81568
1.80952
1.80228
1.79451
1.78698
1.78042
1.77539
1.77201
1.77011
1.76934
1.76941
1.77021
1.77172
1.774
1.77703
1.78071
1.78487
1.78928
1.79371
1.79797
1.80192
1.80547
1.80857
1.8112
1.81338
1.81512
1.81643
1.81735
1.81788
1.81802
1.81777
1.81711
1.816
1.8144
1.81225
1.80951
1.80611
1.80204
1.79732
1.79203
1.78636
1.78063
1.77523
1.77061
1.76719
1.76527
1.76495
1.76615
1.76864
1.77213
1.77632
1.78094
1.78575
1.79056
1.79523
1.79963
1.8037
1.80744
1.81092
1.81427
1.81762
1.82111
1.82482
1.82873
1.83275
1.83671
1.84044
1.84374
1.84649
1.8486
1.85004
1.85082
1.85102
1.85074
1.85008
1.84919
1.84816
1.84711
1.84609
1.84516
1.84435
1.84366
1.84309
1.84259
1.84214
1.8417
1.84124
1.84073
1.8402
1.8397
1.83931
1.83911
1.83914
1.83929
1.83937
1.83913
1.83834
1.83694
1.83506
1.83304
1.83129
1.83022
1.83006
1.83084
1.8324
1.83445
1.83667
1.83872
1.84034
1.84131
1.84153
1.84101
1.83989
1.83843
1.83691
1.83559
1.83465
1.83412
1.83399
1.83423
1.83483
1.83583
1.83723
1.83906
1.84122
1.84362
1.8461
1.8485
1.85069
1.85259
1.85417
1.85544
1.85644
1.85722
1.85784
1.85835
1.85878
1.85913
1.85938
1.85948
1.85937
1.85895
1.85814
1.85684
1.85498
1.85251
1.84948
1.84603
1.84243
1.83907
1.83637
1.83471
1.83426
1.83494
1.83648
1.83845
1.84048
1.84229
1.84376
1.84487
1.84566
1.84618
1.84642
1.84637
1.84599
1.8453
1.84443
1.84362
1.84319
1.84344
1.84449
1.84624
1.84831
1.85015
1.85117
1.85087
1.84893
1.84522
1.83987
1.83327
1.82605
1.81905
1.8131
1.80883
1.80647
1.80584
1.80647
1.8079
1.80973
1.81173
1.81371
1.81542
1.81655
1.8167
1.81547
1.81265
1.80843
1.80363
1.79972
1.79843
1.80092
1.80715
1.81588
1.82534
1.83407
1.84121
1.8465
1.85007
1.85215
1.85304
1.85297
1.85212
1.85065
1.84867
1.84632
1.84373
1.84103
1.83838
1.83596
1.83389
1.8323
1.83124
1.83071
1.83065
1.83098
1.83156
1.83227
1.83299
1.83361
1.83405
1.83424
1.83415
1.83376
1.83309
1.83218
1.83112
1.83001
1.829
1.82824
1.82785
1.82797
1.82862
1.82979
1.83141
1.83333
1.83538
1.83739
1.83917
1.84054
1.84133
1.84136
1.84044
1.83844
1.83525
1.83086
1.82546
1.81945
1.8134
1.80795
1.80359
1.80046
1.79835
1.79681
1.79539
1.79382
1.79208
1.79031
1.78869
1.7873
1.78606
1.7847
1.7828
1.77997
1.776
1.7711
1.76602
1.76203
1.76048
1.76225
1.76729
1.77468
1.78313
1.79146
1.79894
1.8058
1.81081
1.81481
1.81795
1.82034
1.82208
1.82323
1.82384
1.82398
1.8237
1.82307
1.82221
1.82122
1.82026
1.81949
1.81904
1.81901
1.81942
1.82024
1.82136
1.82265
1.82397
1.8252
1.82627
1.82716
1.82788
1.82847
1.82899
1.82953
1.83016
1.83094
1.8319
1.83306
1.83441
1.83588
1.83743
1.83895
1.84033
1.84144
1.8421
1.84209
1.84116
1.83895
1.83511
1.82927
1.82128
1.81145
1.80082
1.79123
1.78481
1.78292
1.78539
1.79063
1.79662
1.80186
1.80572
1.80829
1.81002
1.81148
1.81316
1.81536
1.81819
1.82161
1.82544
1.82947
1.83348
1.83729
1.8408
1.84393
1.84664
1.8489
1.85069
1.852
1.8528
1.85309
1.85285
1.85208
1.85076
1.84887
1.84634
1.84304
1.83875
1.83323
1.82628
1.81798
1.80895
1.80045
1.79429
1.79213
1.79465
1.80118
1.81008
1.81954
1.82821
1.83538
1.84079
1.84452
1.84677
1.8478
1.84788
1.84724
1.8461
1.84462
1.84294
1.84115
1.83932
1.83747
1.83563
1.83381
1.83203
1.83036
1.82888
1.82771
1.82701
1.82693
1.82762
1.82912
1.83141
1.83432
1.83757
1.84078
1.84349
1.84522
1.84553
1.84409
1.8408
1.83594
1.83038
1.82548
1.82278
1.82333
1.82716
1.83327
1.84019
1.84663
1.85179
1.85538
1.85744
1.85821
1.85798
1.85705
1.85572
1.8543
1.85304
1.85217
1.85187
1.85219
1.85311
1.85452
1.85626
1.85816
1.86006
1.86185
1.86348
1.8649
1.86613
1.86718
1.86809
1.86887
1.86955
1.87013
1.87062
1.87099
1.87121
1.87124
1.87099
1.87038
1.86934
1.86779
1.86573
1.86329
1.86071
1.85844
1.85697
1.85676
1.85799
1.86046
1.86362
1.86673
1.86899
1.86978
1.86861
1.86523
1.85958
1.85183
1.84242
1.83214
1.82212
1.81369
1.80807
1.80605
1.8077
1.81239
1.81909
1.82671
1.83438
1.84158
1.848
1.85354
1.85815
1.86183
1.86456
1.86634
1.8672
1.86717
1.86632
1.86479
1.86278
1.86058
1.85851
1.85695
1.85617
1.85635
1.85749
1.8594
1.86177
1.86421
1.86633
1.86781
1.86838
1.8679
1.86633
1.86378
1.86047
1.85675
1.85304
1.8498
1.8474
1.84609
1.8459
1.84667
1.84808
1.84975
1.85133
1.85254
1.85324
1.85339
1.85308
1.85245
1.8517
1.85103
1.85063
1.85068
1.8513
1.85256
1.85449
1.85702
1.86003
1.86334
1.86676
1.8701
1.87321
1.87596
1.87828
1.88012
1.88147
1.88234
1.88274
1.88269
1.88222
1.88137
1.88024
1.87894
1.87765
1.87654
1.87581
1.87558
1.87592
1.87678
1.87801
1.8794
1.88073
1.88179
1.88241
1.88246
1.88187
1.8806
1.87863
1.876
1.87287
1.86954
1.8665
1.86439
1.86386
1.8653
1.86873
1.87372
1.87961
1.88569
1.89141
1.89646
1.9007
1.90416
1.90692
1.90911
1.91085
1.91224
1.91335
1.91424
1.91491
1.91538
1.91561
1.91554
1.91513
1.91428
1.9129
1.91093
1.90828
1.90493
1.90092
1.89634
1.89139
1.88632
1.88141
1.87687
1.87283
1.86932
1.86628
1.86368
1.86155
1.86006
1.8594
1.85978
1.86127
1.86381
1.86718
1.8711
1.87528
1.87951
1.88365
1.8876
1.89127
1.89461
1.89759
1.90021
1.90249
1.90444
1.906
1.90706
1.90744
1.90692
1.9053
1.90246
1.89835
1.89312
1.88718
1.88124
1.87627
1.87327
1.87291
1.87524
1.87961
1.88503
1.89047
1.8952
1.89879
1.9011
1.90209
1.90182
1.90032
1.89762
1.89383
1.88919
1.88414
1.8794
1.87583
1.8742
1.87486
1.87757
1.88161
1.88606
1.8901
1.89322
1.89517
1.89599
1.89586
1.89511
1.89407
1.8931
1.89251
1.89249
1.89311
1.89431
1.89591
1.89766
1.89932
1.90064
1.90141
1.90147
1.90073
1.89914
1.8967
1.8935
1.88968
1.88545
1.88107
1.87687
1.87316
1.87022
1.86827
1.86743
1.86771
1.86899
1.87105
1.87361
1.87629
1.87868
1.88032
1.8808
1.87973
1.87693
1.87248
1.86688
1.86101
1.85596
1.85265
1.85144
1.85208
1.85392
1.85637
1.85904
1.86185
1.86482
1.86795
1.87119
1.87434
1.87719
1.87952
1.88117
1.88199
1.88191
1.88087
1.87885
1.87586
1.87193
1.86719
1.86185
1.85628
1.85093
1.84631
1.84276
1.84037
1.83887
1.83771
1.83622
1.83385
1.83034
1.82583
1.82092
1.81657
1.81374
1.81309
1.81464
1.81783
1.82179
1.82569
1.82897
1.83138
1.83289
1.83362
1.83374
1.8334
1.83276
1.8319
1.83088
1.82972
1.82837
1.82679
1.82486
1.82248
1.81954
1.81598
1.81184
1.80735
1.80293
1.79921
1.79684
1.79629
1.79763
1.80048
1.80415
1.80787
1.81103
1.81325
1.81442
1.81463
1.81411
1.81321
1.81227
1.81164
1.81159
1.81225
1.81363
1.81554
1.81774
1.81989
1.82172
1.82298
1.82351
1.82323
1.82209
1.82012
1.81735
1.81389
1.80989
1.8056
1.8014
1.79774
1.79513
1.79404
1.79481
1.79751
1.80193
1.80762
1.81398
1.82042
1.82643
1.8316
1.83563
1.83834
1.83959
1.83936
1.83774
1.83498
1.83146
1.82771
1.8243
1.82175
1.82045
1.82055
1.82205
1.82473
1.8283
1.83235
1.8365
1.84035
1.84361
1.84608
1.84771
1.8486
1.84895
1.84904
1.84912
1.84942
1.85005
1.85101
1.85222
1.85353
1.85478
1.85582
1.85655
1.85693
1.85695
1.85666
1.85615
1.85551
1.85486
1.8543
1.85395
1.85389
1.85421
1.85496
1.85615
1.85775
1.85964
1.86166
1.8636
1.86528
1.86654
1.8673
1.86758
1.86742
1.86695
1.8663
1.86558
1.86488
1.86426
1.86371
1.8632
1.86266
1.86204
1.8613
1.86041
1.85941
1.85837
1.85737
1.85655
1.85605
1.85603
1.85661
1.85789
1.8599
1.86257
1.86577
1.86925
1.87272
1.87589
1.87847
1.88024
1.88104
1.88081
1.87953
1.87728
1.87421
1.87052
1.86646
1.86235
1.85851
1.85526
1.85287
1.85148
1.85112
1.85165
1.8528
1.8543
1.85589
1.85749
1.85919
1.86121
1.86384
1.86724
1.87141
1.87609
1.88087
1.88533
1.8891
1.89201
1.89401
1.8952
1.89575
1.89591
1.89591
1.89593
1.89608
1.89635
1.89665
1.89677
1.89644
1.89541
1.89341
1.89027
1.88596
1.88064
1.8747
1.86877
1.86366
1.8601
1.85856
1.85904
1.86107
1.86397
1.86709
1.87006
1.87279
1.87537
1.87783
1.88002
1.88152
1.88179
1.88026
1.87654
1.87056
1.86271
1.85396
1.84576
1.83973
1.83717
1.83853
1.84338
1.85055
1.85867
1.86651
1.87315
1.87802
1.88088
1.88177
1.88105
1.87933
1.87741
1.87608
1.87585
1.87675
1.87829
1.87961
1.87973
1.87782
1.87333
1.86608
1.85638
1.84498
1.83294
1.82152
1.81214
1.8063
1.80532
1.80979
1.81913
1.83178
1.84583
1.85963
1.8721
1.88268
1.89117
1.89763
1.90216
1.9049
1.90593
1.90533
1.90319
1.89968
1.8952
1.89036
1.886
1.883
1.88199
1.88319
1.88632
1.89078
1.89594
1.90126
1.90641
1.9112
1.91555
1.91942
1.92274
1.92546
1.92749
1.92875
1.92916
1.92863
1.92714
1.92468
1.92131
1.91721
1.91262
1.90789
1.90337
1.89935
1.89598
1.89318
1.89073
1.88825
1.88541
1.88196
1.87781
1.873
1.86774
1.86229
1.85698
1.85215
1.84813
1.84526
1.84381
1.84406
1.84616
1.85012
1.85575
1.86259
1.86999
1.87729
1.8839
1.88942
1.89364
1.89647
1.89796
1.89815
1.89712
1.89491
1.89158
1.88716
1.88176
1.87557
1.86892
1.86235
1.85648
1.85193
1.84906
1.84787
1.84794
1.84863
1.84928
1.84941
1.84879
1.84745
1.84565
1.84379
1.84228
1.84147
1.84154
1.84243
1.84394
1.84575
1.84755
1.84908
1.85019
1.8508
1.85091
1.85059
1.84992
1.84898
1.84787
1.84669
1.84552
1.84443
1.84347
1.84269
1.84212
1.84176
1.8416
1.84164
1.84183
1.84212
1.84248
1.84282
1.84307
1.84313
1.84292
1.8423
1.84115
1.83933
1.83674
1.8333
1.82903
1.82413
1.81895
1.81404
1.81
1.80736
1.80635
1.8069
1.80868
1.81128
1.81436
1.81776
1.82139
1.82522
1.8292
1.83319
1.83703
1.84052
1.84351
1.84592
1.84774
1.84903
1.84989
1.85042
1.85068
1.8507
1.85045
1.84986
1.84885
1.84737
1.84545
1.84319
1.8408
1.83855
1.83676
1.83569
1.83556
1.83645
1.8384
1.8413
1.84496
1.84907
1.85327
1.85716
1.86039
1.86272
1.86403
1.86433
1.86373
1.86243
1.86068
1.85875
1.85689
1.8553
1.85411
1.85336
1.85302
1.85304
1.85336
1.85397
1.85492
1.85627
1.85813
1.86056
1.86358
1.86713
1.87108
1.87521
1.87928
1.88299
1.88607
1.88823
1.88926
1.88899
1.88735
1.88444
1.88053
1.87611
1.87185
1.86848
1.86657
1.86637
1.86767
1.86993
1.87239
1.8743
1.87503
1.87415
1.87142
1.86687
1.8608
1.85394
1.84741
1.84265
1.84085
1.84253
1.84719
1.85365
1.86055
1.86691
1.87221
1.87638
1.87959
1.88209
1.88411
1.88576
1.88709
1.88808
1.8887
1.88894
1.8888
1.88834
1.88763
1.88672
1.8856
1.88424
1.88253
1.88034
1.87756
1.87415
1.87016
1.86577
1.86131
1.85719
1.8539
1.85187
1.85141
1.8526
1.85529
1.85913
1.86364
1.86828
1.87254
1.87602
1.87837
1.87939
1.87897
1.87716
1.87419
1.87051
1.86678
1.86375
1.86205
1.86197
1.86335
1.86565
1.8682
1.87036
1.87173
1.87209
1.87142
1.86983
1.86754
1.86493
1.86252
1.86098
1.86096
1.86283
1.86651
1.8714
1.87658
1.88113
1.8844
1.88629
1.88721
1.88795
1.8894
1.89215
1.89628
1.90134
1.90663
1.9115
1.91551
1.9185
1.92046
1.92153
1.92185
1.9216
1.79929
1.79825
1.79697
1.79548
1.79382
1.79204
1.79025
1.78861
1.78733
1.78665
1.78677
1.78783
1.78983
1.7927
1.79624
1.80018
1.80424
1.80816
1.81172
1.81476
1.81722
1.81909
1.82043
1.82135
1.82198
1.82245
1.82286
1.82326
1.82369
1.82412
1.8245
1.82475
1.82473
1.82425
1.82311
1.82107
1.81794
1.81362
1.80818
1.80188
1.79524
1.78904
1.78423
1.7817
1.78203
1.78532
1.79116
1.79884
1.80764
1.81687
1.82595
1.83438
1.84171
1.84755
1.85161
1.85372
1.8538
1.85192
1.84834
1.84348
1.83797
1.83251
1.82772
1.82387
1.8209
1.81846
1.81624
1.8142
1.81268
1.81219
1.81315
1.8156
1.81916
1.82321
1.82708
1.83026
1.83246
1.83352
1.83343
1.8322
1.82991
1.82666
1.82259
1.81789
1.81281
1.80763
1.80263
1.79812
1.79436
1.79158
1.78999
1.78967
1.79062
1.79273
1.79579
1.79954
1.80376
1.80829
1.81307
1.81808
1.82328
1.82858
1.83382
1.83877
1.84317
1.84677
1.84934
1.85064
1.85047
1.84858
1.84474
1.83873
1.8305
1.82027
1.80879
1.79737
1.78762
1.78084
1.7774
1.77666
1.77742
1.77867
1.77989
1.78108
1.7825
1.78448
1.78724
1.7909
1.79532
1.80022
1.80513
1.80957
1.81313
1.81552
1.8166
1.81635
1.81482
1.81216
1.80854
1.80419
1.79937
1.79439
1.78954
1.78511
1.78137
1.77848
1.77654
1.77555
1.77541
1.77595
1.77694
1.77815
1.77934
1.78032
1.78094
1.78111
1.78075
1.77986
1.77839
1.77628
1.77345
1.76977
1.76512
1.75955
1.75341
1.74743
1.74269
1.74028
1.74079
1.744
1.74898
1.75454
1.75967
1.76378
1.76663
1.76827
1.76887
1.76863
1.76776
1.76645
1.76484
1.76306
1.76119
1.75931
1.75746
1.75567
1.75394
1.75228
1.75069
1.74917
1.74771
1.74633
1.74502
1.74379
1.74261
1.74149
1.74038
1.73924
1.738
1.73661
1.73498
1.73305
1.73076
1.72809
1.72507
1.7218
1.71845
1.71528
1.71258
1.71062
1.70961
1.7096
1.71051
1.71214
1.71424
1.71656
1.71891
1.72114
1.72319
1.72505
1.72674
1.72827
1.72968
1.73097
1.73215
1.73317
1.73402
1.73465
1.73504
1.73516
1.73503
1.73469
1.73416
1.73352
1.7328
1.73205
1.73127
1.73043
1.72952
1.72849
1.72739
1.72631
1.72547
1.72513
1.72557
1.72701
1.72949
1.73286
1.73681
1.74092
1.74476
1.74795
1.7502
1.75135
1.75138
1.75045
1.74893
1.74735
1.74637
1.7466
1.74843
1.75188
1.75664
1.76216
1.76784
1.77314
1.77764
1.78104
1.78311
1.78373
1.78278
1.78025
1.77621
1.77094
1.76496
1.75912
1.75453
1.75228
1.75309
1.75701
1.76328
1.77067
1.77786
1.78383
1.78802
1.79035
1.79114
1.79085
1.78999
1.78883
1.78737
1.78535
1.78238
1.77823
1.77306
1.76762
1.76323
1.76141
1.76314
1.76842
1.77621
1.78504
1.79363
1.80116
1.80732
1.81213
1.81574
1.81836
1.8202
1.82145
1.82228
1.82284
1.82329
1.82372
1.8242
1.82471
1.82516
1.82533
1.82493
1.82364
1.82116
1.8174
1.81263
1.80751
1.80304
1.80013
1.79908
1.79938
1.79994
1.79959
1.79765
1.79405
1.78925
1.78385
1.7783
1.7727
1.76688
1.76061
1.75389
1.74703
1.74066
1.73564
1.73288
1.7331
1.73665
1.74327
1.75219
1.76224
1.77226
1.78132
1.78885
1.79459
1.79852
1.80078
1.80156
1.8011
1.79963
1.7974
1.79464
1.79154
1.78825
1.7849
1.78156
1.77827
1.77509
1.77207
1.76934
1.76705
1.76536
1.7644
1.76418
1.76457
1.76532
1.76607
1.76644
1.76605
1.76459
1.76177
1.75745
1.75156
1.74422
1.73578
1.72681
1.71808
1.71039
1.70436
1.70029
1.69815
1.69764
1.69845
1.7003
1.70303
1.7065
1.7106
1.71515
1.71993
1.72469
1.72917
1.73313
1.73641
1.7389
1.74057
1.74144
1.74158
1.74107
1.74002
1.73853
1.7367
1.73463
1.73239
1.73006
1.72769
1.72531
1.72297
1.72069
1.71848
1.71638
1.71441
1.71259
1.71092
1.70939
1.70795
1.70651
1.70493
1.70304
1.70064
1.69757
1.69375
1.6893
1.68463
1.68048
1.67777
1.67731
1.67944
1.68384
1.68964
1.6958
1.70145
1.706
1.70919
1.71099
1.71149
1.71085
1.70928
1.707
1.70427
1.70138
1.69864
1.69635
1.6948
1.69417
1.69454
1.69585
1.69794
1.70058
1.70349
1.7064
1.7091
1.71143
1.71325
1.7145
1.71513
1.71514
1.71453
1.71334
1.71163
1.70946
1.70692
1.70414
1.70126
1.69843
1.69582
1.69361
1.692
1.69114
1.69113
1.69204
1.69382
1.69638
1.69951
1.70297
1.70647
1.70974
1.71253
1.71468
1.7161
1.71676
1.71672
1.71608
1.71499
1.71363
1.71219
1.71084
1.70975
1.70903
1.70876
1.70891
1.70942
1.7101
1.7107
1.71091
1.71039
1.70877
1.70573
1.70101
1.69457
1.68671
1.67826
1.67062
1.66552
1.66436
1.66756
1.67436
1.6832
1.69248
1.70103
1.70827
1.71404
1.71846
1.72177
1.7242
1.72597
1.72724
1.72812
1.72869
1.72897
1.72898
1.72871
1.72815
1.72729
1.72618
1.72488
1.72352
1.72227
1.72136
1.72098
1.72132
1.72244
1.72432
1.7268
1.72966
1.73265
1.73553
1.73808
1.74014
1.74161
1.7424
1.74248
1.74188
1.74066
1.73897
1.73701
1.73507
1.73344
1.73241
1.73214
1.73269
1.73395
1.73574
1.73781
1.73991
1.74189
1.74361
1.74504
1.74619
1.74708
1.74779
1.74838
1.74892
1.74945
1.75001
1.75064
1.75134
1.75213
1.75299
1.75392
1.75488
1.75584
1.75674
1.7575
1.75802
1.75821
1.75796
1.75721
1.75595
1.75422
1.75214
1.7499
1.74774
1.74594
1.74476
1.7444
1.74494
1.74637
1.74856
1.75126
1.75423
1.75718
1.75989
1.76219
1.76397
1.76518
1.76582
1.76593
1.76556
1.76478
1.76368
1.76236
1.76091
1.75946
1.75811
1.75695
1.75599
1.75518
1.75433
1.75316
1.75135
1.74858
1.74473
1.73993
1.73478
1.73022
1.72736
1.72705
1.72952
1.73431
1.74052
1.74724
1.75376
1.75967
1.76482
1.76918
1.77282
1.77585
1.77838
1.78053
1.78238
1.78403
1.78552
1.78692
1.78824
1.78951
1.79072
1.79188
1.79297
1.79395
1.79481
1.7955
1.79597
1.79617
1.79604
1.79553
1.79457
1.79314
1.79119
1.78873
1.78583
1.78256
1.77906
1.77548
1.77198
1.76869
1.76572
1.76324
1.76149
1.76081
1.76155
1.7639
1.76773
1.77255
1.77771
1.78258
1.78677
1.79016
1.79289
1.79523
1.7974
1.79953
1.80157
1.80329
1.8044
1.80455
1.80353
1.8013
1.79812
1.79458
1.79146
1.78955
1.78929
1.79058
1.79283
1.79518
1.79694
1.79781
1.79797
1.79798
1.79852
1.80005
1.80266
1.806
1.80951
1.8126
1.81486
1.81608
1.81622
1.81533
1.81353
1.81094
1.80767
1.80379
1.79938
1.79447
1.78911
1.78335
1.77728
1.7711
1.7651
1.75971
1.7554
1.75262
1.75167
1.75266
1.75555
1.76021
1.76637
1.77369
1.78168
1.78974
1.79726
1.80367
1.80853
1.81154
1.81255
1.81153
1.8086
1.80399
1.79809
1.79143
1.78467
1.77848
1.77348
1.77006
1.76836
1.76827
1.76947
1.77155
1.77412
1.77683
1.7794
1.78168
1.78357
1.78504
1.78607
1.78668
1.78688
1.78667
1.78607
1.78508
1.78373
1.78201
1.77996
1.77758
1.7749
1.77193
1.76864
1.765
1.76098
1.75659
1.75199
1.74752
1.74376
1.74141
1.74105
1.74286
1.74647
1.75109
1.75577
1.7597
1.76233
1.76342
1.76297
1.7612
1.75843
1.75507
1.75153
1.74817
1.7452
1.74266
1.74048
1.73849
1.73659
1.7347
1.73286
1.73114
1.72963
1.72841
1.72751
1.72699
1.72688
1.72719
1.72788
1.72883
1.72985
1.73069
1.73107
1.73073
1.7294
1.7269
1.72309
1.71794
1.71161
1.70456
1.69764
1.69212
1.68934
1.69019
1.69459
1.7015
1.7094
1.71692
1.72318
1.72781
1.73078
1.73228
1.73251
1.73169
1.72998
1.72753
1.72447
1.72091
1.71704
1.71307
1.70929
1.70599
1.70346
1.7019
1.70139
1.70184
1.70303
1.70469
1.70653
1.7083
1.70984
1.71103
1.71181
1.71215
1.71205
1.7115
1.71047
1.70893
1.70684
1.70414
1.70074
1.6966
1.6917
1.68614
1.68016
1.67416
1.66866
1.6642
1.66114
1.65956
1.65932
1.66015
1.66187
1.66438
1.66763
1.67152
1.67579
1.68012
1.68415
1.68763
1.69043
1.6925
1.69393
1.69484
1.69535
1.69561
1.69572
1.69578
1.69585
1.69596
1.69612
1.6963
1.69645
1.69648
1.69627
1.69568
1.69456
1.69275
1.69014
1.68675
1.68276
1.67862
1.67504
1.6729
1.67297
1.67559
1.6805
1.68698
1.69406
1.70091
1.70692
1.71176
1.71533
1.7176
1.71864
1.71849
1.71719
1.71478
1.7113
1.7068
1.70139
1.69528
1.68877
1.6823
1.6764
1.67162
1.66843
1.66709
1.66764
1.66992
1.67361
1.67835
1.6838
1.68966
1.69565
1.70152
1.70703
1.71197
1.71616
1.71947
1.72184
1.72326
1.72379
1.72352
1.72259
1.72117
1.71942
1.71752
1.71563
1.71396
1.71268
1.71203
1.71219
1.71327
1.71526
1.71795
1.72103
1.72408
1.72669
1.72849
1.72919
1.72857
1.72649
1.7229
1.71781
1.71141
1.704
1.69608
1.68832
1.68145
1.67622
1.67322
1.67279
1.6749
1.67915
1.68482
1.69101
1.69687
1.70178
1.7055
1.70819
1.71038
1.71273
1.7158
1.71987
1.72482
1.73024
1.73562
1.74051
1.7446
1.74774
1.74992
1.75121
1.75177
1.75172
1.75121
1.75035
1.74921
1.74783
1.74616
1.74415
1.7417
1.73873
1.73521
1.73118
1.72676
1.72221
1.71787
1.79623
1.79307
1.79092
1.78976
1.78946
1.78983
1.79066
1.79181
1.79314
1.79456
1.79607
1.79771
1.79954
1.80156
1.80361
1.80539
1.80651
1.80658
1.80539
1.80301
1.79983
1.79655
1.79402
1.79305
1.79413
1.79734
1.80235
1.80854
1.81524
1.82182
1.82783
1.83298
1.83714
1.84029
1.84247
1.84376
1.84427
1.84409
1.8433
1.84199
1.84022
1.8381
1.83572
1.83322
1.83076
1.82847
1.82652
1.82502
1.82402
1.82358
1.82368
1.82429
1.82538
1.8269
1.82878
1.83093
1.83328
1.83569
1.83806
1.84027
1.8422
1.84377
1.84489
1.84554
1.84569
1.84536
1.8446
1.84346
1.84202
1.84033
1.83845
1.83642
1.83423
1.83189
1.82938
1.8267
1.82386
1.8209
1.81782
1.81461
1.81119
1.80744
1.80323
1.79853
1.79348
1.78848
1.7841
1.78101
1.77976
1.78058
1.78331
1.78744
1.79234
1.79737
1.80202
1.80596
1.80905
1.81127
1.81278
1.81382
1.81467
1.81558
1.81669
1.81803
1.81948
1.82085
1.82193
1.82253
1.82256
1.82197
1.8208
1.81911
1.81698
1.81451
1.81175
1.80879
1.80572
1.80267
1.7998
1.79731
1.79538
1.79414
1.79367
1.79393
1.79485
1.79625
1.79797
1.79982
1.80164
1.80332
1.80476
1.80591
1.80675
1.80726
1.80744
1.8073
1.80686
1.80612
1.80511
1.80385
1.80236
1.80069
1.79887
1.79696
1.795
1.79305
1.79117
1.78941
1.78782
1.78645
1.78532
1.78441
1.78367
1.783
1.78224
1.78119
1.77958
1.77709
1.7734
1.76832
1.76194
1.75501
1.74903
1.746
1.74756
1.75398
1.76395
1.77529
1.78602
1.79488
1.80136
1.80536
1.807
1.80637
1.8035
1.79836
1.7909
1.78118
1.76952
1.7566
1.74358
1.73189
1.7229
1.71748
1.71572
1.71709
1.72086
1.72641
1.73329
1.74106
1.74918
1.75709
1.76426
1.77039
1.77536
1.77921
1.78206
1.78403
1.78518
1.7855
1.78493
1.78332
1.78055
1.77647
1.77108
1.76454
1.75729
1.75006
1.74382
1.73955
1.7379
1.73899
1.74237
1.74722
1.75259
1.75771
1.762
1.76515
1.76697
1.76736
1.76625
1.7635
1.75896
1.75252
1.74427
1.73471
1.72501
1.71686
1.71203
1.71151
1.71494
1.72085
1.7275
1.73356
1.73837
1.74181
1.74406
1.74542
1.74616
1.74651
1.74664
1.74665
1.74659
1.74649
1.74635
1.74618
1.74596
1.74569
1.74536
1.74496
1.74451
1.74401
1.74347
1.74291
1.74234
1.74177
1.74123
1.74074
1.74031
1.73996
1.73971
1.73956
1.73953
1.73962
1.73986
1.74023
1.74074
1.74138
1.74215
1.74302
1.74396
1.74494
1.74589
1.74674
1.7474
1.74777
1.74776
1.74728
1.7463
1.74489
1.74321
1.74159
1.74045
1.7402
1.74112
1.74325
1.74631
1.74981
1.75315
1.75582
1.75747
1.75799
1.75757
1.75658
1.75555
1.75494
1.75492
1.7554
1.75603
1.75651
1.75679
1.75706
1.75767
1.75885
1.76059
1.76275
1.76525
1.76811
1.77154
1.77574
1.7808
1.7866
1.79284
1.79914
1.80509
1.81038
1.81478
1.8182
1.82063
1.82212
1.82282
1.82287
1.82248
1.82187
1.82124
1.82077
1.82062
1.82089
1.82159
1.8227
1.82411
1.82569
1.82724
1.82856
1.82943
1.82968
1.82916
1.82786
1.82586
1.82343
1.82103
1.81917
1.81836
1.8189
1.82081
1.82379
1.82739
1.83118
1.83479
1.83806
1.84094
1.84349
1.84581
1.84797
1.85004
1.85206
1.854
1.85583
1.85749
1.8589
1.85997
1.8606
1.86067
1.86008
1.85875
1.85669
1.85401
1.85097
1.8479
1.84515
1.8429
1.84107
1.83933
1.83727
1.8346
1.8313
1.82761
1.82398
1.82095
1.81911
1.81893
1.8206
1.82378
1.82769
1.83133
1.83378
1.83449
1.83327
1.83032
1.82609
1.82121
1.81646
1.81267
1.81065
1.81108
1.81433
1.82034
1.82858
1.83824
1.84842
1.85832
1.86736
1.87517
1.88159
1.88659
1.89023
1.89259
1.89379
1.89394
1.89312
1.89145
1.88903
1.88597
1.88243
1.8786
1.87467
1.87086
1.86738
1.86438
1.86194
1.86002
1.85849
1.85713
1.85565
1.85371
1.851
1.84727
1.84247
1.83679
1.83079
1.82531
1.82127
1.81934
1.81956
1.82139
1.82394
1.82628
1.82767
1.82768
1.82611
1.82292
1.81826
1.81244
1.80596
1.79948
1.79375
1.78951
1.78731
1.78742
1.78985
1.7943
1.80032
1.80733
1.81473
1.82196
1.82859
1.83435
1.83906
1.84269
1.84524
1.84678
1.84738
1.8471
1.84599
1.84408
1.84137
1.83788
1.83364
1.82874
1.82335
1.81782
1.8126
1.80824
1.80526
1.80395
1.80432
1.80603
1.80856
1.81132
1.81384
1.81575
1.81687
1.81712
1.81652
1.81514
1.81309
1.81051
1.80754
1.80434
1.80106
1.79779
1.79459
1.79143
1.78822
1.78478
1.78091
1.77646
1.77139
1.76589
1.76037
1.75549
1.75195
1.75026
1.75053
1.75241
1.75525
1.75837
1.7612
1.76342
1.76494
1.76586
1.76647
1.76716
1.76832
1.77023
1.77292
1.77624
1.77985
1.78334
1.78641
1.78886
1.79062
1.79173
1.79231
1.79247
1.79234
1.79202
1.79158
1.79106
1.79047
1.78982
1.7891
1.7883
1.78742
1.78643
1.78536
1.78419
1.78294
1.7816
1.78016
1.77864
1.777
1.77523
1.7733
1.77114
1.7687
1.76589
1.76266
1.75896
1.75484
1.75049
1.74627
1.74273
1.74049
1.74007
1.74167
1.74507
1.74971
1.7549
1.75999
1.76453
1.7683
1.77123
1.77339
1.77493
1.77598
1.77669
1.7772
1.7776
1.77795
1.77826
1.77853
1.77869
1.77865
1.77831
1.77753
1.77614
1.77397
1.77087
1.7667
1.76145
1.75525
1.74848
1.74183
1.73622
1.73262
1.73176
1.73394
1.73889
1.74596
1.75434
1.76321
1.7719
1.77989
1.78685
1.79258
1.79703
1.80024
1.80231
1.80337
1.80355
1.80297
1.80175
1.79999
1.79781
1.79529
1.79257
1.78976
1.787
1.78441
1.78209
1.78011
1.77848
1.7772
1.77619
1.77543
1.77488
1.77461
1.77473
1.77537
1.77667
1.77865
1.78127
1.78436
1.78772
1.79116
1.79454
1.79777
1.80082
1.80369
1.80634
1.80873
1.81075
1.81229
1.81318
1.8133
1.81251
1.81075
1.80807
1.80461
1.80071
1.79684
1.79362
1.79161
1.79125
1.79269
1.79577
1.80008
1.80506
1.81019
1.81502
1.81925
1.82274
1.82542
1.82734
1.82857
1.82921
1.82932
1.82896
1.82813
1.8268
1.82487
1.82226
1.81886
1.81463
1.80959
1.80395
1.79814
1.79281
1.78881
1.78692
1.78768
1.79114
1.79685
1.804
1.81168
1.81911
1.8257
1.83103
1.83473
1.83629
1.835
1.82985
1.81986
1.8048
1.78651
1.76982
1.761
1.76341
1.77481
1.78983
1.80437
1.81699
1.8278
1.83709
1.8448
1.85062
1.85429
1.85573
1.85513
1.85286
1.8495
1.84575
1.84237
1.83994
1.8388
1.83891
1.8399
1.84128
1.84256
1.84343
1.84376
1.8436
1.84311
1.84248
1.84191
1.84158
1.84158
1.84195
1.84267
1.84367
1.84487
1.84616
1.84746
1.8487
1.84981
1.85073
1.85143
1.85182
1.85186
1.85148
1.85061
1.8492
1.84722
1.84467
1.84161
1.83817
1.83451
1.83089
1.82756
1.82476
1.82265
1.82125
1.82047
1.82009
1.81982
1.8194
1.81865
1.81754
1.81623
1.81506
1.81434
1.8143
1.81494
1.81601
1.81712
1.81791
1.81813
1.81771
1.81674
1.81537
1.8138
1.81216
1.81056
1.80901
1.80751
1.80604
1.80465
1.8034
1.80239
1.80175
1.8016
1.80199
1.8029
1.80423
1.80585
1.80758
1.80924
1.81069
1.81181
1.81253
1.81283
1.81271
1.81222
1.81139
1.8103
1.809
1.80751
1.80583
1.80392
1.80173
1.79917
1.79613
1.79253
1.7883
1.78342
1.77791
1.77188
1.76553
1.75913
1.75306
1.74776
1.7436
1.74089
1.73976
1.74013
1.74175
1.74421
1.74707
1.7499
1.75229
1.75396
1.75474
1.75466
1.75395
1.75298
1.75228
1.75227
1.75321
1.75509
1.75765
1.76048
1.76318
1.76544
1.76709
1.76806
1.76835
1.76804
1.76721
1.76596
1.76437
1.76254
1.76056
1.75851
1.75646
1.75449
1.75265
1.75098
1.74954
1.74831
1.74732
1.74654
1.74595
1.74551
1.7452
1.74496
1.74477
1.7446
1.74443
1.74424
1.74402
1.74376
1.74346
1.74311
1.74272
1.74229
1.74181
1.74127
1.74066
1.73998
1.73921
1.73833
1.73734
1.73622
1.73498
1.73363
1.73221
1.73077
1.7294
1.72819
1.72722
1.7266
1.72637
1.72654
1.72707
1.72788
1.72881
1.72971
1.73041
1.73075
1.73062
1.73
1.72892
1.72753
1.72606
1.72477
1.72393
1.72371
1.72414
1.72515
1.72658
1.72824
1.72997
1.73172
1.7335
1.7354
1.73757
1.74013
1.74317
1.74667
1.75056
1.75468
1.75885
1.76285
1.76651
1.76968
1.77225
1.7741
1.77515
1.7753
1.77444
1.77245
1.76924
1.76478
1.75917
1.75273
1.74604
1.73991
1.73517
1.73237
1.73162
1.73249
1.73431
1.73643
1.73846
1.74028
1.74197
1.74369
1.74553
1.74754
1.74965
1.75178
1.75385
1.75585
1.7578
1.7598
1.7619
1.76419
1.76666
1.76929
1.77201
1.77475
1.77741
1.77993
1.7822
1.78416
1.78569
1.78666
1.7869
1.78622
1.78442
1.78134
1.7769
1.77118
1.7645
1.7574
1.7506
1.74487
1.74075
1.7385
1.73795
1.73863
1.7399
1.74115
1.74195
1.74219
1.74209
1.74206
1.74258
1.74396
1.74621
1.74902
1.75195
1.75455
1.75652
1.75775
1.75831
1.75835
1.7581
1.75774
1.75739
1.75708
1.75674
1.75627
1.75548
1.75421
1.75232
1.74972
1.74639
1.74246
1.73814
1.73376
1.72975
1.72653
1.72444
1.72368
1.72428
1.72607
1.72875
1.73195
1.80311
1.80614
1.80866
1.81051
1.81162
1.81201
1.81174
1.81094
1.80975
1.80833
1.80683
1.80538
1.80408
1.80298
1.80208
1.80134
1.80065
1.79992
1.79902
1.79788
1.79646
1.79475
1.79275
1.79044
1.78772
1.78448
1.78056
1.77593
1.77079
1.76559
1.76105
1.75802
1.75719
1.75889
1.76299
1.76891
1.77586
1.78309
1.78996
1.79611
1.80135
1.80567
1.80912
1.81181
1.81386
1.81535
1.81635
1.81691
1.81706
1.8168
1.81614
1.81509
1.81366
1.81185
1.80967
1.80713
1.80425
1.80107
1.79763
1.79401
1.79034
1.78675
1.78341
1.78039
1.77768
1.77512
1.77246
1.76948
1.76619
1.76292
1.76031
1.75907
1.75967
1.76212
1.76599
1.77071
1.77579
1.78093
1.78599
1.79089
1.79559
1.80002
1.80409
1.80776
1.81099
1.81376
1.8161
1.81802
1.81955
1.82075
1.82164
1.82226
1.82266
1.82285
1.82287
1.82273
1.82244
1.822
1.82141
1.82065
1.8197
1.81855
1.81716
1.81552
1.81362
1.81146
1.80906
1.8065
1.80383
1.80117
1.79865
1.79636
1.79442
1.79288
1.79176
1.79102
1.7906
1.79041
1.79035
1.79035
1.79035
1.79032
1.79027
1.79025
1.79037
1.79074
1.79152
1.79283
1.79476
1.79732
1.80042
1.80393
1.80764
1.81136
1.8149
1.81813
1.82094
1.82329
1.82512
1.8264
1.82711
1.8272
1.82664
1.82537
1.82336
1.82062
1.81718
1.81318
1.80883
1.80443
1.80034
1.79689
1.79435
1.79277
1.79189
1.79118
1.78987
1.78715
1.78255
1.77644
1.77037
1.76692
1.7685
1.77581
1.7873
1.80025
1.81221
1.82188
1.82895
1.83375
1.83683
1.83877
1.84006
1.84105
1.84198
1.84298
1.84405
1.84515
1.84615
1.84685
1.84703
1.84645
1.84488
1.84217
1.83833
1.83354
1.82815
1.82251
1.81687
1.81131
1.80608
1.80191
1.80008
1.80182
1.80738
1.81566
1.82474
1.83289
1.83915
1.84336
1.84586
1.84722
1.84801
1.84868
1.84953
1.85069
1.85218
1.85394
1.85585
1.85782
1.85975
1.86155
1.86314
1.86446
1.86541
1.86588
1.86573
1.86477
1.86278
1.85946
1.85448
1.84755
1.83855
1.82788
1.81672
1.80712
1.80144
1.80118
1.80609
1.81434
1.82367
1.83236
1.83956
1.84505
1.84899
1.85162
1.85324
1.85411
1.8545
1.85466
1.85485
1.85528
1.85609
1.85731
1.85888
1.86069
1.86255
1.8643
1.86577
1.86684
1.86743
1.86746
1.86689
1.86566
1.86373
1.86111
1.85782
1.85398
1.84978
1.84549
1.84138
1.83766
1.83442
1.83161
1.8291
1.82681
1.82485
1.8236
1.8236
1.82535
1.82899
1.83416
1.84016
1.84619
1.85159
1.85602
1.85936
1.8617
1.86321
1.86408
1.86448
1.86454
1.86435
1.86395
1.86339
1.86265
1.86173
1.86064
1.85938
1.85797
1.85643
1.85482
1.8532
1.85163
1.85019
1.84896
1.848
1.84737
1.84709
1.84717
1.8476
1.84832
1.84927
1.85038
1.85159
1.85284
1.85407
1.85526
1.8564
1.85746
1.85845
1.85937
1.86021
1.86095
1.86159
1.86207
1.86236
1.86241
1.86215
1.86153
1.86048
1.85897
1.85698
1.85456
1.85179
1.84881
1.8458
1.84298
1.84051
1.83857
1.83721
1.83641
1.83605
1.83588
1.8355
1.83435
1.83169
1.82678
1.81906
1.80875
1.7974
1.78806
1.78407
1.78697
1.79525
1.80552
1.81469
1.82123
1.82519
1.8275
1.82934
1.83167
1.83498
1.83931
1.84431
1.84952
1.85449
1.85892
1.86265
1.86568
1.8681
1.87005
1.87165
1.87303
1.87427
1.8754
1.87642
1.87731
1.87805
1.8786
1.87894
1.87906
1.87898
1.87871
1.87831
1.87781
1.87728
1.87676
1.87631
1.87596
1.8757
1.87554
1.87544
1.87536
1.87523
1.87501
1.87463
1.87407
1.87331
1.87232
1.87111
1.86964
1.86783
1.86558
1.86271
1.85905
1.85441
1.84868
1.84188
1.83419
1.82599
1.81782
1.81029
1.80397
1.79926
1.79633
1.79514
1.79558
1.79758
1.80113
1.80623
1.81272
1.82018
1.82805
1.83578
1.84296
1.84932
1.85475
1.8592
1.86265
1.86511
1.8666
1.86714
1.86679
1.86558
1.86355
1.86079
1.85745
1.85386
1.85047
1.84788
1.84661
1.84693
1.84875
1.85164
1.855
1.85826
1.86102
1.86305
1.86429
1.86473
1.86443
1.86343
1.86178
1.85951
1.85664
1.85322
1.84934
1.84515
1.84087
1.83677
1.83318
1.83042
1.82876
1.82842
1.82947
1.83186
1.83541
1.83984
1.84479
1.84991
1.85489
1.85949
1.86356
1.86703
1.8699
1.87221
1.87401
1.87539
1.87642
1.87717
1.87769
1.87805
1.87826
1.87837
1.87839
1.87832
1.87818
1.87796
1.87766
1.87729
1.87685
1.87636
1.87584
1.87531
1.87482
1.87442
1.87416
1.87409
1.87423
1.8746
1.87518
1.87592
1.87674
1.87755
1.87823
1.87865
1.87871
1.87831
1.8774
1.87599
1.87412
1.8719
1.86951
1.86714
1.865
1.86325
1.86201
1.86131
1.86107
1.86117
1.8614
1.86161
1.86169
1.86166
1.86165
1.86183
1.86239
1.86339
1.86479
1.8664
1.86798
1.86928
1.87013
1.87044
1.87023
1.86963
1.86879
1.86788
1.86705
1.86639
1.86596
1.86575
1.86574
1.86591
1.86628
1.86688
1.86779
1.86906
1.87074
1.87282
1.87523
1.87781
1.88038
1.88271
1.8846
1.88588
1.88646
1.88629
1.88539
1.88387
1.88184
1.87949
1.877
1.87455
1.87233
1.87045
1.869
1.86801
1.86748
1.86737
1.86762
1.86816
1.8689
1.86974
1.87055
1.87123
1.87166
1.87176
1.87148
1.87078
1.86968
1.86825
1.86658
1.86477
1.86293
1.86115
1.85949
1.85799
1.85667
1.85553
1.85458
1.85385
1.85334
1.85302
1.85284
1.85268
1.8524
1.85184
1.85087
1.84939
1.84744
1.84515
1.84277
1.84064
1.83904
1.8382
1.83822
1.83906
1.84063
1.84277
1.8453
1.84803
1.85076
1.85326
1.85535
1.85685
1.85765
1.85767
1.85687
1.85524
1.8528
1.8496
1.8457
1.84123
1.83636
1.83134
1.82648
1.82213
1.81862
1.81627
1.81526
1.8157
1.81753
1.82061
1.82466
1.82934
1.83429
1.83916
1.84368
1.84769
1.85109
1.85387
1.85607
1.85777
1.85904
1.85996
1.86061
1.86103
1.86128
1.86138
1.86136
1.86122
1.86095
1.86055
1.85999
1.85922
1.85822
1.85692
1.85529
1.85331
1.85098
1.84837
1.84562
1.84295
1.84061
1.83888
1.83797
1.83797
1.83879
1.84024
1.84205
1.84395
1.84573
1.84724
1.8484
1.84916
1.84949
1.84934
1.84864
1.84735
1.84545
1.84303
1.84029
1.83755
1.83526
1.83383
1.83358
1.8346
1.83676
1.83972
1.84307
1.84638
1.8492
1.8511
1.85163
1.8504
1.84718
1.84212
1.83596
1.83015
1.82646
1.82633
1.83003
1.83659
1.84434
1.85174
1.85782
1.86223
1.86501
1.86638
1.86666
1.8661
1.86495
1.86344
1.86174
1.86005
1.85853
1.85731
1.85649
1.85611
1.85614
1.85653
1.85717
1.85793
1.85868
1.85934
1.85981
1.86004
1.86001
1.85972
1.85918
1.85843
1.85753
1.85652
1.85546
1.85439
1.85333
1.8523
1.85129
1.85026
1.84921
1.84813
1.84703
1.84593
1.84491
1.84403
1.84338
1.84305
1.84311
1.84361
1.84459
1.84604
1.84794
1.85023
1.85282
1.85561
1.85846
1.86125
1.86381
1.86602
1.86775
1.86889
1.86937
1.86916
1.86827
1.86675
1.86471
1.86227
1.85958
1.85677
1.85396
1.85121
1.84855
1.84596
1.84344
1.84103
1.83886
1.83718
1.83633
1.83667
1.83841
1.84157
1.84591
1.851
1.85637
1.86158
1.86633
1.87044
1.87385
1.87659
1.8787
1.88028
1.8814
1.88214
1.88255
1.88268
1.88257
1.88223
1.88169
1.88094
1.88
1.87886
1.87754
1.87607
1.87449
1.87284
1.87123
1.86973
1.86846
1.86752
1.86701
1.86698
1.86746
1.86842
1.8698
1.87151
1.87345
1.87553
1.87764
1.87973
1.88175
1.88367
1.88548
1.88718
1.88879
1.89032
1.8918
1.89323
1.89463
1.89599
1.89728
1.89847
1.8995
1.90031
1.90085
1.90106
1.90092
1.90042
1.89959
1.89849
1.89721
1.89586
1.89456
1.89336
1.89232
1.89137
1.89041
1.88923
1.88756
1.88512
1.8816
1.87679
1.87061
1.86323
1.85516
1.84727
1.84075
1.83681
1.83638
1.83975
1.84644
1.85539
1.86529
1.87497
1.88358
1.89065
1.89605
1.89985
1.90222
1.90337
1.90347
1.90265
1.90099
1.89856
1.89546
1.89179
1.88776
1.88363
1.87975
1.87648
1.87413
1.87288
1.87276
1.87363
1.87523
1.87726
1.87942
1.88148
1.88327
1.8847
1.8857
1.88622
1.88615
1.88541
1.88385
1.88142
1.8781
1.87407
1.86967
1.86545
1.86206
1.86011
1.85998
1.86169
1.86487
1.86888
1.87304
1.87676
1.87967
1.88159
1.88252
1.88261
1.88204
1.88105
1.87985
1.87862
1.87751
1.8766
1.87592
1.87546
1.87515
1.87494
1.87472
1.87443
1.874
1.8734
1.87261
1.87163
1.87049
1.8692
1.86781
1.86634
1.86486
1.86343
1.86211
1.86101
1.86019
1.85973
1.85964
1.85987
1.86034
1.86091
1.86145
1.86183
1.86204
1.86217
1.86244
1.86314
1.86459
1.86698
1.87034
1.87447
1.87903
1.88357
1.8877
1.89106
1.89342
1.89459
1.89449
1.8931
1.89053
1.88709
1.88334
1.88006
1.8781
1.87811
1.88018
1.88381
1.88807
1.8919
1.89445
1.8952
1.89396
1.89093
1.88656
1.88155
1.87671
1.87283
1.87044
1.86977
1.87067
1.87278
1.87564
1.87883
1.88208
1.88524
1.88836
1.89162
1.89533
1.89976
1.90506
1.91119
1.91785
1.92464
1.93113
1.937
1.94203
1.9461
1.94918
1.95125
1.95233
1.95244
1.9517
1.95031
1.94855
1.9468
1.94543
1.94472
1.94478
