1.38363
1.38364
1.3836
1.38349
1.38335
1.38321
1.38309
1.38302
1.383
1.38303
1.3831
1.38317
1.38324
1.38331
1.38336
1.38339
1.38342
1.38342
1.38341
1.38339
1.38337
1.38335
1.38333
1.38332
1.38331
1.38332
1.38331
1.38331
1.38333
1.38334
1.38335
1.38336
1.38338
1.38341
1.38343
1.38347
1.38349
1.3835
1.38351
1.3835
1.38349
1.38346
1.38344
1.38342
1.38343
1.38345
1.3835
1.38358
1.38365
1.38372
1.38379
1.38382
1.38383
1.38382
1.3838
1.38373
1.38361
1.3834
1.38316
1.3829
1.38267
1.38253
1.38249
1.38255
1.38266
1.38277
1.38289
1.38298
1.38306
1.38314
1.3832
1.38326
1.38332
1.38338
1.38344
1.3835
1.38356
1.38362
1.38366
1.3837
1.38373
1.38375
1.38378
1.38384
1.38389
1.38397
1.38403
1.38403
1.38393
1.3837
1.38336
1.383
1.38271
1.38255
1.38252
1.38259
1.38271
1.38282
1.38294
1.38303
1.38309
1.38313
1.38315
1.38316
1.38318
1.38319
1.38321
1.38324
1.38328
1.38332
1.38337
1.38344
1.38349
1.38356
1.38362
1.38366
1.3837
1.38371
1.3837
1.38365
1.38358
1.38349
1.38339
1.3833
1.38323
1.38317
1.38313
1.3831
1.3831
1.38311
1.38317
1.38326
1.38338
1.38351
1.38364
1.38375
1.38381
1.38379
1.38367
1.38348
1.38323
1.38303
1.3829
1.38287
1.38291
1.383
1.38311
1.38322
1.38332
1.38341
1.38346
1.38351
1.38354
1.38355
1.38354
1.38352
1.3835
1.38347
1.38345
1.38344
1.38345
1.38348
1.38352
1.38357
1.38364
1.38373
1.38384
1.38396
1.38408
1.38414
1.38406
1.38379
1.38336
1.38289
1.38249
1.38229
1.38228
1.3824
1.38259
1.3828
1.38299
1.38314
1.38326
1.38336
1.38344
1.3835
1.38354
1.38357
1.3836
1.38361
1.3836
1.38358
1.38356
1.38353
1.3835
1.38345
1.3834
1.38335
1.38331
1.38325
1.38322
1.38318
1.38317
1.38317
1.38322
1.38327
1.38333
1.38339
1.38343
1.38345
1.38345
1.38344
1.38341
1.38339
1.38337
1.38335
1.38333
1.38329
1.38324
1.38319
1.38315
1.38312
1.38311
1.3831
1.38308
1.38306
1.38304
1.38302
1.38303
1.38304
1.38307
1.38312
1.38317
1.38323
1.38329
1.38333
1.38338
1.38341
1.38343
1.38345
1.38345
1.38346
1.38345
1.38346
1.38346
1.38347
1.38349
1.38352
1.38355
1.38359
1.38362
1.38364
1.38366
1.38368
1.38367
1.38365
1.38361
1.38355
1.38348
1.3834
1.38331
1.38323
1.38316
1.38313
1.38311
1.38312
1.38315
1.38319
1.38324
1.38329
1.38334
1.38341
1.38349
1.38359
1.3837
1.38384
1.38397
1.38404
1.38401
1.38386
1.3836
1.38328
1.38296
1.38273
1.38261
1.38259
1.38264
1.38273
1.38283
1.38293
1.38303
1.38312
1.38319
1.38324
1.38329
1.38332
1.38335
1.38336
1.38336
1.38336
1.38337
1.38336
1.38336
1.38336
1.38335
1.38334
1.38333
1.38332
1.3833
1.38329
1.38327
1.38327
1.38327
1.38327
1.38329
1.3833
1.38332
1.38336
1.38339
1.38343
1.38347
1.38351
1.38355
1.38356
1.38357
1.38358
1.38358
1.38358
1.38355
1.38353
1.38352
1.38348
1.38343
1.38334
1.38323
1.3831
1.38296
1.38286
1.38281
1.3828
1.38284
1.3829
1.38299
1.38308
1.38316
1.38323
1.38331
1.38338
1.38345
1.38352
1.38357
1.38363
1.38368
1.38374
1.38379
1.38382
1.38384
1.38385
1.38383
1.38381
1.38378
1.38374
1.38369
1.38365
1.38361
1.38356
1.3835
1.38342
1.38332
1.38321
1.38311
1.38303
1.38297
1.38294
1.38293
1.38296
1.38301
1.38305
1.3831
1.38315
1.38321
1.38327
1.3833
1.38332
1.38333
1.38332
1.38331
1.38327
1.38323
1.38318
1.38313
1.38309
1.38306
1.38305
1.38306
1.38308
1.38309
1.38311
1.38314
1.38317
1.38322
1.38326
1.38331
1.38336
1.38341
1.38346
1.38352
1.38356
1.38361
1.38363
1.38362
1.38359
1.38353
1.38344
1.38333
1.38323
1.38314
1.3831
1.38308
1.3831
1.38315
1.38323
1.38333
1.38344
1.38355
1.38365
1.38372
1.38374
1.38369
1.38358
1.38343
1.38328
1.38315
1.3831
1.38308
1.3831
1.38312
1.38313
1.38312
1.3831
1.38307
1.38305
1.38304
1.38304
1.38306
1.38308
1.38309
1.3831
1.38311
1.38312
1.38311
1.3831
1.38311
1.38311
1.38312
1.38312
1.38313
1.38315
1.38316
1.38318
1.38319
1.3832
1.38321
1.38322
1.38324
1.38325
1.38327
1.38328
1.3833
1.38331
1.38332
1.38334
1.38334
1.38334
1.38336
1.38337
1.38338
1.38339
1.38339
1.38339
1.3834
1.38341
1.38342
1.38343
1.38343
1.38344
1.38344
1.38343
1.3834
1.38335
1.38328
1.3832
1.38312
1.38305
1.383
1.38299
1.38301
1.38306
1.38313
1.38323
1.38335
1.38349
1.38362
1.38376
1.38386
1.38391
1.38387
1.38373
1.38352
1.38329
1.38306
1.3829
1.38281
1.38281
1.38285
1.38292
1.38301
1.38307
1.38312
1.38315
1.38316
1.38315
1.38314
1.38313
1.38312
1.38313
1.38314
1.38315
1.38316
1.38317
1.3832
1.38322
1.38326
1.38329
1.38332
1.38335
1.38337
1.38339
1.3834
1.3834
1.38339
1.38339
1.38338
1.38338
1.38337
1.38338
1.38341
1.38345
1.38352
1.38365
1.38379
1.38391
1.3839
1.38368
1.38326
1.38275
1.38234
1.38215
1.38216
1.38231
1.38252
1.38271
1.38288
1.38301
1.38311
1.38318
1.38325
1.38329
1.38332
1.38334
1.38337
1.38338
1.38339
1.38339
1.38338
1.38338
1.38338
1.38338
1.38337
1.38338
1.38338
1.38339
1.38341
1.38342
1.38342
1.38342
1.38339
1.38336
1.38332
1.38326
1.38322
1.38319
1.38317
1.38314
1.38312
1.3831
1.38308
1.38307
1.38306
1.38305
1.38305
1.38305
1.38306
1.38307
1.38308
1.38308
1.38309
1.3831
1.38311
1.38311
1.38312
1.38313
1.38313
1.38314
1.38315
1.38315
1.38317
1.3832
1.38323
1.38326
1.38328
1.38329
1.3833
1.3833
1.38329
1.38327
1.38325
1.38323
1.3832
1.38321
1.38323
1.38327
1.38334
1.38342
1.38351
1.38359
1.38366
1.3837
1.38369
1.38364
1.38355
1.3834
1.38323
1.38306
1.38294
1.38287
1.38286
1.38289
1.38294
1.38299
1.38303
1.38307
1.3831
1.3831
1.38311
1.38312
1.38313
1.38317
1.38321
1.38325
1.3833
1.38335
1.3834
1.38345
1.38349
1.38355
1.38362
1.38368
1.38372
1.38371
1.38366
1.38355
1.38337
1.38318
1.38297
1.38281
1.38271
1.38268
1.38272
1.38281
1.38292
1.38304
1.38316
1.38327
1.38338
1.38347
1.38356
1.38363
1.3837
1.38375
1.38379
1.38379
1.38377
1.3837
1.38359
1.38346
1.38331
1.38316
1.38303
1.38293
1.38289
1.38289
1.38293
1.38299
1.38307
1.38316
1.38326
1.38335
1.38343
1.38349
1.38352
1.38353
1.38351
1.38349
1.38344
1.38338
1.38333
1.38328
1.38324
1.38322
1.38322
1.38324
1.38327
1.38332
1.38336
1.38341
1.38347
1.38355
1.38364
1.38375
1.38387
1.38397
1.38405
1.38408
1.38403
1.38394
1.38379
1.38362
1.38344
1.38329
1.38317
1.38309
1.38304
1.38299
1.38297
1.38298
1.38298
1.38301
1.38304
1.38308
1.38314
1.38323
1.38336
1.38354
1.38375
1.384
1.38424
1.38436
1.38423
1.38383
1.38323
1.38268
1.38236
1.38232
1.38247
1.38271
1.38295
1.38316
1.38334
1.3835
1.38363
1.38375
1.38386
1.38397
1.38406
1.38414
1.38418
1.3842
1.38417
1.38411
1.38399
1.38385
1.38367
1.38347
1.38329
1.38313
1.38302
1.38296
1.38296
1.38298
1.38303
1.3831
1.38317
1.38322
1.38327
1.3833
1.38333
1.38333
1.38332
1.38331
1.38329
1.38328
1.38327
1.38329
1.38332
1.38337
1.38344
1.38352
1.38362
1.38373
1.38385
1.38396
1.38406
1.38415
1.38419
1.38415
1.38397
1.38367
1.38328
1.3829
1.38262
1.38251
1.38254
1.38265
1.38281
1.38296
1.38308
1.38318
1.38326
1.3833
1.38332
1.38333
1.38332
1.38331
1.3833
1.38328
1.38327
1.38328
1.38329
1.38332
1.38337
1.38343
1.38351
1.38363
1.3838
1.38401
1.3843
1.38466
1.38508
1.3855
1.38571
1.38541
1.38443
1.38302
1.38184
1.38132
1.38139
1.38177
1.38218
1.38253
1.38279
1.38297
1.38311
1.3832
1.38327
1.38331
1.38335
1.38339
1.38342
1.38344
1.38346
1.38347
1.38348
1.38349
1.38348
1.38349
1.38348
1.38347
1.38345
1.38343
1.38343
1.38341
1.3834
1.38339
1.38337
1.38335
1.38333
1.38332
1.3833
1.38331
1.38332
1.38336
1.38341
1.38351
1.38363
1.38378
1.38396
1.38414
1.38433
1.38445
1.38451
1.38447
1.38432
1.38407
1.38375
1.38339
1.38302
1.38272
1.3825
1.38242
1.38247
1.38261
1.38278
1.38297
1.38313
1.38324
1.38331
1.38334
1.38334
1.38334
1.38334
1.38334
1.38338
1.38343
1.38348
1.38354
1.3836
1.38363
1.38364
1.38364
1.38362
1.3836
1.38356
1.38352
1.3835
1.38349
1.3835
1.38351
1.38353
1.38356
1.38359
1.38362
1.38364
1.38363
1.38359
1.38354
1.38345
1.38334
1.3832
1.38309
1.38301
1.38297
1.38296
1.38299
1.38305
1.38312
1.38317
1.38323
1.3833
1.38336
1.3834
1.38343
1.38346
1.38349
1.38351
1.38352
1.38352
1.38352
1.38351
1.3835
1.38347
1.38344
1.38343
1.38341
1.3834
1.3834
1.38341
1.38342
1.38344
1.38347
1.38351
1.38356
1.3836
1.38362
1.3836
1.38354
1.38342
1.3833
1.38317
1.38308
1.38303
1.38304
1.38306
1.38312
1.38318
1.38323
1.38327
1.38329
1.38331
1.38331
1.3771
1.37707
1.37703
1.377
1.37697
1.37695
1.37694
1.37694
1.37694
1.37694
1.37694
1.37693
1.37693
1.37692
1.37691
1.37689
1.37689
1.3769
1.3769
1.37692
1.37693
1.37694
1.37698
1.37701
1.37705
1.37707
1.37713
1.37717
1.37722
1.37727
1.37731
1.37736
1.3774
1.37744
1.37748
1.37752
1.37759
1.37769
1.37781
1.37793
1.37803
1.37806
1.378
1.37781
1.37753
1.37723
1.37698
1.37682
1.37674
1.37674
1.37675
1.37675
1.37673
1.37669
1.37664
1.37662
1.37661
1.37664
1.37672
1.37684
1.377
1.37718
1.37739
1.37757
1.3777
1.37776
1.3777
1.37753
1.37731
1.37707
1.37688
1.37676
1.37673
1.37676
1.37684
1.37694
1.37704
1.37713
1.37722
1.37728
1.37733
1.37737
1.37739
1.37739
1.37738
1.37737
1.37733
1.37731
1.37728
1.37726
1.37725
1.37726
1.37727
1.37729
1.37732
1.37734
1.37737
1.37741
1.37744
1.37745
1.37746
1.37747
1.37748
1.37748
1.37748
1.37746
1.37745
1.37743
1.3774
1.37736
1.37732
1.37725
1.37717
1.37709
1.377
1.37691
1.37685
1.37681
1.37678
1.37679
1.37683
1.3769
1.37697
1.37705
1.37713
1.37721
1.37729
1.37737
1.37745
1.37749
1.37751
1.37751
1.37747
1.37742
1.37733
1.37726
1.37719
1.37715
1.37714
1.37713
1.37714
1.37716
1.37718
1.37721
1.37724
1.37728
1.37732
1.37739
1.37747
1.37757
1.37768
1.3778
1.37789
1.37793
1.37786
1.37767
1.37733
1.37694
1.37659
1.37638
1.37633
1.37638
1.3765
1.37663
1.37676
1.37687
1.37698
1.37708
1.37718
1.37727
1.37736
1.37741
1.37742
1.37736
1.37726
1.37709
1.37692
1.37677
1.37668
1.37663
1.37664
1.37668
1.37673
1.37679
1.37684
1.3769
1.37694
1.37699
1.37703
1.37709
1.37715
1.37722
1.37732
1.37741
1.37752
1.37764
1.37775
1.37785
1.37792
1.37797
1.37796
1.37791
1.37781
1.37768
1.37755
1.3774
1.37727
1.37714
1.37702
1.37689
1.37676
1.37665
1.37656
1.3765
1.37649
1.3765
1.37655
1.37662
1.3767
1.37677
1.37683
1.37687
1.3769
1.37692
1.37694
1.37696
1.37699
1.37704
1.37711
1.37719
1.37729
1.3774
1.37751
1.37758
1.37759
1.37755
1.37743
1.37725
1.37707
1.37692
1.37683
1.3768
1.37682
1.37689
1.37695
1.37701
1.37706
1.3771
1.37712
1.37715
1.37715
1.37716
1.37716
1.37716
1.37716
1.37716
1.37716
1.37715
1.37715
1.37715
1.37715
1.37716
1.37715
1.37715
1.37714
1.37713
1.37711
1.3771
1.37708
1.37706
1.37704
1.37701
1.37699
1.37697
1.37697
1.37696
1.37696
1.37697
1.37699
1.37701
1.37705
1.37709
1.37714
1.37718
1.37722
1.37724
1.37724
1.37721
1.37715
1.37708
1.37701
1.37696
1.37694
1.37694
1.37697
1.37702
1.37708
1.37715
1.37723
1.37732
1.37744
1.37757
1.37773
1.3779
1.37807
1.3782
1.37821
1.37806
1.37774
1.37731
1.37686
1.3765
1.37628
1.37621
1.37625
1.37636
1.37649
1.37665
1.37678
1.3769
1.37698
1.37702
1.37702
1.37699
1.37694
1.37688
1.37684
1.37682
1.37682
1.37686
1.37691
1.37698
1.37708
1.37718
1.37729
1.37738
1.37747
1.37756
1.37762
1.37766
1.37767
1.37765
1.37759
1.3775
1.37738
1.37726
1.37717
1.3771
1.37706
1.37704
1.37704
1.37706
1.37707
1.3771
1.37713
1.37716
1.37719
1.37721
1.37723
1.37725
1.37727
1.37728
1.37729
1.3773
1.3773
1.37731
1.3773
1.3773
1.3773
1.37732
1.37733
1.37737
1.37744
1.37755
1.37765
1.37774
1.37783
1.37789
1.37789
1.37784
1.37773
1.37755
1.37731
1.37704
1.37677
1.37656
1.37642
1.37636
1.37634
1.37639
1.37648
1.37661
1.37677
1.37694
1.37711
1.37726
1.37742
1.37755
1.37769
1.37781
1.37794
1.3781
1.37826
1.37837
1.3784
1.37829
1.37801
1.37763
1.37725
1.37699
1.37686
1.37685
1.37692
1.377
1.37706
1.37709
1.37708
1.37704
1.37699
1.37693
1.37687
1.37685
1.37685
1.37689
1.37697
1.37705
1.37716
1.37728
1.37738
1.37748
1.37755
1.37755
1.37749
1.37738
1.37724
1.37709
1.37698
1.37693
1.37693
1.37697
1.37704
1.37714
1.37724
1.37733
1.37741
1.37747
1.37749
1.3775
1.37747
1.3774
1.37731
1.37721
1.37709
1.37701
1.37695
1.37691
1.3769
1.37692
1.37697
1.37704
1.37711
1.37716
1.37722
1.37727
1.3773
1.3773
1.37729
1.37727
1.37724
1.37721
1.37716
1.37712
1.3771
1.37709
1.3771
1.37712
1.37713
1.37714
1.37715
1.37715
1.37714
1.3771
1.37706
1.377
1.37694
1.37691
1.37689
1.3769
1.37692
1.37697
1.37704
1.37709
1.37712
1.37712
1.3771
1.37704
1.37699
1.37695
1.37692
1.37693
1.37694
1.37696
1.37697
1.37698
1.37699
1.377
1.37702
1.37704
1.37707
1.37713
1.37719
1.37724
1.3773
1.37733
1.37735
1.37734
1.37731
1.37726
1.37721
1.37716
1.37714
1.37714
1.37716
1.37719
1.37723
1.37728
1.37733
1.37738
1.37743
1.37749
1.37753
1.37756
1.37758
1.37757
1.37753
1.37746
1.37737
1.37727
1.37717
1.37707
1.37698
1.37689
1.37684
1.37681
1.37679
1.37678
1.37679
1.3768
1.37683
1.37686
1.37691
1.37697
1.37704
1.37712
1.3772
1.37728
1.37737
1.37745
1.37754
1.37762
1.37771
1.37778
1.37782
1.37784
1.3778
1.37768
1.37749
1.37726
1.37703
1.37684
1.37674
1.37671
1.37676
1.37684
1.37694
1.37704
1.37714
1.37723
1.3773
1.37735
1.37739
1.37743
1.37743
1.37742
1.37739
1.37737
1.37732
1.3773
1.37728
1.37728
1.37728
1.37732
1.37738
1.37745
1.37753
1.37762
1.37769
1.37776
1.37778
1.37772
1.37761
1.37744
1.37724
1.37703
1.37686
1.37674
1.37668
1.37666
1.37669
1.37673
1.37679
1.37687
1.37694
1.37702
1.37709
1.37715
1.37719
1.37724
1.37726
1.37728
1.37728
1.37728
1.37728
1.37728
1.3773
1.37731
1.37732
1.37732
1.3773
1.37724
1.37716
1.37705
1.37697
1.37692
1.37692
1.37696
1.37705
1.37716
1.37728
1.37741
1.37751
1.37757
1.37761
1.37759
1.37753
1.37746
1.37737
1.37729
1.37724
1.37722
1.37724
1.37727
1.37729
1.37728
1.37721
1.37709
1.37696
1.37682
1.37673
1.37668
1.37669
1.37675
1.37683
1.37694
1.37705
1.37714
1.37722
1.37727
1.3773
1.3773
1.37728
1.37724
1.37718
1.37713
1.37707
1.37703
1.377
1.37699
1.37699
1.377
1.37702
1.37706
1.37711
1.37715
1.37719
1.37723
1.37727
1.37732
1.37735
1.37739
1.3774
1.37741
1.3774
1.37739
1.37736
1.37731
1.37725
1.37716
1.37707
1.37696
1.37687
1.3768
1.37676
1.37674
1.37675
1.37677
1.3768
1.37684
1.37688
1.37694
1.377
1.37707
1.37712
1.37717
1.3772
1.37724
1.37727
1.37728
1.37728
1.37727
1.37726
1.37723
1.3772
1.37716
1.37714
1.37711
1.37709
1.37709
1.37709
1.3771
1.3771
1.37713
1.37714
1.37717
1.37721
1.37724
1.37728
1.37732
1.37737
1.37743
1.37748
1.37753
1.37757
1.37759
1.37757
1.37752
1.37743
1.37731
1.37715
1.37698
1.37682
1.37668
1.37657
1.37651
1.37651
1.37653
1.37658
1.37666
1.37673
1.37682
1.3769
1.37698
1.37705
1.3771
1.37716
1.3772
1.37724
1.37726
1.37729
1.37731
1.37731
1.37733
1.37734
1.37736
1.37737
1.37741
1.37745
1.37752
1.3776
1.37768
1.37774
1.37776
1.37771
1.37758
1.37744
1.37733
1.37731
1.37738
1.37753
1.3777
1.37783
1.37787
1.37779
1.37759
1.37733
1.37706
1.37685
1.3767
1.37663
1.37663
1.37667
1.3767
1.37672
1.37673
1.37672
1.37671
1.3767
1.37671
1.37672
1.37674
1.37677
1.37682
1.37685
1.37689
1.37694
1.37698
1.37703
1.37708
1.37714
1.37717
1.37722
1.37724
1.37726
1.37726
1.37724
1.37721
1.37717
1.37712
1.37706
1.37702
1.37698
1.37695
1.37695
1.37695
1.37697
1.377
1.37704
1.37709
1.37715
1.37723
1.37732
1.37742
1.37751
1.3776
1.37768
1.37775
1.37778
1.37778
1.37775
1.37766
1.37752
1.37734
1.37711
1.37685
1.37662
1.37646
1.37638
1.37639
1.37647
1.37658
1.37671
1.37684
1.37695
1.37703
1.37708
1.37713
1.37716
1.37716
1.37717
1.37717
1.37717
1.37717
1.37716
1.37716
1.37715
1.37715
1.37715
1.37714
1.37714
1.37712
1.3771
1.37708
1.37706
1.37702
1.37699
1.37695
1.37691
1.37687
1.37685
1.37683
1.37682
1.37683
1.37685
1.37689
1.37695
1.377
1.37708
1.37716
1.37727
1.37738
1.3775
1.37763
1.37777
1.37789
1.37798
1.37801
1.37799
1.37791
1.37783
1.37775
1.37768
1.37759
1.37746
1.37725
1.377
1.37674
1.37653
1.37641
1.37641
1.37653
1.37672
1.37693
1.37713
1.37726
1.3773
1.37724
1.37712
1.37698
1.37685
1.37675
1.3767
1.3767
1.37672
1.37678
1.37684
1.37691
1.37697
1.37702
1.37707
1.3771
1.37714
1.37715
1.37716
1.37717
1.37717
1.37718
1.37719
1.3772
1.37723
1.37725
1.37728
1.37731
1.37733
1.37736
1.37738
1.37741
1.37742
1.37743
1.37744
1.37746
1.37748
1.37751
1.37756
1.37766
1.37782
1.37805
1.37834
1.37859
1.37866
1.37835
1.37764
1.37672
1.37601
1.37574
1.37582
1.3761
1.37642
1.37671
1.37693
1.37709
1.37721
1.37729
1.37734
1.37739
1.37742
1.37744
1.37746
1.37746
1.37744
1.37741
1.37737
1.37732
1.37728
1.37725
1.37724
1.37726
1.37727
1.37729
1.3773
1.37727
1.38952
1.38943
1.38934
1.38926
1.38919
1.38915
1.38915
1.38917
1.3892
1.38923
1.38926
1.3893
1.38934
1.38938
1.38942
1.38946
1.38949
1.38954
1.38959
1.38964
1.38968
1.38971
1.38973
1.38975
1.38974
1.38974
1.38971
1.38965
1.38959
1.38951
1.38942
1.38933
1.38924
1.38916
1.3891
1.38906
1.38905
1.38905
1.3891
1.38916
1.38922
1.38928
1.38934
1.38937
1.3894
1.38939
1.38937
1.38936
1.38933
1.38934
1.38938
1.38944
1.38952
1.38961
1.38969
1.38974
1.38974
1.38965
1.38953
1.38938
1.38925
1.38917
1.38915
1.38918
1.38926
1.38935
1.38944
1.38951
1.38956
1.38959
1.38958
1.38957
1.38955
1.38953
1.38953
1.38953
1.38954
1.38956
1.38957
1.38959
1.38959
1.3896
1.38961
1.38965
1.38968
1.38972
1.38975
1.38975
1.38966
1.3895
1.38926
1.389
1.38878
1.38862
1.38856
1.38857
1.38864
1.38874
1.38886
1.38898
1.38909
1.38919
1.38928
1.38936
1.38942
1.38949
1.38953
1.38958
1.38965
1.38973
1.38985
1.38999
1.39018
1.3904
1.39064
1.3908
1.39077
1.39046
1.38992
1.38928
1.38878
1.38856
1.38857
1.38871
1.3889
1.38909
1.38924
1.38937
1.38947
1.38956
1.38964
1.38973
1.38982
1.38992
1.39001
1.39008
1.39013
1.39013
1.39008
1.38998
1.38983
1.38967
1.38953
1.38943
1.38936
1.38933
1.38932
1.3893
1.38928
1.38925
1.3892
1.38914
1.38909
1.38907
1.38908
1.38913
1.38922
1.38934
1.38948
1.38963
1.38979
1.38996
1.39012
1.39026
1.3904
1.39048
1.3905
1.39043
1.39026
1.39001
1.3897
1.38941
1.38919
1.38909
1.38908
1.38917
1.38927
1.38937
1.38942
1.38944
1.38941
1.38936
1.38931
1.38927
1.38926
1.38927
1.3893
1.38934
1.38939
1.38945
1.3895
1.38957
1.38962
1.38967
1.38971
1.38973
1.38975
1.38974
1.3897
1.38964
1.38957
1.3895
1.38946
1.38945
1.38946
1.38951
1.38959
1.38969
1.38978
1.38986
1.38989
1.38985
1.38974
1.38958
1.38938
1.38919
1.38904
1.38897
1.38895
1.38899
1.38906
1.38915
1.38923
1.38932
1.38938
1.38943
1.38947
1.38951
1.38951
1.38953
1.38953
1.38952
1.38951
1.3895
1.38949
1.38948
1.38947
1.38945
1.38944
1.38942
1.38942
1.38939
1.38937
1.38934
1.38931
1.38929
1.38927
1.38927
1.38929
1.38931
1.38934
1.3894
1.38944
1.38949
1.38953
1.38955
1.38958
1.38962
1.38964
1.38966
1.38967
1.38966
1.38963
1.38955
1.38945
1.38932
1.3892
1.3891
1.38903
1.38901
1.38903
1.38909
1.38916
1.38924
1.38932
1.38938
1.38943
1.38947
1.38949
1.38949
1.38948
1.38945
1.38942
1.38938
1.38935
1.38932
1.3893
1.3893
1.38931
1.38931
1.38932
1.38934
1.38935
1.38935
1.38935
1.38935
1.38935
1.38933
1.3893
1.38929
1.3893
1.38931
1.38934
1.38939
1.38946
1.38954
1.38964
1.38977
1.3899
1.39004
1.39019
1.39034
1.39048
1.3906
1.39068
1.39067
1.39056
1.39033
1.38998
1.38957
1.38913
1.38878
1.38857
1.38854
1.38864
1.38885
1.38908
1.38929
1.38945
1.38955
1.38958
1.38951
1.38936
1.38917
1.38898
1.38886
1.38883
1.38889
1.38901
1.38918
1.38937
1.38956
1.38974
1.3899
1.39001
1.39007
1.39004
1.38993
1.38978
1.38961
1.38948
1.38936
1.3893
1.38926
1.38926
1.38929
1.38936
1.38948
1.38964
1.38982
1.38999
1.39012
1.39015
1.39006
1.38986
1.3896
1.38935
1.3892
1.38915
1.38918
1.38926
1.38933
1.3894
1.38944
1.38946
1.38946
1.38945
1.38943
1.38942
1.38939
1.38937
1.38936
1.38935
1.38935
1.38935
1.38936
1.38938
1.38941
1.38944
1.3895
1.38957
1.38968
1.38983
1.39003
1.39029
1.39056
1.3908
1.39089
1.39072
1.39027
1.38963
1.38902
1.38857
1.38833
1.38825
1.38831
1.38846
1.38866
1.38888
1.38914
1.38936
1.38958
1.38978
1.38995
1.39008
1.39017
1.39018
1.3901
1.38995
1.38977
1.3896
1.38952
1.38954
1.38964
1.38978
1.38987
1.38982
1.38963
1.3893
1.38891
1.3886
1.38843
1.38842
1.38853
1.3887
1.38889
1.38906
1.3892
1.38931
1.38941
1.38947
1.38952
1.38957
1.38962
1.38969
1.38977
1.38986
1.38993
1.39001
1.39006
1.39007
1.39004
1.38996
1.38989
1.38981
1.38978
1.38979
1.38982
1.38982
1.38979
1.3897
1.38955
1.38938
1.38923
1.38911
1.38903
1.38901
1.38903
1.38908
1.38917
1.38931
1.38947
1.38965
1.38985
1.39004
1.3902
1.3903
1.39029
1.39015
1.38991
1.38961
1.38932
1.38913
1.38904
1.38904
1.3891
1.38916
1.38922
1.38929
1.38935
1.38939
1.38944
1.38947
1.3895
1.38955
1.38959
1.38964
1.38969
1.38975
1.3898
1.38985
1.38989
1.3899
1.38987
1.38981
1.38972
1.3896
1.38948
1.38939
1.38934
1.38931
1.38932
1.38935
1.3894
1.38945
1.3895
1.38955
1.3896
1.38964
1.38968
1.38971
1.38973
1.38975
1.38974
1.38973
1.38971
1.38967
1.38963
1.3896
1.38956
1.38953
1.38951
1.3895
1.3895
1.38949
1.38948
1.38948
1.38945
1.38945
1.38943
1.38942
1.3894
1.38939
1.38937
1.38936
1.38934
1.38933
1.38931
1.38929
1.38928
1.38927
1.38925
1.38924
1.38924
1.38924
1.38925
1.38927
1.38929
1.38933
1.38938
1.38945
1.38956
1.38969
1.38986
1.39008
1.39029
1.39047
1.3905
1.39034
1.38996
1.38947
1.38903
1.38875
1.38864
1.38863
1.3887
1.38879
1.38888
1.38899
1.38912
1.38925
1.38937
1.3895
1.38961
1.3897
1.38979
1.38985
1.3899
1.38994
1.38996
1.38997
1.38999
1.38999
1.38999
1.38999
1.38995
1.38988
1.38975
1.38958
1.3894
1.38924
1.38914
1.3891
1.3891
1.38914
1.38921
1.38927
1.38932
1.38936
1.38939
1.38941
1.38943
1.38944
1.38944
1.38945
1.38946
1.38947
1.38948
1.3895
1.38951
1.38953
1.38954
1.38956
1.38956
1.38957
1.38957
1.38957
1.38957
1.38957
1.38957
1.38958
1.38959
1.38959
1.3896
1.38962
1.38964
1.38968
1.38973
1.38978
1.38986
1.38994
1.39004
1.39012
1.3902
1.39026
1.3903
1.3903
1.39023
1.39012
1.38996
1.38977
1.3896
1.38944
1.38932
1.38924
1.38918
1.38915
1.38915
1.38915
1.38919
1.38922
1.38926
1.3893
1.38933
1.38937
1.3894
1.38942
1.38943
1.38945
1.38947
1.38949
1.38951
1.38953
1.38956
1.3896
1.38964
1.38969
1.38971
1.38972
1.38971
1.38969
1.38966
1.38961
1.38957
1.38956
1.38957
1.38961
1.38966
1.38973
1.3898
1.38983
1.38982
1.38973
1.38959
1.38941
1.38925
1.38913
1.3891
1.38913
1.3892
1.38928
1.38938
1.38946
1.38953
1.38958
1.38962
1.38964
1.38967
1.3897
1.38972
1.38974
1.38977
1.38982
1.38987
1.38991
1.38993
1.38994
1.38991
1.38983
1.38972
1.38957
1.38944
1.38933
1.38926
1.38922
1.38922
1.38922
1.38925
1.38926
1.38927
1.38928
1.38929
1.3893
1.38931
1.38932
1.38934
1.38936
1.38939
1.38941
1.38944
1.38946
1.3895
1.38954
1.38957
1.38961
1.38965
1.38968
1.38972
1.38975
1.38977
1.3898
1.38982
1.38985
1.38988
1.3899
1.38991
1.38991
1.38986
1.38978
1.38968
1.38958
1.38953
1.38953
1.38958
1.38963
1.38967
1.38967
1.3896
1.38948
1.38934
1.38919
1.38907
1.38899
1.38895
1.38897
1.38902
1.3891
1.3892
1.38929
1.38937
1.38945
1.3895
1.38955
1.38959
1.38962
1.38963
1.38963
1.38962
1.38961
1.3896
1.38959
1.38958
1.38957
1.38957
1.38957
1.38957
1.3896
1.38962
1.38964
1.38967
1.38971
1.38977
1.3898
1.38984
1.38984
1.38984
1.38979
1.38971
1.38962
1.38951
1.38941
1.38932
1.38925
1.3892
1.38918
1.38917
1.38917
1.38918
1.3892
1.38924
1.38927
1.38931
1.38936
1.38942
1.38946
1.38953
1.38959
1.38967
1.38978
1.3899
1.39006
1.39024
1.39045
1.39067
1.39086
1.39098
1.39095
1.39071
1.39022
1.38956
1.38889
1.38837
1.38812
1.38811
1.38825
1.38848
1.38873
1.38895
1.38916
1.38933
1.38946
1.38955
1.38962
1.38967
1.38968
1.38968
1.38965
1.38962
1.38959
1.38957
1.38954
1.38954
1.38953
1.38954
1.38953
1.38953
1.38955
1.38957
1.3896
1.38962
1.38965
1.38969
1.38971
1.38971
1.38968
1.38963
1.38957
1.38949
1.38943
1.38941
1.38944
1.38949
1.38958
1.38969
1.3898
1.3899
1.38996
1.38994
1.38987
1.38973
1.38955
1.38937
1.38921
1.38911
1.38906
1.38905
1.3891
1.38918
1.38926
1.38937
1.38947
1.38957
1.38967
1.38976
1.38984
1.3899
1.38993
1.38992
1.38988
1.38982
1.38974
1.38965
1.38958
1.38952
1.38947
1.38941
1.38932
1.38921
1.38908
1.38896
1.38887
1.38884
1.38886
1.38893
1.38902
1.38914
1.38929
1.38943
1.38958
1.38971
1.38983
1.38991
1.38996
1.39
1.39002
1.39004
1.39004
1.39001
1.38991
1.38976
1.38958
1.38944
1.38937
1.38937
1.3894
1.38942
1.38937
1.38927
1.38914
1.38901
1.38892
1.38889
1.3889
1.38898
1.38908
1.38922
1.38938
1.38955
1.38972
1.38984
1.38991
1.38987
1.38974
1.38954
1.38932
1.38914
1.38908
1.3891
1.38919
1.38933
1.38948
1.38961
1.38972
1.38979
1.38983
1.38982
1.38977
1.3897
1.38961
1.38953
1.38949
1.38947
1.38949
1.38953
1.38957
1.38963
1.38967
1.38972
1.38976
1.38979
1.38982
1.38981
1.38981
1.38978
1.38973
1.38966
1.38958
1.3895
1.38944
1.38941
1.41169
1.41172
1.41174
1.41172
1.41163
1.41152
1.41142
1.41141
1.41152
1.41172
1.412
1.41231
1.4126
1.41279
1.4128
1.4126
1.41223
1.41178
1.41139
1.41112
1.41102
1.41102
1.4111
1.41121
1.41134
1.41145
1.41157
1.41167
1.41177
1.41187
1.41196
1.41204
1.41212
1.41219
1.41224
1.41229
1.41235
1.41238
1.41241
1.41242
1.41242
1.41238
1.4123
1.4122
1.41208
1.41194
1.4118
1.41169
1.4116
1.41153
1.4115
1.4115
1.41152
1.41156
1.41162
1.41167
1.41174
1.41179
1.41186
1.41191
1.41197
1.41202
1.41207
1.41211
1.41214
1.41214
1.41212
1.41209
1.41204
1.412
1.41199
1.41199
1.41204
1.41213
1.41222
1.4123
1.41233
1.4123
1.4122
1.41204
1.41185
1.41167
1.41151
1.41142
1.41137
1.41136
1.4114
1.41146
1.41154
1.41162
1.41169
1.41174
1.41177
1.41178
1.41176
1.41172
1.41166
1.41159
1.41155
1.41151
1.41151
1.41153
1.41158
1.41164
1.41174
1.41182
1.41191
1.41197
1.412
1.41199
1.41192
1.41181
1.41168
1.41157
1.41149
1.41145
1.41146
1.4115
1.41156
1.41164
1.41174
1.41184
1.41195
1.41204
1.41214
1.41222
1.41225
1.41221
1.41209
1.41191
1.41168
1.41147
1.41132
1.41125
1.41126
1.41132
1.4114
1.41148
1.41155
1.4116
1.41165
1.4117
1.41175
1.41181
1.41187
1.41195
1.41201
1.41204
1.41202
1.41194
1.41179
1.41161
1.41143
1.41129
1.41119
1.41115
1.41116
1.41119
1.41125
1.41131
1.41137
1.41143
1.41148
1.41154
1.41159
1.41163
1.41168
1.41172
1.41178
1.41183
1.41189
1.41194
1.412
1.41206
1.41212
1.41217
1.41222
1.41224
1.41224
1.4122
1.41212
1.41202
1.4119
1.41181
1.41176
1.41177
1.41182
1.41192
1.41202
1.41208
1.41205
1.41191
1.41168
1.41139
1.41109
1.41085
1.41071
1.41071
1.4108
1.41097
1.41116
1.41134
1.41151
1.41164
1.41175
1.41184
1.41193
1.412
1.41207
1.41214
1.41218
1.41222
1.41226
1.41227
1.41225
1.41223
1.41217
1.4121
1.41202
1.41191
1.41179
1.41169
1.41159
1.41152
1.41146
1.41142
1.41143
1.41147
1.41156
1.41168
1.41182
1.41199
1.41217
1.41237
1.41254
1.41264
1.41265
1.4125
1.4122
1.4118
1.41144
1.41121
1.41115
1.41124
1.41141
1.41161
1.41178
1.41189
1.41196
1.41197
1.41195
1.41189
1.41182
1.41175
1.41168
1.41162
1.41157
1.41155
1.41153
1.41152
1.41155
1.41159
1.41166
1.41173
1.41183
1.41193
1.41203
1.41211
1.41218
1.41221
1.41219
1.41213
1.41204
1.41195
1.41187
1.4118
1.41175
1.41172
1.41166
1.41161
1.41155
1.41148
1.41143
1.41143
1.41145
1.41148
1.41153
1.4116
1.41166
1.41173
1.41179
1.41184
1.41187
1.41192
1.41194
1.41195
1.41196
1.41196
1.41193
1.41189
1.41183
1.41178
1.41172
1.41167
1.41162
1.41159
1.41159
1.41161
1.41165
1.41174
1.41184
1.41196
1.41209
1.41218
1.4122
1.4121
1.41187
1.41157
1.41127
1.41103
1.41093
1.41093
1.41101
1.41113
1.41126
1.41138
1.41148
1.41158
1.41166
1.41174
1.41182
1.41189
1.41194
1.41198
1.412
1.412
1.412
1.41197
1.41194
1.4119
1.41187
1.41183
1.4118
1.41178
1.41176
1.41175
1.41176
1.41177
1.41178
1.41179
1.41179
1.41177
1.41173
1.41165
1.41157
1.41149
1.41142
1.41137
1.41135
1.41134
1.41135
1.41137
1.4114
1.41144
1.4115
1.41157
1.41164
1.41173
1.41183
1.4119
1.41197
1.41201
1.41203
1.41199
1.41191
1.41179
1.41165
1.41151
1.41139
1.4113
1.41126
1.41124
1.41126
1.41133
1.4114
1.41149
1.41158
1.41166
1.41175
1.41185
1.41194
1.41204
1.41213
1.41222
1.4123
1.41236
1.4124
1.41241
1.41238
1.41232
1.41223
1.41212
1.41202
1.41193
1.41186
1.41184
1.41186
1.4119
1.41198
1.41205
1.4121
1.41211
1.41207
1.41197
1.4118
1.41162
1.41142
1.41126
1.41113
1.41107
1.41106
1.41109
1.41114
1.41123
1.4113
1.41137
1.41144
1.41151
1.41156
1.41161
1.41165
1.4117
1.41172
1.41174
1.41176
1.41177
1.41178
1.4118
1.41182
1.41184
1.41185
1.41188
1.41192
1.41196
1.41201
1.41207
1.41212
1.41217
1.41219
1.41219
1.41214
1.41205
1.41193
1.41178
1.41163
1.4115
1.41142
1.41138
1.4114
1.41144
1.41151
1.41159
1.41168
1.41176
1.41182
1.41186
1.41188
1.41189
1.41189
1.41189
1.4119
1.41193
1.41195
1.41196
1.41198
1.41197
1.41194
1.41188
1.41179
1.41169
1.41158
1.4115
1.41145
1.41144
1.41147
1.41152
1.41158
1.41162
1.41164
1.41162
1.41156
1.4115
1.41145
1.41143
1.41144
1.41148
1.41157
1.41165
1.41174
1.4118
1.41185
1.41188
1.41187
1.41185
1.41183
1.4118
1.41179
1.41179
1.41181
1.41185
1.41187
1.41189
1.41189
1.41187
1.41183
1.41179
1.41177
1.41176
1.41179
1.41186
1.41192
1.41198
1.41202
1.41203
1.412
1.41194
1.41184
1.41174
1.41163
1.41153
1.41146
1.41143
1.41143
1.41145
1.41148
1.41152
1.41155
1.41158
1.4116
1.41163
1.41165
1.41166
1.41166
1.41167
1.41167
1.41166
1.41167
1.41168
1.41167
1.41167
1.41167
1.41168
1.41167
1.41167
1.41167
1.41167
1.41167
1.41168
1.41168
1.41168
1.41167
1.41167
1.41166
1.41165
1.41163
1.41161
1.41159
1.41158
1.41157
1.41155
1.41152
1.4115
1.41149
1.41149
1.41149
1.41151
1.41155
1.4116
1.4117
1.4118
1.41193
1.4121
1.4123
1.4125
1.41267
1.41275
1.41267
1.41235
1.41182
1.41121
1.4107
1.41042
1.41038
1.4105
1.41071
1.41093
1.41114
1.4113
1.41143
1.41153
1.41161
1.41169
1.41177
1.41184
1.41192
1.41199
1.41206
1.4121
1.41214
1.41214
1.41211
1.41207
1.41201
1.41194
1.41188
1.41183
1.4118
1.41179
1.4118
1.4118
1.41182
1.41184
1.41186
1.41187
1.41187
1.41186
1.41183
1.41177
1.41169
1.4116
1.41151
1.41143
1.41138
1.41136
1.41136
1.41139
1.41143
1.41148
1.41153
1.41158
1.41164
1.41168
1.41172
1.41176
1.41179
1.41181
1.41182
1.41182
1.41183
1.41183
1.41181
1.41181
1.4118
1.41181
1.41184
1.41188
1.41193
1.41202
1.4121
1.41221
1.4123
1.41236
1.41238
1.41235
1.4123
1.41225
1.41221
1.41218
1.41213
1.41202
1.41183
1.41159
1.41137
1.41121
1.41113
1.41112
1.41116
1.41122
1.41128
1.41135
1.4114
1.41147
1.41153
1.41159
1.41166
1.41172
1.41177
1.41182
1.41185
1.41188
1.41188
1.41189
1.41188
1.41188
1.4119
1.41194
1.41199
1.41206
1.41214
1.41223
1.41234
1.41245
1.41254
1.4126
1.41259
1.41253
1.4124
1.41219
1.41196
1.41172
1.41153
1.4114
1.41132
1.41131
1.41133
1.41138
1.41143
1.41148
1.41153
1.41158
1.41163
1.41167
1.41172
1.41177
1.41183
1.41189
1.41194
1.412
1.41205
1.41209
1.4121
1.4121
1.4121
1.41209
1.41207
1.41205
1.41202
1.41199
1.41197
1.41197
1.41197
1.41199
1.41201
1.41205
1.41208
1.41209
1.41206
1.41198
1.41185
1.41171
1.41159
1.41151
1.41148
1.41151
1.41159
1.4117
1.41183
1.41198
1.4121
1.41223
1.41233
1.41241
1.41247
1.41247
1.41241
1.41231
1.41216
1.41196
1.41176
1.41159
1.41149
1.41145
1.41148
1.41158
1.41169
1.41184
1.41198
1.4121
1.41219
1.41221
1.41221
1.41214
1.41201
1.41185
1.4117
1.41157
1.41148
1.41145
1.41147
1.41152
1.41159
1.41167
1.41176
1.41183
1.4119
1.41196
1.412
1.41204
1.41207
1.41209
1.41212
1.41214
1.41214
1.41212
1.41208
1.41201
1.41192
1.41182
1.41172
1.41166
1.41164
1.41165
1.41167
1.41169
1.41171
1.41171
1.41169
1.41167
1.41163
1.41159
1.41158
1.41157
1.4116
1.41165
1.41172
1.4118
1.41189
1.41197
1.41202
1.41202
1.41199
1.41192
1.41183
1.41175
1.41171
1.41171
1.41176
1.41186
1.41201
1.4122
1.41242
1.41271
1.413
1.41322
1.41326
1.41295
1.41231
1.4115
1.41082
1.41048
1.41045
1.41062
1.41088
1.41112
1.41133
1.41147
1.41158
1.41163
1.41166
1.41167
1.41168
1.41171
1.41175
1.41183
1.41194
1.41206
1.4122
1.41233
1.41238
1.4123
1.41208
1.41175
1.4114
1.41114
1.41102
1.41104
1.41115
1.41129
1.41144
1.41157
1.41167
1.41173
1.41178
1.41181
1.41183
1.41185
1.41186
1.41187
1.41189
1.41188
1.41189
1.41188
1.41185
1.41181
1.41177
1.41171
1.41165
1.41159
1.41152
1.41148
1.41143
1.41139
1.41139
1.41139
1.41141
1.41144
1.41149
1.41154
1.41159
1.41165
1.4117
1.41175
1.41178
1.41181
1.41184
1.41185
1.41187
1.41188
1.41187
1.41187
1.41185
1.41185
1.41184
1.41183
1.41183
1.41183
1.41184
1.41186
1.41189
1.41192
1.41195
1.41197
1.412
1.41201
1.41199
1.41193
1.41182
1.41167
1.4115
1.41132
1.41115
1.41103
1.41098
1.411
1.41106
1.41118
1.4113
1.41144
1.41158
1.41171
1.41184
1.41195
1.41206
1.41214
1.4122
1.41222
1.41222
1.41219
1.41216
1.41214
1.41215
1.41218
1.41222
1.41223
1.41221
1.41211
1.41198
1.41181
1.41165
1.41154
1.41146
1.41143
1.41144
1.41146
1.4115
1.41154
1.41159
1.41163
1.41167
1.41168
1.41172
1.41174
1.41176
1.41177
1.41179
1.4118
1.41184
1.41189
1.41197
1.41208
1.41223
1.41241
1.41258
1.41271
1.41272
1.41256
1.41225
1.41188
1.41162
1.41155
1.45872
1.45889
1.45902
1.4591
1.45908
1.45902
1.45895
1.45891
1.45887
1.45881
1.4587
1.45858
1.45846
1.45838
1.45835
1.45838
1.45842
1.45849
1.45857
1.45863
1.45868
1.45872
1.45875
1.45876
1.45878
1.45881
1.45882
1.45884
1.45886
1.4589
1.45893
1.45899
1.45906
1.45912
1.45919
1.45925
1.45928
1.45927
1.45923
1.45914
1.45905
1.45899
1.45897
1.459
1.45905
1.45908
1.45905
1.45893
1.45875
1.45858
1.45846
1.45845
1.45852
1.45867
1.45887
1.45907
1.45925
1.45937
1.45938
1.45924
1.45894
1.45857
1.45825
1.45805
1.45801
1.45807
1.45822
1.45837
1.45852
1.45863
1.45872
1.45879
1.45882
1.45884
1.45885
1.45885
1.45886
1.45887
1.45887
1.45887
1.45887
1.45887
1.45888
1.45889
1.4589
1.45891
1.45892
1.45892
1.45891
1.45889
1.45887
1.45883
1.4588
1.45876
1.45872
1.45868
1.45864
1.45859
1.45856
1.45852
1.45849
1.45847
1.45846
1.45849
1.45853
1.45861
1.45872
1.45885
1.459
1.45916
1.4593
1.45941
1.4595
1.45954
1.45955
1.45955
1.45953
1.45949
1.45939
1.45915
1.45882
1.45849
1.4583
1.45831
1.45844
1.45853
1.45851
1.45837
1.4582
1.45807
1.45803
1.45807
1.45815
1.45826
1.45839
1.45853
1.45867
1.4588
1.45891
1.45898
1.45904
1.45908
1.45909
1.45908
1.45905
1.459
1.45893
1.45886
1.45877
1.4587
1.45864
1.45857
1.45852
1.45847
1.45845
1.45846
1.45848
1.45853
1.45859
1.45865
1.45872
1.4588
1.45887
1.45894
1.45898
1.459
1.45902
1.45901
1.459
1.45898
1.45895
1.45892
1.4589
1.45889
1.45889
1.45892
1.45896
1.45901
1.45903
1.45902
1.45896
1.45887
1.45875
1.45864
1.45853
1.45844
1.45838
1.45836
1.45839
1.45844
1.45851
1.45859
1.4587
1.4588
1.45889
1.45898
1.45905
1.45908
1.45908
1.45905
1.45897
1.45888
1.45878
1.45869
1.45863
1.45859
1.45859
1.4586
1.45864
1.45868
1.45872
1.45875
1.45878
1.45879
1.45879
1.45879
1.4588
1.4588
1.45881
1.45885
1.45893
1.45903
1.45915
1.45928
1.45936
1.45935
1.4592
1.4589
1.45851
1.45818
1.45799
1.45797
1.45808
1.45827
1.45847
1.45868
1.45885
1.459
1.45909
1.45913
1.45911
1.45904
1.45893
1.45882
1.45873
1.45867
1.45864
1.45863
1.45864
1.45864
1.45861
1.45858
1.45855
1.45851
1.45848
1.45846
1.45845
1.45844
1.45846
1.45848
1.45851
1.45855
1.45859
1.45863
1.45866
1.45869
1.45872
1.45876
1.4588
1.45883
1.45885
1.45887
1.45887
1.45886
1.45886
1.45886
1.45885
1.45884
1.45882
1.4588
1.45878
1.45876
1.45875
1.45873
1.45871
1.45868
1.45865
1.45861
1.45858
1.45854
1.45851
1.45849
1.45848
1.45849
1.45852
1.45857
1.45863
1.45869
1.45873
1.45875
1.45876
1.45874
1.45871
1.45868
1.45867
1.45869
1.45876
1.45885
1.45894
1.45902
1.45906
1.459
1.45885
1.45863
1.4584
1.45823
1.45816
1.45819
1.45829
1.45843
1.45858
1.45872
1.45885
1.45895
1.459
1.45904
1.45905
1.45904
1.45903
1.45901
1.45899
1.45896
1.45895
1.45892
1.45888
1.45881
1.45871
1.45859
1.45845
1.45834
1.45826
1.45821
1.45821
1.45823
1.45827
1.45833
1.45839
1.45844
1.45849
1.45853
1.45855
1.45858
1.45861
1.45861
1.45861
1.4586
1.45859
1.45858
1.45858
1.45859
1.4586
1.45863
1.45866
1.45872
1.45879
1.45888
1.45898
1.45909
1.4592
1.45926
1.45924
1.45913
1.4589
1.45863
1.45838
1.45821
1.45815
1.45816
1.45826
1.45837
1.45849
1.45858
1.45866
1.45873
1.45878
1.45882
1.45884
1.45885
1.45885
1.45885
1.45883
1.4588
1.45876
1.4587
1.45863
1.45857
1.45851
1.45845
1.45841
1.45838
1.45836
1.45835
1.45835
1.45837
1.4584
1.45842
1.45845
1.45849
1.45853
1.4586
1.45869
1.45882
1.45899
1.45915
1.45933
1.45942
1.45938
1.45916
1.45881
1.45843
1.45814
1.458
1.45802
1.45811
1.45826
1.45838
1.45848
1.45857
1.45864
1.45871
1.45881
1.45892
1.45906
1.45922
1.45936
1.45948
1.45955
1.45953
1.45941
1.45916
1.45879
1.45834
1.45791
1.45761
1.45749
1.45756
1.45773
1.45794
1.45815
1.45835
1.4585
1.45863
1.45874
1.45886
1.45899
1.45912
1.45924
1.45934
1.45939
1.45938
1.45928
1.4591
1.45887
1.45863
1.45842
1.45826
1.45818
1.45816
1.45819
1.45826
1.45835
1.45843
1.45852
1.45861
1.4587
1.45879
1.4589
1.45902
1.45912
1.45922
1.45927
1.45927
1.4592
1.45904
1.45882
1.45856
1.45829
1.45807
1.45792
1.45787
1.45789
1.45797
1.45808
1.4582
1.45833
1.45845
1.45856
1.45867
1.45879
1.45892
1.45904
1.45913
1.45917
1.45913
1.45902
1.45885
1.4587
1.4586
1.45858
1.45867
1.45881
1.45895
1.45906
1.4591
1.45904
1.4589
1.45871
1.45854
1.45841
1.45835
1.45837
1.45845
1.45854
1.45863
1.45873
1.4588
1.45884
1.45886
1.45884
1.4588
1.45873
1.45866
1.45858
1.4585
1.45844
1.4584
1.45839
1.4584
1.45842
1.45847
1.45852
1.45857
1.45864
1.45869
1.45875
1.45881
1.45891
1.45902
1.45918
1.45937
1.45961
1.45983
1.45999
1.45997
1.45968
1.45915
1.45855
1.45809
1.45788
1.45792
1.45806
1.45821
1.45835
1.45846
1.45852
1.45857
1.4586
1.45861
1.45861
1.4586
1.4586
1.4586
1.45861
1.45862
1.45864
1.45866
1.45869
1.45873
1.45876
1.45879
1.45881
1.45882
1.45882
1.45882
1.45881
1.45878
1.45876
1.45874
1.45873
1.45871
1.45871
1.4587
1.45871
1.45872
1.45872
1.45872
1.4587
1.45869
1.45866
1.45864
1.45862
1.45862
1.45862
1.45863
1.45864
1.45865
1.45867
1.45867
1.45867
1.45867
1.45867
1.45867
1.45868
1.45869
1.4587
1.45872
1.45874
1.45877
1.45878
1.45879
1.4588
1.45879
1.45877
1.45874
1.45873
1.45872
1.45874
1.45876
1.45881
1.45887
1.45892
1.45897
1.45901
1.45903
1.45902
1.459
1.45894
1.45887
1.4588
1.45874
1.45866
1.4586
1.45856
1.45854
1.45854
1.45855
1.45858
1.4586
1.45864
1.4587
1.45874
1.45879
1.45882
1.45887
1.45888
1.4589
1.45888
1.45883
1.45878
1.45871
1.45863
1.45858
1.45855
1.45855
1.45857
1.45863
1.45873
1.45883
1.45893
1.459
1.45903
1.45901
1.45895
1.45885
1.45876
1.45867
1.45859
1.45854
1.45852
1.45851
1.45855
1.45861
1.45871
1.45882
1.45893
1.45903
1.45909
1.45909
1.45905
1.45897
1.45889
1.45882
1.45878
1.45877
1.45878
1.45881
1.45883
1.45885
1.45888
1.45889
1.45889
1.45888
1.45882
1.45874
1.45864
1.45854
1.45845
1.45839
1.45835
1.45836
1.4584
1.45845
1.45853
1.45859
1.45867
1.45875
1.45881
1.45886
1.45888
1.4589
1.4589
1.45888
1.45885
1.45882
1.45881
1.45883
1.45887
1.45895
1.45905
1.45918
1.45931
1.45942
1.45948
1.45949
1.45937
1.45916
1.45888
1.45859
1.45835
1.45819
1.45813
1.45814
1.45819
1.45827
1.45838
1.45849
1.45859
1.45868
1.45876
1.45884
1.45895
1.45904
1.45912
1.45921
1.45929
1.45938
1.45944
1.45949
1.45951
1.45949
1.45943
1.45934
1.45922
1.45906
1.45888
1.45865
1.45841
1.45815
1.45793
1.45778
1.45775
1.45782
1.458
1.45822
1.45846
1.45864
1.45879
1.45886
1.45889
1.4589
1.45894
1.45906
1.45929
1.45959
1.45988
1.46002
1.45983
1.45932
1.45867
1.45816
1.45797
1.45807
1.45828
1.45849
1.45863
1.4587
1.45871
1.4587
1.45869
1.45869
1.45871
1.45876
1.45881
1.45886
1.45891
1.45897
1.45902
1.45907
1.45912
1.45916
1.45918
1.45918
1.45917
1.45914
1.4591
1.45908
1.4591
1.45913
1.45922
1.45933
1.45944
1.45953
1.45958
1.4596
1.4596
1.45954
1.45944
1.4593
1.45914
1.45896
1.45878
1.45862
1.45849
1.45837
1.45826
1.45818
1.45814
1.45814
1.45818
1.45827
1.45836
1.45847
1.45858
1.45867
1.45876
1.45883
1.45889
1.45895
1.459
1.45904
1.45908
1.4591
1.45913
1.45914
1.45915
1.45915
1.45915
1.45915
1.45915
1.45914
1.45914
1.45915
1.45915
1.45916
1.45914
1.45913
1.45909
1.45905
1.45901
1.45897
1.45895
1.45894
1.45893
1.45894
1.45897
1.45901
1.45908
1.45916
1.45923
1.45928
1.45927
1.4592
1.45904
1.45879
1.45852
1.45824
1.45804
1.45794
1.45793
1.45802
1.45816
1.45831
1.45845
1.45859
1.4587
1.45879
1.45889
1.45896
1.45904
1.45911
1.45919
1.45927
1.45936
1.45944
1.45952
1.45956
1.45955
1.45948
1.45936
1.45917
1.45897
1.45879
1.45867
1.45861
1.45859
1.4586
1.45863
1.45865
1.45865
1.45862
1.4586
1.45859
1.45861
1.45864
1.45873
1.45883
1.45894
1.45905
1.45914
1.45919
1.45918
1.45913
1.45905
1.45894
1.45882
1.45871
1.4586
1.45854
1.4585
1.45851
1.45856
1.45863
1.45872
1.45882
1.45892
1.45902
1.45911
1.45918
1.45922
1.45926
1.45928
1.45925
1.45922
1.45916
1.45908
1.45899
1.4589
1.4588
1.45872
1.45865
1.45859
1.45855
1.45854
1.45855
1.45857
1.4586
1.45863
1.45867
1.45871
1.45876
1.45882
1.45886
1.45889
1.45892
1.45896
1.459
1.45902
1.45906
1.45907
1.45909
1.45911
1.45911
1.45912
1.45912
1.45911
1.45909
1.45906
1.45903
1.45899
1.45895
1.45891
1.45887
1.45885
1.45882
1.4588
1.45879
1.45878
1.45877
1.45878
1.45878
1.41984
1.41985
1.41986
1.41987
1.41988
1.4199
1.4199
1.41992
1.41992
1.41992
1.41992
1.41991
1.4199
1.41989
1.41987
1.41987
1.41988
1.41986
1.41985
1.41985
1.41985
1.41986
1.41987
1.41988
1.41991
1.41993
1.41997
1.42001
1.4201
1.42019
1.42031
1.42041
1.42051
1.42054
1.42049
1.42031
1.42005
1.41974
1.41947
1.4193
1.41925
1.41928
1.41937
1.41947
1.41957
1.41965
1.41972
1.41975
1.41975
1.41975
1.41974
1.4197
1.41967
1.41967
1.41969
1.41974
1.41982
1.41992
1.42005
1.42022
1.4204
1.42061
1.42084
1.42106
1.42123
1.42132
1.42129
1.42112
1.42085
1.42054
1.42019
1.41982
1.41944
1.41909
1.41879
1.41862
1.41856
1.41863
1.4188
1.41902
1.41926
1.4195
1.41972
1.4199
1.42004
1.42014
1.42021
1.42023
1.42021
1.42017
1.42011
1.42003
1.41995
1.41986
1.41977
1.4197
1.41964
1.41959
1.41958
1.41958
1.4196
1.41963
1.41967
1.41971
1.41975
1.41979
1.41984
1.4199
1.41997
1.42004
1.42013
1.42022
1.42034
1.42046
1.42057
1.42068
1.42076
1.42079
1.42077
1.4207
1.42056
1.42036
1.4201
1.41981
1.41952
1.41926
1.41906
1.41892
1.41885
1.41885
1.41893
1.41904
1.41919
1.41937
1.41954
1.41973
1.41989
1.42005
1.42019
1.42031
1.4204
1.42045
1.42046
1.42042
1.42032
1.42021
1.42009
1.41997
1.41989
1.41982
1.41978
1.41977
1.41978
1.41981
1.41985
1.41989
1.41992
1.41996
1.41997
1.41999
1.41996
1.41992
1.41987
1.4198
1.41974
1.41968
1.41963
1.41961
1.41959
1.41958
1.41958
1.41959
1.4196
1.41961
1.41962
1.41965
1.41968
1.41972
1.41976
1.41981
1.41985
1.41988
1.41992
1.41995
1.41997
1.41998
1.41998
1.41996
1.41996
1.41994
1.41993
1.41991
1.41989
1.41986
1.41984
1.4198
1.41977
1.41975
1.41974
1.41972
1.41973
1.41974
1.41977
1.41982
1.41986
1.4199
1.41996
1.42002
1.42008
1.42013
1.42019
1.42021
1.42023
1.42022
1.42018
1.42011
1.42002
1.41993
1.41983
1.41975
1.4197
1.41967
1.41967
1.41968
1.41971
1.41975
1.41978
1.41981
1.41982
1.41982
1.4198
1.41978
1.41974
1.41972
1.41971
1.41972
1.41974
1.41977
1.41981
1.41985
1.4199
1.41992
1.41994
1.41994
1.41994
1.41991
1.41988
1.41986
1.41983
1.4198
1.41978
1.41979
1.4198
1.41983
1.41985
1.41986
1.41986
1.41985
1.41986
1.41993
1.42003
1.42016
1.42031
1.42044
1.42051
1.42046
1.42031
1.42003
1.41971
1.41942
1.41922
1.41913
1.41916
1.41929
1.4195
1.41974
1.41999
1.4202
1.42033
1.42038
1.42035
1.42026
1.42015
1.42005
1.41996
1.41988
1.41979
1.41968
1.41958
1.41951
1.41946
1.41947
1.4195
1.41956
1.41963
1.4197
1.41978
1.41983
1.41988
1.41992
1.41995
1.41998
1.41999
1.42
1.41999
1.41999
1.41997
1.41995
1.41992
1.4199
1.41989
1.41987
1.41987
1.41987
1.41988
1.4199
1.41994
1.41998
1.42003
1.42006
1.42007
1.42006
1.42002
1.41992
1.41982
1.41974
1.4197
1.41967
1.41969
1.41973
1.41981
1.41989
1.41998
1.42007
1.42018
1.42033
1.42049
1.42065
1.42078
1.42081
1.42066
1.42031
1.41981
1.41931
1.41892
1.41876
1.4188
1.419
1.41929
1.41961
1.41994
1.42026
1.42055
1.42077
1.42088
1.42085
1.42067
1.42035
1.41997
1.41958
1.41929
1.41915
1.41915
1.41925
1.41941
1.41959
1.41975
1.41987
1.41993
1.41996
1.41995
1.41991
1.41986
1.41982
1.41978
1.41977
1.41979
1.41985
1.41992
1.42
1.42012
1.42023
1.42036
1.42049
1.4206
1.42068
1.42071
1.42067
1.42057
1.4204
1.4202
1.42
1.41985
1.41976
1.41973
1.41976
1.41983
1.41987
1.41989
1.4199
1.41987
1.41984
1.41981
1.4198
1.41981
1.41984
1.41989
1.41994
1.41999
1.42004
1.42007
1.42011
1.42013
1.42016
1.42019
1.4202
1.42021
1.42022
1.42022
1.42022
1.42022
1.42021
1.4202
1.42019
1.42017
1.42016
1.42013
1.42011
1.4201
1.42008
1.42006
1.42004
1.42003
1.42002
1.42002
1.42001
1.42001
1.42001
1.42001
1.42
1.42001
1.42001
1.42002
1.42002
1.42003
1.42004
1.42004
1.42004
1.42003
1.42004
1.42003
1.42002
1.42001
1.42
1.41999
1.41998
1.41998
1.41997
1.41998
1.41999
1.41999
1.41999
1.41999
1.42
1.42001
1.42003
1.42004
1.42006
1.42008
1.42011
1.42014
1.42017
1.42021
1.42026
1.4203
1.42033
1.42036
1.42037
1.42035
1.42032
1.42025
1.42016
1.42005
1.41992
1.41981
1.41969
1.41959
1.41953
1.41951
1.41951
1.41953
1.41959
1.41964
1.4197
1.41976
1.41982
1.41987
1.41991
1.41994
1.41997
1.41999
1.42002
1.42002
1.42001
1.42001
1.42
1.41999
1.41997
1.41996
1.41996
1.41996
1.41998
1.42
1.42004
1.4201
1.42017
1.42027
1.42039
1.42054
1.42068
1.42081
1.42086
1.42081
1.42064
1.42034
1.41997
1.4196
1.4193
1.41912
1.41907
1.41912
1.41922
1.41937
1.41951
1.41963
1.41975
1.41984
1.4199
1.41995
1.41998
1.42
1.42001
1.42001
1.41999
1.41996
1.41994
1.41992
1.41989
1.41987
1.41986
1.41986
1.41986
1.41986
1.41988
1.41988
1.41991
1.41991
1.41992
1.41993
1.41993
1.41993
1.41993
1.41993
1.41995
1.42
1.4201
1.42026
1.42046
1.42068
1.42086
1.4209
1.42074
1.42039
1.41998
1.41968
1.41958
1.41966
1.41981
1.41996
1.42003
1.42002
1.41995
1.41985
1.41975
1.41971
1.41973
1.41981
1.41993
1.4201
1.42027
1.42043
1.42051
1.42047
1.42027
1.41994
1.4196
1.41938
1.41936
1.41951
1.41974
1.41998
1.42013
1.42017
1.42007
1.41989
1.41971
1.41958
1.41951
1.41951
1.41955
1.4196
1.41967
1.41973
1.41979
1.41986
1.41993
1.42
1.42005
1.4201
1.42015
1.42017
1.42016
1.42014
1.42011
1.4201
1.42012
1.42018
1.42026
1.42037
1.42044
1.42046
1.42034
1.4201
1.41978
1.41952
1.41938
1.41937
1.41948
1.41963
1.41976
1.41983
1.41983
1.41977
1.41969
1.41963
1.4196
1.41961
1.41964
1.41967
1.41971
1.41973
1.41976
1.41982
1.41992
1.4201
1.42036
1.42061
1.42074
1.42059
1.4201
1.4194
1.41878
1.41851
1.41859
1.4189
1.41928
1.41965
1.41997
1.42023
1.42042
1.42049
1.42045
1.42027
1.42001
1.41978
1.41963
1.41963
1.41975
1.41995
1.42017
1.42035
1.42049
1.42054
1.42051
1.42038
1.42016
1.41986
1.41953
1.41923
1.41899
1.41884
1.41879
1.41882
1.41891
1.41902
1.41915
1.4193
1.41943
1.41957
1.4197
1.41983
1.41995
1.42008
1.4202
1.42031
1.42039
1.42044
1.42045
1.42042
1.42032
1.42019
1.42005
1.41991
1.41982
1.41978
1.41979
1.41985
1.41993
1.42002
1.42009
1.42013
1.42011
1.42003
1.41993
1.41983
1.41977
1.41978
1.41985
1.41997
1.42007
1.4201
1.42004
1.41989
1.41969
1.41951
1.4194
1.41939
1.41946
1.41959
1.41975
1.41989
1.42001
1.42009
1.42017
1.42023
1.4203
1.42035
1.42042
1.42049
1.42054
1.42058
1.42058
1.42056
1.4205
1.4204
1.42025
1.42008
1.4199
1.41973
1.41958
1.41947
1.4194
1.41938
1.4194
1.41945
1.41951
1.41958
1.41965
1.41972
1.41978
1.41984
1.41988
1.41993
1.41998
1.42002
1.42007
1.42011
1.42017
1.42018
1.42018
1.42017
1.42014
1.42009
1.42002
1.41995
1.41989
1.41983
1.41977
1.41975
1.41975
1.41977
1.41982
1.41988
1.41994
1.42001
1.42006
1.42009
1.42009
1.42007
1.42004
1.42001
1.41999
1.41996
1.41992
1.41985
1.41975
1.41967
1.41961
1.41961
1.41966
1.41976
1.41989
1.42003
1.42016
1.42029
1.4204
1.42049
1.42053
1.42054
1.42052
1.42046
1.42035
1.42024
1.42011
1.42
1.41991
1.41984
1.4198
1.41977
1.41977
1.41978
1.41979
1.4198
1.41981
1.41982
1.41983
1.41984
1.41985
1.41986
1.41987
1.4199
1.41993
1.41996
1.41999
1.42
1.41999
1.41995
1.41989
1.41981
1.41975
1.41972
1.41971
1.41972
1.41975
1.4198
1.41983
1.41987
1.41991
1.41993
1.41997
1.42
1.42003
1.42007
1.4201
1.42016
1.42023
1.4203
1.42039
1.42047
1.42055
1.42062
1.42064
1.42062
1.42052
1.42038
1.42022
1.42005
1.41986
1.41971
1.41959
1.41948
1.41941
1.4194
1.41942
1.41949
1.41959
1.41971
1.41984
1.41993
1.42
1.42002
1.41999
1.41991
1.41983
1.41976
1.4197
1.41968
1.41969
1.41973
1.41979
1.41987
1.41994
1.42001
1.42006
1.42009
1.42012
1.42012
1.42011
1.42009
1.42006
1.42004
1.42001
1.41997
1.41996
1.41994
1.41995
1.41995
1.41996
1.41999
1.42
1.42005
1.42013
1.42021
1.42028
1.42032
1.42027
1.42013
1.41988
1.41959
1.41931
1.41913
1.41908
1.41913
1.41926
1.41943
1.41958
1.4197
1.41978
1.41983
1.41985
1.41984
1.41981
1.41977
1.41973
1.4197
1.41969
1.41968
1.41968
1.41968
1.4197
1.41972
1.41974
1.41976
1.4198
1.41983
1.41986
1.41988
1.41988
1.41985
1.41982
1.41977
1.4197
1.41963
1.41958
1.41956
1.41956
1.41958
1.41963
1.4197
1.41979
1.41989
1.42
1.42008
1.42014
1.42018
1.42019
1.4202
1.42018
1.42014
1.42004
1.41988
1.41968
1.41951
1.4194
1.41939
1.41945
1.41954
1.41962
1.41966
1.41967
1.41964
1.41959
1.41953
1.41946
1.41941
1.41938
1.41938
1.4194
1.41942
1.41947
1.44592
1.44598
1.44603
1.44609
1.44614
1.44618
1.44622
1.44624
1.44626
1.44629
1.44631
1.44633
1.44636
1.44638
1.44641
1.44642
1.44641
1.44638
1.44633
1.44625
1.44616
1.44608
1.44603
1.44601
1.44602
1.44605
1.4461
1.44615
1.44619
1.44623
1.44625
1.44627
1.44628
1.44629
1.44631
1.44633
1.44634
1.44636
1.44635
1.44633
1.44628
1.4462
1.4461
1.44599
1.44587
1.44577
1.44572
1.44572
1.44577
1.44584
1.44593
1.44602
1.4461
1.44616
1.4462
1.44622
1.44622
1.4462
1.44617
1.44614
1.44611
1.44611
1.44612
1.44614
1.44617
1.44621
1.44626
1.4463
1.44634
1.44638
1.44642
1.44646
1.4465
1.44652
1.44652
1.44647
1.44637
1.44623
1.44609
1.44596
1.44586
1.44583
1.44583
1.44586
1.44591
1.44595
1.44599
1.44605
1.4461
1.44615
1.44619
1.44621
1.44623
1.44623
1.44623
1.44623
1.44625
1.44627
1.4463
1.44637
1.44644
1.44651
1.44656
1.44658
1.44654
1.44644
1.4463
1.44615
1.44606
1.44604
1.44613
1.44627
1.44639
1.44641
1.44625
1.44596
1.44564
1.44543
1.4454
1.44553
1.44574
1.44597
1.44617
1.44632
1.44641
1.44643
1.44642
1.44637
1.44631
1.44628
1.44627
1.44629
1.44633
1.44636
1.44637
1.44635
1.44628
1.44618
1.44609
1.44601
1.44595
1.44593
1.44594
1.44596
1.44601
1.44605
1.44609
1.44614
1.4462
1.44624
1.44629
1.44632
1.44632
1.44631
1.44627
1.44619
1.44609
1.446
1.44592
1.44586
1.44582
1.44582
1.44584
1.44588
1.44593
1.44599
1.44606
1.44613
1.44622
1.4463
1.44638
1.44646
1.44654
1.44659
1.44664
1.44664
1.44659
1.44649
1.44632
1.44612
1.44595
1.44584
1.44582
1.44588
1.44603
1.44621
1.44643
1.44668
1.44692
1.44713
1.44728
1.44735
1.44733
1.4472
1.44697
1.44666
1.44631
1.44597
1.44566
1.44542
1.44525
1.44517
1.44516
1.44522
1.44531
1.44541
1.44554
1.44565
1.44576
1.44587
1.44599
1.44612
1.44625
1.44637
1.4465
1.44663
1.44673
1.44684
1.44691
1.44699
1.44705
1.44708
1.44708
1.44703
1.44693
1.44678
1.44659
1.44637
1.44616
1.446
1.44589
1.44585
1.44587
1.44595
1.44604
1.44614
1.44621
1.44626
1.44629
1.44629
1.4463
1.4463
1.44633
1.44638
1.44646
1.44656
1.44666
1.44672
1.44672
1.44665
1.44653
1.44639
1.44629
1.44622
1.44618
1.44615
1.44611
1.44607
1.44604
1.44606
1.44613
1.44623
1.44636
1.44649
1.4466
1.44669
1.44674
1.44675
1.44674
1.4467
1.44664
1.4466
1.44654
1.44649
1.44645
1.44641
1.44638
1.44637
1.44636
1.44638
1.44641
1.44645
1.44649
1.44655
1.44661
1.44666
1.44673
1.44681
1.44693
1.44708
1.44724
1.44732
1.44724
1.44689
1.44635
1.4458
1.44542
1.4453
1.4454
1.4456
1.44581
1.44599
1.44612
1.4462
1.44625
1.44629
1.44631
1.44632
1.44633
1.44634
1.44635
1.44637
1.44639
1.44641
1.44641
1.44642
1.44642
1.44642
1.44642
1.44642
1.44642
1.44642
1.44643
1.44642
1.44642
1.44642
1.44642
1.44642
1.44643
1.44643
1.44644
1.44644
1.44645
1.44645
1.44645
1.44645
1.44647
1.44648
1.44649
1.44652
1.44654
1.44657
1.4466
1.44661
1.4466
1.44656
1.4465
1.4464
1.44629
1.44619
1.44612
1.4461
1.44612
1.4462
1.44632
1.44648
1.44664
1.44678
1.44687
1.44689
1.44682
1.44664
1.44637
1.44604
1.44573
1.44552
1.44545
1.44552
1.44565
1.44581
1.44596
1.44609
1.44619
1.44627
1.44631
1.44634
1.44636
1.44637
1.44639
1.44642
1.44644
1.44647
1.4465
1.44652
1.44653
1.44653
1.44652
1.44647
1.44643
1.44639
1.44634
1.4463
1.44626
1.44625
1.44624
1.44623
1.44622
1.44623
1.44626
1.44629
1.44635
1.44644
1.44655
1.44667
1.44678
1.44689
1.44694
1.44691
1.44681
1.44664
1.44647
1.44633
1.44624
1.44625
1.44632
1.4464
1.44649
1.44655
1.44663
1.44669
1.44676
1.44676
1.44665
1.44641
1.44605
1.44568
1.44543
1.44535
1.44544
1.44563
1.44586
1.44609
1.4463
1.44647
1.44663
1.44674
1.44681
1.44682
1.44677
1.44664
1.44647
1.44628
1.44612
1.44599
1.44592
1.44592
1.44596
1.44602
1.4461
1.44618
1.44626
1.44634
1.4464
1.44647
1.44654
1.44661
1.44667
1.44675
1.44685
1.44693
1.447
1.44704
1.44701
1.44689
1.44666
1.44638
1.44608
1.44582
1.44568
1.44565
1.44571
1.44582
1.44596
1.4461
1.44623
1.44635
1.44645
1.44654
1.44663
1.44669
1.44675
1.44679
1.44681
1.4468
1.44676
1.44668
1.44656
1.44641
1.44628
1.44619
1.44614
1.44613
1.44618
1.44624
1.44634
1.44643
1.44655
1.44665
1.44673
1.44678
1.44681
1.44683
1.44684
1.44686
1.4469
1.44691
1.44686
1.44669
1.44638
1.44599
1.44562
1.44537
1.44529
1.44536
1.44551
1.44569
1.44587
1.44603
1.44616
1.44626
1.44633
1.44637
1.44639
1.4464
1.4464
1.44639
1.44638
1.44638
1.44637
1.44636
1.44635
1.44635
1.44635
1.44633
1.44633
1.44633
1.44633
1.44633
1.44632
1.44632
1.44632
1.44632
1.44632
1.44632
1.44631
1.44631
1.44631
1.44628
1.44626
1.44625
1.44624
1.44623
1.44624
1.44624
1.44623
1.44623
1.44625
1.44626
1.44629
1.44634
1.44639
1.44642
1.44641
1.44633
1.44618
1.44599
1.44582
1.44568
1.44561
1.44564
1.44575
1.4459
1.44606
1.44625
1.44643
1.44658
1.44664
1.44661
1.44649
1.44626
1.44599
1.44576
1.44563
1.4456
1.44563
1.44573
1.44585
1.44596
1.44606
1.44615
1.44621
1.44625
1.44628
1.44628
1.44628
1.44627
1.44628
1.44631
1.44636
1.44642
1.44648
1.4465
1.44648
1.44641
1.4463
1.44618
1.44609
1.44604
1.44603
1.44605
1.4461
1.44613
1.44614
1.44614
1.44612
1.44609
1.44605
1.44603
1.44602
1.44606
1.44611
1.44619
1.4463
1.44642
1.44653
1.44663
1.44666
1.44656
1.44634
1.44602
1.44566
1.44536
1.4452
1.44519
1.44529
1.44545
1.44563
1.44579
1.44595
1.44608
1.44619
1.44627
1.44634
1.44639
1.44642
1.44643
1.44641
1.44636
1.44631
1.44624
1.44619
1.44613
1.44611
1.44611
1.44614
1.44619
1.44624
1.44632
1.4464
1.44646
1.44651
1.44653
1.44652
1.44649
1.44644
1.4464
1.44634
1.4463
1.44625
1.44621
1.44619
1.44617
1.44618
1.44619
1.44623
1.44627
1.44629
1.44631
1.44631
1.44631
1.44628
1.44623
1.44615
1.44605
1.44592
1.44581
1.44573
1.44569
1.44571
1.44577
1.44586
1.44598
1.44612
1.44628
1.44643
1.44655
1.44666
1.44673
1.44679
1.44681
1.4468
1.44677
1.44672
1.44663
1.44653
1.4464
1.44624
1.44608
1.44593
1.44584
1.44581
1.44585
1.44595
1.44611
1.44628
1.44644
1.44657
1.44663
1.44664
1.44659
1.44649
1.44636
1.44623
1.44612
1.44603
1.44597
1.44592
1.44589
1.44588
1.44586
1.44585
1.44586
1.44589
1.44595
1.446
1.44607
1.44614
1.44621
1.44626
1.44632
1.44638
1.44641
1.44644
1.44647
1.44647
1.44646
1.44642
1.44635
1.44627
1.44618
1.44612
1.44608
1.44606
1.44607
1.4461
1.44613
1.44617
1.44621
1.44626
1.4463
1.44636
1.4464
1.44645
1.44649
1.44655
1.44662
1.44669
1.44676
1.44684
1.44693
1.44703
1.44714
1.44725
1.4473
1.44723
1.447
1.44661
1.44613
1.4457
1.44541
1.4453
1.44535
1.44545
1.44559
1.44572
1.44582
1.44591
1.44601
1.4461
1.44618
1.44625
1.44629
1.44629
1.44625
1.44616
1.44606
1.44596
1.4459
1.44588
1.4459
1.44594
1.44602
1.4461
1.4462
1.44633
1.44647
1.44664
1.44686
1.44712
1.44739
1.44758
1.44756
1.44727
1.44675
1.44619
1.44582
1.44577
1.44597
1.44627
1.44658
1.44679
1.44689
1.44684
1.44666
1.44638
1.44605
1.44575
1.44555
1.44549
1.44553
1.44565
1.44579
1.44593
1.44603
1.44611
1.44615
1.44617
1.44618
1.44617
1.44616
1.44615
1.44615
1.44614
1.44614
1.44614
1.44615
1.44617
1.44618
1.44619
1.44621
1.44623
1.44625
1.44626
1.44627
1.44627
1.44628
1.44629
1.44629
1.44629
1.44629
1.44629
1.44626
1.44624
1.44624
1.44623
1.44624
1.44625
1.44626
1.44629
1.44632
1.44638
1.44644
1.44649
1.44654
1.44657
1.44658
1.44656
1.44649
1.44638
1.44625
1.44612
1.446
1.44591
1.44586
1.44584
1.44586
1.44591
1.44597
1.44603
1.44609
1.44614
1.44617
1.44621
1.44624
1.44627
1.44632
1.4464
1.44648
1.44657
1.44663
1.44662
1.44652
1.44632
1.44608
1.44583
1.44566
1.44559
1.4456
1.44566
1.44574
1.44582
1.44589
1.44595
1.44599
1.44602
1.44605
1.44607
1.4461
1.44613
1.44616
1.44618
1.44621
1.44625
1.44629
1.44633
1.44637
1.44642
1.44647
1.44654
1.44661
1.44668
1.44676
1.44684
1.44689
1.44691
1.4469
1.44681
1.44666
1.44645
1.44621
1.44599
1.44581
1.44571
1.44568
1.44573
1.44583
1.44595
1.44604
1.4461
1.44612
1.44611
1.44607
1.44602
1.44597
1.44594
1.44592
1.44592
1.44595
1.446
1.44606
1.44613
1.44621
1.44629
1.44634
1.44639
1.44644
1.44647
1.44649
1.44649
1.44648
1.44647
1.44645
1.44644
1.44642
1.44639
1.44633
1.44629
1.44623
1.44618
1.44612
1.44607
1.44603
1.44601
1.44599
1.44599
1.44601
1.44603
1.44606
1.4461
1.44615
1.4462
1.44625
1.4463
1.44633
1.44637
1.44638
1.44637
1.44636
1.44633
1.44632
1.43636
1.43636
1.43637
1.43639
1.43641
1.43644
1.43647
1.43649
1.4365
1.43652
1.43654
1.43657
1.4366
1.43663
1.43663
1.43661
1.43656
1.43647
1.43636
1.43623
1.4361
1.43601
1.43595
1.43593
1.43594
1.43596
1.436
1.43604
1.43608
1.43611
1.43614
1.43617
1.4362
1.43623
1.43626
1.43629
1.43632
1.43637
1.43643
1.43649
1.43657
1.43662
1.43665
1.43664
1.43658
1.43647
1.43634
1.43621
1.43612
1.43606
1.43606
1.4361
1.43614
1.43619
1.43623
1.43624
1.43626
1.43624
1.43622
1.43618
1.43615
1.43614
1.43614
1.43616
1.43619
1.43624
1.43631
1.4364
1.43652
1.43664
1.43677
1.43688
1.43695
1.43695
1.43688
1.43671
1.4365
1.43628
1.43611
1.43605
1.43605
1.43611
1.43616
1.43614
1.43605
1.4359
1.43575
1.43566
1.43565
1.43571
1.43582
1.43594
1.43605
1.43614
1.4362
1.43625
1.43627
1.4363
1.4363
1.43631
1.43632
1.43632
1.43632
1.43633
1.43634
1.43634
1.43633
1.43631
1.43627
1.43624
1.43623
1.43624
1.43627
1.43632
1.43638
1.43641
1.43641
1.43638
1.43632
1.43622
1.4361
1.43599
1.4359
1.43585
1.43584
1.43585
1.43589
1.43596
1.43602
1.43608
1.43614
1.43619
1.43622
1.43624
1.43624
1.43624
1.43623
1.43623
1.43623
1.43623
1.43625
1.43628
1.43632
1.43636
1.43641
1.43649
1.43659
1.43673
1.43689
1.43707
1.43723
1.43731
1.43726
1.43704
1.43666
1.4362
1.43579
1.43553
1.43543
1.43548
1.4356
1.43577
1.43596
1.43616
1.43638
1.43659
1.43676
1.43687
1.43688
1.43678
1.43656
1.43627
1.43596
1.43571
1.43557
1.43555
1.43561
1.4357
1.4358
1.4359
1.43597
1.43604
1.43609
1.43613
1.43617
1.4362
1.43624
1.43627
1.4363
1.43632
1.43634
1.43637
1.43639
1.43641
1.43643
1.43643
1.43645
1.43645
1.43645
1.43643
1.4364
1.43637
1.43633
1.43628
1.43624
1.43621
1.43619
1.43618
1.43619
1.43622
1.43626
1.43632
1.43638
1.43645
1.43648
1.43648
1.43643
1.43632
1.43617
1.43603
1.43594
1.43593
1.43602
1.43622
1.43646
1.4367
1.43685
1.43685
1.43669
1.43641
1.43613
1.43594
1.43588
1.43592
1.436
1.43609
1.43618
1.43625
1.43628
1.43626
1.4362
1.43605
1.43586
1.43567
1.43551
1.43542
1.4354
1.43545
1.43553
1.43565
1.43577
1.43587
1.43596
1.43603
1.43609
1.43614
1.43619
1.43624
1.43627
1.43631
1.43636
1.43642
1.43648
1.43654
1.43661
1.43668
1.43673
1.43676
1.43674
1.43667
1.43652
1.43631
1.43607
1.43582
1.43561
1.43545
1.43538
1.43539
1.43548
1.43564
1.43586
1.43612
1.4364
1.43667
1.43688
1.43693
1.43678
1.43644
1.43599
1.43561
1.43542
1.4354
1.43553
1.43573
1.43598
1.43623
1.43649
1.43678
1.43713
1.43754
1.43796
1.43819
1.43788
1.43683
1.43536
1.43424
1.43389
1.43416
1.43468
1.43521
1.43562
1.43593
1.43616
1.43633
1.43648
1.43658
1.43667
1.43673
1.43676
1.43676
1.4367
1.43659
1.43645
1.43629
1.43614
1.43601
1.43591
1.43585
1.43583
1.43583
1.43585
1.43588
1.43592
1.43597
1.43602
1.43607
1.43613
1.43619
1.43624
1.43631
1.43638
1.43646
1.43654
1.43663
1.43673
1.43685
1.43697
1.43711
1.43723
1.43731
1.43732
1.4372
1.43694
1.43652
1.43604
1.43559
1.43527
1.43512
1.43511
1.4352
1.43533
1.43547
1.43562
1.43574
1.43585
1.43594
1.43603
1.43611
1.43617
1.43624
1.43632
1.4364
1.43649
1.43661
1.43675
1.43694
1.43715
1.43732
1.43737
1.43715
1.43665
1.43599
1.43546
1.43524
1.43534
1.43565
1.43606
1.43645
1.43675
1.43688
1.43682
1.43659
1.43627
1.436
1.43583
1.43577
1.43575
1.43574
1.43574
1.43576
1.43579
1.43586
1.43598
1.43611
1.43625
1.43638
1.4365
1.43661
1.43668
1.43672
1.43672
1.43669
1.43663
1.43652
1.43634
1.43614
1.43595
1.4358
1.43572
1.43574
1.43584
1.43595
1.43607
1.43616
1.43621
1.43622
1.43622
1.43622
1.43622
1.43621
1.43621
1.43619
1.43616
1.43612
1.43607
1.43604
1.43603
1.43605
1.43608
1.43615
1.43623
1.43633
1.43646
1.43662
1.43676
1.43689
1.43697
1.43697
1.43688
1.43667
1.43638
1.43608
1.43582
1.43563
1.43553
1.43551
1.43555
1.43562
1.4357
1.4358
1.43592
1.43602
1.43611
1.43617
1.43622
1.43626
1.4363
1.43631
1.43631
1.43633
1.43634
1.43633
1.43632
1.43629
1.43626
1.43622
1.43619
1.43617
1.43618
1.43622
1.4363
1.43642
1.43655
1.4367
1.43689
1.43708
1.43728
1.43744
1.43755
1.43755
1.43739
1.43705
1.43657
1.436
1.43546
1.43506
1.43484
1.43483
1.43497
1.43518
1.43539
1.4356
1.43579
1.43593
1.43604
1.43612
1.43618
1.43622
1.43625
1.43626
1.43625
1.43624
1.43623
1.43621
1.43619
1.43619
1.43617
1.43616
1.43615
1.43615
1.43616
1.43616
1.43619
1.43623
1.4363
1.43639
1.4365
1.43661
1.43671
1.43677
1.4368
1.43678
1.43669
1.43656
1.43642
1.4363
1.43619
1.43613
1.43611
1.43613
1.43617
1.4362
1.43622
1.43621
1.43618
1.43614
1.43611
1.43611
1.43613
1.43619
1.43626
1.43635
1.43645
1.43657
1.43667
1.43674
1.43678
1.43675
1.43668
1.43657
1.43643
1.43631
1.43624
1.43622
1.43625
1.43629
1.43631
1.43633
1.43632
1.43627
1.43625
1.43624
1.43625
1.43627
1.43632
1.43638
1.43643
1.43648
1.43651
1.43652
1.4365
1.43645
1.43635
1.43623
1.43609
1.43597
1.43587
1.43582
1.43579
1.43579
1.43581
1.43584
1.43587
1.4359
1.43594
1.43599
1.43603
1.43607
1.4361
1.43614
1.43618
1.43622
1.43626
1.43629
1.43633
1.43636
1.43638
1.4364
1.43641
1.43643
1.43642
1.4364
1.4364
1.4364
1.4364
1.43642
1.43646
1.43651
1.43658
1.43666
1.43674
1.43681
1.43682
1.43677
1.43662
1.43641
1.43615
1.4359
1.43571
1.43558
1.43552
1.43553
1.43557
1.43563
1.4357
1.43577
1.43587
1.43594
1.43601
1.43606
1.4361
1.43612
1.43612
1.4361
1.43609
1.43608
1.43607
1.43606
1.43606
1.43609
1.43612
1.43614
1.43617
1.43622
1.43626
1.43631
1.43634
1.43638
1.43642
1.43647
1.43653
1.43659
1.43665
1.43668
1.43667
1.43658
1.43642
1.43621
1.436
1.43583
1.43574
1.43572
1.43576
1.43582
1.43589
1.43596
1.43603
1.43609
1.43613
1.43619
1.43623
1.43628
1.43633
1.43639
1.43647
1.43655
1.43664
1.43673
1.43682
1.43688
1.43688
1.43681
1.43666
1.43645
1.43624
1.43606
1.43596
1.43594
1.43596
1.43601
1.43607
1.43612
1.43615
1.43615
1.43614
1.43611
1.43609
1.43607
1.43608
1.4361
1.43615
1.43621
1.43631
1.43643
1.43656
1.43671
1.43685
1.43697
1.43705
1.43707
1.437
1.43686
1.4367
1.43655
1.43641
1.43631
1.43623
1.43616
1.43609
1.43601
1.43594
1.4359
1.43587
1.43585
1.43586
1.43588
1.43592
1.43596
1.436
1.43605
1.43611
1.43615
1.43619
1.43622
1.43626
1.4363
1.43634
1.43639
1.43644
1.43649
1.43656
1.43662
1.43669
1.43676
1.43683
1.43688
1.4369
1.43689
1.43684
1.43673
1.4366
1.43645
1.43628
1.43614
1.43603
1.43594
1.43589
1.43586
1.43585
1.43586
1.43589
1.43593
1.43595
1.43598
1.436
1.436
1.43599
1.43597
1.43594
1.43593
1.43592
1.43594
1.43597
1.43603
1.4361
1.43616
1.43624
1.43629
1.43634
1.43637
1.43639
1.43641
1.43641
1.43641
1.4364
1.43638
1.43637
1.43636
1.43635
1.43634
1.43634
1.43635
1.43635
1.43635
1.43635
1.43634
1.43633
1.4363
1.43629
1.43628
1.4363
1.43636
1.43642
1.43648
1.43651
1.43649
1.43645
1.43637
1.43628
1.43619
1.43612
1.43608
1.43609
1.43613
1.43618
1.43625
1.43632
1.43639
1.43644
1.43646
1.43645
1.43642
1.43637
1.43634
1.4363
1.43626
1.43623
1.43619
1.43614
1.4361
1.43608
1.43606
1.43606
1.43607
1.43611
1.43614
1.43616
1.43619
1.43621
1.43623
1.43624
1.43624
1.43625
1.43625
1.43626
1.43628
1.4363
1.43634
1.43638
1.43643
1.43649
1.43656
1.43661
1.43663
1.43663
1.43657
1.43648
1.43636
1.43624
1.43615
1.43609
1.43606
1.43608
1.43611
1.43615
1.43619
1.43622
1.43625
1.43627
1.43631
1.43634
1.43637
1.43637
1.43635
1.43629
1.43621
1.43613
1.43608
1.43607
1.43612
1.43624
1.4364
1.43657
1.43674
1.43689
1.43698
1.437
1.43693
1.43678
1.43659
1.43641
1.43626
1.43616
1.43611
1.43607
1.43606
1.43607
1.43612
1.4362
1.43632
1.43647
1.43663
1.43674
1.43672
1.43653
1.43619
1.43578
1.43545
1.4353
1.43532
1.43545
1.43562
1.4358
1.43596
1.4361
1.4362
1.43629
1.43636
1.43641
1.43644
1.43648
1.4365
1.4365
1.43649
1.43645
1.43642
1.43637
1.43632
1.43628
1.43623
1.4362
1.43618
1.43618
1.43619
1.4362
1.43623
1.43625
1.43628
1.4363
1.43632
1.43634
1.43634
1.43635
1.43634
1.43631
1.43626
1.43621
1.43616
1.43611
1.43606
1.43605
1.43604
1.43605
1.43609
1.43615
1.43621
1.4363
1.43639
1.4365
1.43661
1.43672
1.43681
1.43685
1.4368
1.4367
1.43657
1.43645
1.43638
1.43635
1.43636
1.43637
1.43639
1.43639
1.43637
1.43634
1.43632
1.43636
1.43644
1.43655
1.43665
1.43672
1.43667
1.43649
1.43617
1.43582
1.43555
1.43537
1.43535
1.43541
1.43552
1.43569
1.4358
1.43589
1.43596
1.43604
1.43609
1.43614
1.43619
1.43623
1.43626
1.43629
1.43631
1.43631
1.43631
1.43629
1.43626
1.43621
1.43616
1.43613
1.43611
1.43609
1.43611
1.43611
1.43613
1.43615
1.43617
1.43618
1.43619
1.43618
1.43616
1.43614
1.43611
1.43609
1.43608
1.43607
1.43607
1.43609
1.43611
1.43615
1.4362
1.43628
1.4364
1.43655
1.43674
1.43695
1.43716
1.4373
1.4373
1.43708
1.43667
1.4362
1.43583
1.43567
1.43569
1.43582
1.43597
1.43607
1.43613
1.43613
1.43609
1.43601
1.43595
1.4359
1.43586
1.43586
1.43587
1.43591
1.43594
1.43598
1.43603
1.43607
1.43613
1.43618
1.43623
1.43629
1.43634
1.43638
1.43644
1.43651
1.43659
1.43668
1.4368
1.43694
1.43709
1.43721
1.43721
1.43705
1.43672
1.43626
1.4358
1.43549
1.43536
1.4354
1.43552
1.4357
1.43589
1.43604
1.43617
1.43628
1.43635
1.43642
1.43646
1.43649
1.43651
1.43652
1.43652
1.43652
1.43652
1.43651
1.43651
1.4365
1.43648
1.43643
1.43638
1.43631
1.43624
1.43616
1.43608
1.43604
1.43602
1.43605
1.43612
1.43624
1.43641
1.4366
1.43677
1.43688
1.4369
1.43675
1.43646
1.43611
1.43583
1.43569
1.43569
1.43579
1.43593
1.43609
1.43624
1.43635
1.43643
1.43648
1.43652
1.43651
1.43648
1.43643
1.43637
1.43631
1.43625
1.43621
1.43619
1.43618
1.43619
1.43621
1.43624
1.43625
1.43626
1.43628
1.4363
1.43631
1.43632
1.43633
1.43634
1.43635
1.43636
1.43639
1.43642
1.43645
1.4365
1.43655
1.4366
1.43663
1.43662
1.43657
1.43646
1.43632
1.43618
1.43608
1.43603
1.43608
1.4362
1.43638
1.4366
1.43682
1.43704
1.43725
1.43738
1.43741
1.4373
1.43706
1.43673
1.43635
1.43602
1.43576
1.43561
1.43558
1.43561
1.43567
1.43577
1.43586
1.43595
1.43604
1.43613
1.43622
1.43631
1.43639
1.43647
1.43652
1.43656
1.43656
1.43652
1.43645
1.43636
1.43625
1.43616
1.4361
1.43607
1.43608
1.43614
1.43622
1.43632
1.43643
1.43653
1.43662
1.43668
1.4367
1.43667
1.43661
1.4365
1.43639
1.43628
1.43619
1.43615
1.43614
1.43617
1.43622
1.43627
1.43632
1.43636
1.43638
1.43638
1.43636
1.43632
1.43627
1.43621
1.43614
1.43607
1.43601
1.43598
1.43596
1.43597
1.43598
1.43601
1.43606
1.43611
1.43616
1.43622
1.43626
1.43631
1.43636
1.4364
1.43644
1.43646
1.43647
1.43646
1.43642
1.43638
1.43631
1.43626
1.43622
1.43619
1.43618
1.4362
1.43623
1.43628
1.43634
1.43641
1.43647
1.43653
1.4366
1.43663
1.43663
1.43658
1.43645
1.43627
1.43607
1.43589
1.43577
1.43572
1.43574
1.43581
1.43588
1.43597
1.43603
1.43609
1.43614
1.43618
1.43621
1.43624
1.43626
1.43627
1.4363
1.43633
1.43636
1.4364
1.43644
1.43651
1.43657
1.43664
1.43671
1.43678
1.43683
1.43685
1.43685
1.43682
1.43677
1.43672
1.43666
1.43662
1.43656
1.4365
1.43642
1.43633
1.4362
1.43609
1.43599
1.43591
1.43587
1.43586
1.43587
1.43589
1.43591
1.43595
1.43597
1.43601
1.43605
1.43609
1.43612
1.43615
1.43621
1.43629
1.43639
1.43651
1.43664
1.43676
1.43685
1.43689
1.43684
1.43668
1.43642
1.43614
1.4359
1.43576
1.43571
1.43576
1.43586
1.43598
1.4361
1.43623
1.43636
1.43646
1.43657
1.43667
1.43673
1.43674
1.43668
1.43652
1.43629
1.43608
1.4359
1.43582
1.43582
1.43589
1.436
1.43612
1.43623
1.4363
1.43634
1.43635
1.43632
1.43627
1.4362
1.43615
1.4361
1.43608
1.43609
1.43611
1.43616
1.43622
1.43629
1.43638
1.43646
1.43654
1.4366
1.43665
1.43667
1.43666
1.43663
1.43656
1.43647
1.43636
1.43624
1.43613
1.43604
1.43598
1.43595
1.43596
1.436
1.4361
1.43623
1.43641
1.43658
1.43672
1.4368
1.43677
1.43663
1.43643
1.43622
1.43607
1.43598
1.43595
1.43594
1.43593
1.43591
1.43589
1.43589
1.43591
1.43596
1.43602
1.43609
1.43618
1.43628
1.43638
1.43648
1.43658
1.43666
1.43673
1.43677
1.43677
1.43672
1.43663
1.43651
1.43641
1.43635
1.43635
1.43641
1.43652
1.43663
1.4367
1.43668
1.43657
1.43637
1.43614
1.43594
1.43583
1.4358
1.43583
1.43591
1.43601
1.4361
1.43615
1.43621
1.43625
1.43627
1.4363
1.43632
1.43633
1.43635
1.43637
1.43642
1.43646
1.43652
1.43658
1.43662
1.43664
1.43659
1.43648
1.43631
1.43611
1.43594
1.43583
1.43579
1.43583
1.4359
1.43601
1.43611
1.43619
1.43625
1.43626
1.43625
1.4362
1.43613
1.43606
1.43599
1.43596
1.43594
1.43597
1.43601
1.43608
1.43615
1.43623
1.43631
1.43639
1.43647
1.43652
1.43657
1.43658
1.43655
1.43647
1.43633
1.43615
1.43596
1.43577
1.43562
1.43552
1.43548
1.4355
1.43556
1.43566
1.43579
1.43593
1.43609
1.43624
1.43637
1.43646
1.4365
1.43649
1.43643
1.43631
1.43618
1.43603
1.4359
1.4358
1.43573
1.43569
1.43571
1.43576
1.43582
1.4359
1.43598
1.43605
1.43609
1.43611
1.4361
1.43607
1.43603
1.436
1.43596
1.43597
1.43599
1.43602
1.43606
1.4361
1.43614
1.43617
1.43618
1.43619
1.43618
1.43616
1.43612
1.43609
1.43605
1.436
1.43596
1.43592
1.43589
1.43588
1.4359
1.43595
1.436
1.43604
1.43609
1.43612
1.43615
1.43615
1.43614
1.43614
1.43613
1.43612
1.43613
1.43613
1.43614
1.43616
1.43618
1.43617
1.43617
1.43616
1.43613
1.4361
1.43605
1.43598
1.43591
1.43584
1.43579
1.43575
1.43573
1.43574
1.43578
1.43585
1.43593
1.43604
1.43614
1.43624
1.43634
1.4364
1.43645
1.43647
1.43646
1.43642
1.43635
1.43625
1.43615
1.43605
1.43597
1.43592
1.43591
1.43591
1.43591
1.43588
1.43584
1.43576
1.43567
1.43561
1.43558
1.43559
1.43564
1.43572
1.43581
1.4359
1.43597
1.43601
1.43605
1.43604
1.43604
1.43603
1.43602
1.43602
1.43604
1.4361
1.43619
1.43629
1.43642
1.43653
1.43663
1.43666
1.43661
1.43649
1.4363
1.43609
1.43591
1.43579
1.43574
1.43575
1.43578
1.43579
1.43581
1.43583
1.43588
1.43597
1.43613
1.43634
1.43657
1.43679
1.43694
1.43695
1.4368
1.4365
1.43611
1.43573
1.43543
1.43528
1.43526
1.43534
1.4355
1.43569
1.43589
1.43607
1.43619
1.43625
1.43623
1.43615
1.43603
1.43594
1.43592
1.436
1.43617
1.4364
1.43667
1.43694
1.43715
1.43726
1.43726
1.43713
1.43685
1.43642
1.43588
1.43535
1.43494
1.4347
1.43466
1.43474
1.43492
1.43513
1.43535
1.43555
1.43574
1.43591
1.43608
1.43624
1.43637
1.43649
1.43656
1.43655
1.43646
1.43628
1.43607
1.43585
1.43569
1.43559
1.43555
1.43556
1.43559
1.43563
1.43568
1.43573
1.43579
1.43586
1.43593
1.43602
1.43611
1.43619
1.43629
1.43639
1.43646
1.43651
1.43655
1.43655
1.4365
1.43644
1.43638
1.43634
1.43633
1.43634
1.43639
1.43647
1.43654
1.4366
1.43663
1.43664
1.43661
1.43654
1.43645
1.43631
1.43616
1.43598
1.43579
1.43561
1.43547
1.43538
1.43536
1.4354
1.4355
1.43562
1.43576
1.43589
1.43601
1.43615
1.43626
1.43637
1.43648
1.43659
1.43668
1.43674
1.43677
1.43672
1.43662
1.43647
1.43629
1.43614
1.43605
1.43602
1.43606
1.43613
1.43621
1.43627
1.4363
1.43628
1.43621
1.43612
1.43603
1.43597
1.43592
1.43591
1.43593
1.43596
1.43601
1.43606
1.4361
1.43614
1.43618
1.43621
1.43622
1.43623
1.43623
1.43621
1.4362
1.43618
1.43615
1.43613
1.43612
1.4361
1.43609
1.43608
1.43608
1.43609
1.4361
1.43612
1.43616
1.43621
1.43626
1.43634
1.43643
1.43651
1.43659
1.43665
1.43665
1.43659
1.43647
1.43631
1.43615
1.436
1.4359
1.43583
1.4358
1.43578
1.43575
1.43573
1.43571
1.43573
1.43575
1.43579
1.43584
1.4359
1.43597
1.43602
1.43605
1.43608
1.43609
1.43612
1.43614
1.43618
1.43622
1.43628
1.43632
1.43634
1.43634
1.43632
1.43627
1.43618
1.43607
1.43597
1.43587
1.43578
1.43573
1.4357
1.43571
1.43576
1.43585
1.43595
1.43606
1.43616
1.43624
1.4363
1.43634
1.43634
1.43632
1.43629
1.43625
1.4362
1.43616
1.43615
1.43612
1.4361
1.43606
1.43601
1.43595
1.4359
1.43584
1.43578
1.43576
1.43576
1.43578
1.43584
1.43593
1.43604
1.43616
1.4363
1.43645
1.43656
1.43663
1.43665
1.43659
1.43647
1.43631
1.43615
1.43602
1.43596
1.43599
1.43608
1.43623
1.43641
1.43659
1.43677
1.43689
1.43692
1.43682
1.43657
1.43622
1.43589
1.43565
1.43555
1.43557
1.43567
1.43579
1.43589
1.43597
1.43602
1.43607
1.43609
1.43612
1.43614
1.43619
1.43622
1.43627
1.4363
1.43632
1.43634
1.43636
1.43638
1.43643
1.4365
1.43656
1.43662
1.43667
1.43668
1.43668
1.43663
1.43651
1.43637
1.4362
1.43604
1.43591
1.43583
1.43579
1.43581
1.43587
1.43598
1.4361
1.43625
1.43638
1.43651
1.4366
1.43664
1.43661
1.43651
1.43635
1.4362
1.43609
1.43604
1.43605
1.43612
1.43622
1.43633
1.43643
1.4365
1.43656
1.43657
1.4365
1.43638
1.43619
1.43601
1.43586
1.43579
1.43582
1.43592
1.43606
1.43619
1.43624
1.4362
1.4361
1.43596
1.43584
1.43579
1.43581
1.43587
1.43597
1.43608
1.43619
1.43627
1.43633
1.43637
1.3149
1.31493
1.31496
1.31497
1.31498
1.31499
1.31498
1.31495
1.31491
1.31483
1.31473
1.31463
1.31454
1.31447
1.31442
1.31439
1.3144
1.31442
1.31447
1.31452
1.31458
1.31463
1.31468
1.31471
1.31474
1.31476
1.31476
1.31475
1.31475
1.31474
1.31475
1.31477
1.3148
1.31486
1.31494
1.31504
1.31515
1.31528
1.31537
1.31543
1.31542
1.31534
1.31516
1.31489
1.3146
1.31432
1.31409
1.31395
1.31389
1.31388
1.31392
1.314
1.31413
1.31431
1.3145
1.3147
1.3149
1.31509
1.31524
1.31534
1.31537
1.31534
1.31525
1.31514
1.31507
1.31504
1.31503
1.315
1.31491
1.31478
1.31463
1.3145
1.31443
1.31442
1.31447
1.31457
1.31468
1.3148
1.31491
1.31502
1.31513
1.31522
1.31529
1.31535
1.31538
1.31537
1.31534
1.31527
1.31519
1.31507
1.31495
1.31482
1.3147
1.3146
1.31451
1.31445
1.31442
1.31439
1.31436
1.31434
1.31433
1.31432
1.31433
1.31438
1.31444
1.31453
1.31465
1.31478
1.31495
1.31514
1.31534
1.31557
1.31579
1.31596
1.31601
1.31592
1.31567
1.31534
1.31503
1.31482
1.31473
1.31473
1.31474
1.31473
1.3147
1.31463
1.31455
1.31446
1.31439
1.31436
1.31439
1.31446
1.31456
1.31468
1.31481
1.31496
1.31508
1.31518
1.31527
1.31533
1.31536
1.31536
1.31533
1.31527
1.3152
1.31509
1.315
1.3149
1.31483
1.31478
1.31474
1.31472
1.31474
1.31477
1.3148
1.31485
1.3149
1.31496
1.31503
1.31508
1.31516
1.31526
1.31536
1.31544
1.31547
1.31539
1.3152
1.31492
1.31463
1.31441
1.31429
1.31429
1.31439
1.31451
1.31463
1.31476
1.31484
1.31492
1.31497
1.31501
1.31503
1.31504
1.31505
1.31505
1.31505
1.31504
1.31502
1.31502
1.31502
1.31501
1.31501
1.315
1.31499
1.31498
1.31498
1.31498
1.31498
1.31499
1.31499
1.31501
1.31503
1.31506
1.31509
1.31513
1.31516
1.31518
1.31518
1.31514
1.31509
1.315
1.31491
1.3148
1.31472
1.31466
1.31462
1.31462
1.31462
1.31464
1.31466
1.31468
1.31469
1.31472
1.31473
1.31475
1.31476
1.31476
1.3148
1.31482
1.31486
1.31489
1.31491
1.31491
1.31492
1.31493
1.31493
1.31493
1.31493
1.31494
1.31495
1.31496
1.31496
1.31496
1.31491
1.31484
1.31474
1.31464
1.31454
1.31446
1.31443
1.31443
1.31447
1.31455
1.31465
1.31477
1.31488
1.31496
1.31499
1.31496
1.31487
1.31473
1.31455
1.3144
1.3143
1.31425
1.31427
1.31434
1.31443
1.31455
1.31469
1.31484
1.31499
1.31514
1.31529
1.31539
1.31542
1.31535
1.31518
1.3149
1.31459
1.31432
1.31415
1.31411
1.31419
1.31436
1.31454
1.31472
1.31486
1.31494
1.31498
1.315
1.31504
1.31512
1.31523
1.31534
1.31542
1.31538
1.3152
1.31488
1.3145
1.31419
1.31401
1.31399
1.31406
1.31419
1.31434
1.31446
1.31458
1.31466
1.31473
1.31477
1.3148
1.31483
1.31483
1.31484
1.31483
1.31483
1.31484
1.31488
1.31496
1.31506
1.31519
1.31531
1.31538
1.31536
1.31523
1.31505
1.31487
1.31479
1.31483
1.31497
1.31514
1.31528
1.31536
1.3154
1.31539
1.31541
1.31544
1.31548
1.31553
1.31551
1.31541
1.31522
1.31495
1.31463
1.3143
1.31403
1.31386
1.3138
1.31385
1.31398
1.31416
1.31433
1.31451
1.31467
1.3148
1.31491
1.315
1.31506
1.3151
1.31512
1.31513
1.31513
1.31512
1.31512
1.3151
1.31508
1.31503
1.31498
1.31491
1.31484
1.31477
1.31471
1.31469
1.31472
1.31477
1.31487
1.31499
1.31513
1.31529
1.31544
1.31557
1.31564
1.31565
1.31558
1.31544
1.31525
1.31506
1.31488
1.31475
1.31463
1.31454
1.31446
1.31439
1.31435
1.31432
1.3143
1.31432
1.31436
1.31442
1.31448
1.31456
1.31464
1.31472
1.31479
1.31484
1.31489
1.31493
1.31496
1.31498
1.31499
1.31499
1.31499
1.31499
1.31498
1.31497
1.31497
1.31496
1.31495
1.31492
1.31491
1.3149
1.3149
1.3149
1.31492
1.31496
1.31501
1.31509
1.31517
1.31521
1.31521
1.31511
1.31492
1.31465
1.31439
1.31421
1.31412
1.31414
1.31423
1.31436
1.31449
1.31462
1.31474
1.31484
1.31493
1.31499
1.31503
1.31503
1.31499
1.31493
1.31485
1.31475
1.31466
1.31457
1.3145
1.31446
1.31446
1.31446
1.3145
1.31455
1.3146
1.31467
1.31472
1.31478
1.31484
1.31488
1.31493
1.31497
1.315
1.31502
1.31502
1.31501
1.31498
1.31492
1.31485
1.31477
1.31468
1.3146
1.31452
1.31445
1.31441
1.3144
1.31442
1.31446
1.31452
1.31458
1.31466
1.31474
1.31481
1.31485
1.31489
1.31491
1.31491
1.31489
1.31487
1.31482
1.31477
1.31473
1.31471
1.31471
1.31472
1.31478
1.31488
1.315
1.31517
1.31535
1.31551
1.31562
1.31562
1.31544
1.3151
1.31466
1.31423
1.31396
1.31385
1.31388
1.31401
1.31415
1.3143
1.3144
1.3145
1.31458
1.31463
1.31467
1.3147
1.31473
1.31476
1.31479
1.31482
1.31485
1.31486
1.31489
1.31491
1.31491
1.31488
1.31486
1.31478
1.3147
1.31462
1.31455
1.3145
1.31449
1.3145
1.31452
1.31456
1.31462
1.31468
1.31476
1.31483
1.31488
1.31494
1.31497
1.31499
1.31497
1.31492
1.31484
1.31475
1.31468
1.31462
1.31458
1.31456
1.31457
1.3146
1.31462
1.31464
1.31466
1.31468
1.3147
1.3147
1.3147
1.3147
1.31469
1.31468
1.31467
1.31466
1.31465
1.31464
1.31464
1.31463
1.31464
1.31466
1.31469
1.31473
1.31478
1.31482
1.31487
1.31492
1.31494
1.31495
1.31492
1.31487
1.31481
1.31472
1.31462
1.31453
1.31447
1.31444
1.31443
1.31445
1.31449
1.31454
1.3146
1.31465
1.3147
1.31475
1.31479
1.31482
1.31485
1.31486
1.31487
1.31486
1.31484
1.31482
1.31479
1.31479
1.3148
1.31486
1.31495
1.31506
1.31517
1.31523
1.31522
1.31508
1.31486
1.31459
1.31432
1.31414
1.31404
1.31403
1.31408
1.31414
1.31422
1.31429
1.31436
1.31441
1.31446
1.31449
1.31452
1.31454
1.31455
1.31456
1.31457
1.31458
1.31459
1.3146
1.31462
1.31463
1.31465
1.31467
1.31469
1.31472
1.31475
1.31479
1.31483
1.31488
1.31494
1.31499
1.31503
1.31506
1.31508
1.31508
1.31505
1.31503
1.31499
1.31494
1.31484
1.31471
1.31456
1.31439
1.31427
1.31421
1.31421
1.31427
1.31435
1.31443
1.31448
1.31451
1.31451
1.31452
1.31454
1.31458
1.31466
1.31476
1.31489
1.315
1.31507
1.31507
1.31497
1.31483
1.31466
1.31453
1.31448
1.31452
1.3146
1.31469
1.31474
1.31471
1.31463
1.31454
1.31444
1.31439
1.31441
1.31448
1.31457
1.31468
1.31479
1.31489
1.31497
1.31505
1.3151
1.31515
1.31521
1.31525
1.31529
1.31532
1.31534
1.31534
1.3153
1.31522
1.31508
1.31491
1.31472
1.31453
1.31434
1.31419
1.31406
1.31396
1.31393
1.31396
1.31404
1.31417
1.31434
1.31454
1.31474
1.31494
1.31512
1.31527
1.31537
1.31541
1.31538
1.31529
1.31514
1.31497
1.3148
1.31466
1.31456
1.31451
1.31448
1.31448
1.31451
1.31455
1.31459
1.31462
1.31467
1.31471
1.31476
1.3148
1.31484
1.31488
1.31491
1.31494
1.31497
1.31501
1.31504
1.31507
1.31509
1.31513
1.31517
1.3152
1.31522
1.31519
1.31508
1.3149
1.31469
1.31448
1.31433
1.31429
1.31431
1.31442
1.31457
1.31473
1.31488
1.31499
1.31506
1.31511
1.31511
1.31509
1.31504
1.315
1.31497
1.31495
1.31493
1.31492
1.31492
1.3149
1.31487
1.31484
1.3148
1.31477
1.31474
1.31471
1.31468
1.31466
1.31467
1.3147
1.31475
1.31485
1.31495
1.31507
1.31521
1.31534
1.31544
1.31547
1.31539
1.31518
1.31484
1.31447
1.31415
1.31398
1.31395
1.31405
1.31419
1.31436
1.31451
1.31465
1.31478
1.31487
1.31495
1.31501
1.31507
1.31511
1.31513
1.31513
1.31508
1.31502
1.31494
1.31483
1.31473
1.31464
1.31458
1.31455
1.31455
1.31457
1.3146
1.31464
1.31468
1.31473
1.31478
1.31482
1.31487
1.31493
1.31498
1.31505
1.31513
1.31521
1.31528
1.31534
1.31536
1.31534
1.31525
1.31512
1.31496
1.3148
1.31468
1.31458
1.3145
1.31442
1.31434
1.3143
1.31427
1.31429
1.31434
1.31442
1.31449
1.31456
1.31461
1.31466
1.31471
1.31473
1.31474
1.31475
1.31475
1.31474
1.31474
1.31474
1.31474
1.31476
1.31479
1.31484
1.3149
1.31498
1.31506
1.31514
1.31519
1.31518
1.31508
1.31489
1.31465
1.3144
1.31421
1.3141
1.31409
1.31416
1.31427
1.31439
1.31452
1.31466
1.31478
1.31489
1.31499
1.3151
1.31522
1.31532
1.3154
1.31545
1.31547
1.31543
1.31535
1.3152
1.31502
1.31482
1.31464
1.31448
1.31436
1.31427
1.31422
1.31419
1.31419
1.3142
1.31425
1.31432
1.3144
1.31449
1.31458
1.31467
1.31475
1.31483
1.31489
1.31492
1.31495
1.31496
1.31495
1.31493
1.31487
1.31479
1.31471
1.31461
1.31453
1.31448
1.31447
1.31449
1.31456
1.31466
1.31478
1.31492
1.31508
1.31522
1.31536
1.31548
1.31555
1.31557
1.31551
1.31538
1.31518
1.31492
1.31466
1.31443
1.31425
1.31416
1.31415
1.31422
1.31434
1.31445
1.31453
1.31454
1.31449
1.31439
1.3143
1.31422
1.31421
1.31424
1.31432
1.31441
1.31452
1.31461
1.31469
1.31476
1.31481
1.31484
1.31486
1.31489
1.31491
1.31493
1.31497
1.31502
1.31508
1.31513
1.31518
1.31521
1.3152
1.31516
1.39784
1.39775
1.39765
1.39756
1.39748
1.39743
1.39739
1.39736
1.39734
1.39732
1.39731
1.39729
1.39728
1.39726
1.39728
1.39733
1.39743
1.39754
1.39767
1.39777
1.39782
1.39779
1.39765
1.39747
1.39725
1.39704
1.3969
1.39682
1.39681
1.39685
1.39693
1.39701
1.39712
1.39722
1.39731
1.39739
1.39747
1.39752
1.39758
1.39764
1.39769
1.39772
1.39774
1.39775
1.39773
1.3977
1.39766
1.39762
1.39757
1.39751
1.39746
1.39741
1.39736
1.39732
1.3973
1.39727
1.39727
1.39727
1.39728
1.3973
1.39733
1.39737
1.39741
1.39745
1.3975
1.39754
1.3976
1.39763
1.39766
1.39768
1.3977
1.39771
1.39772
1.39775
1.39776
1.39777
1.39779
1.39781
1.39782
1.39784
1.39787
1.39791
1.39796
1.398
1.39803
1.398
1.39789
1.39773
1.39752
1.39733
1.39716
1.39705
1.39702
1.39704
1.3971
1.39718
1.39727
1.39734
1.39741
1.39744
1.39745
1.39744
1.39741
1.39739
1.39739
1.39741
1.39745
1.39749
1.39756
1.39762
1.39769
1.39774
1.39778
1.39782
1.39784
1.39785
1.39786
1.39786
1.39782
1.39777
1.39769
1.39762
1.39755
1.39748
1.39742
1.39738
1.39736
1.39735
1.39736
1.39739
1.39742
1.39745
1.39747
1.39751
1.39754
1.39757
1.39759
1.39763
1.39766
1.39768
1.3977
1.39772
1.39772
1.39774
1.39775
1.39775
1.39772
1.3977
1.39769
1.39766
1.39762
1.39761
1.39761
1.3976
1.39762
1.39767
1.39774
1.39786
1.39798
1.39813
1.39824
1.39823
1.39804
1.39764
1.39714
1.39671
1.39647
1.39646
1.3966
1.39682
1.39707
1.39731
1.39754
1.39776
1.39799
1.39822
1.39845
1.39867
1.39883
1.39889
1.39883
1.39862
1.39828
1.39791
1.39756
1.3973
1.39709
1.39693
1.39682
1.39675
1.39675
1.3968
1.39689
1.397
1.39711
1.39722
1.39732
1.39741
1.39749
1.39758
1.39767
1.39778
1.39791
1.39804
1.39817
1.39827
1.39831
1.39825
1.39808
1.39785
1.39757
1.39731
1.39712
1.39702
1.39702
1.39708
1.39718
1.39731
1.39743
1.39758
1.39773
1.3979
1.39809
1.39828
1.39845
1.39853
1.39847
1.39822
1.3978
1.39737
1.39704
1.39689
1.3969
1.397
1.39714
1.39727
1.39737
1.39744
1.3975
1.39753
1.39754
1.39754
1.39755
1.39755
1.39755
1.39756
1.39756
1.39756
1.39756
1.39757
1.39756
1.39757
1.39759
1.39759
1.39758
1.39758
1.39758
1.39758
1.39757
1.39755
1.39755
1.39753
1.39753
1.39752
1.39751
1.39749
1.39747
1.39746
1.39745
1.39745
1.39743
1.39744
1.39744
1.39746
1.39748
1.39751
1.39755
1.3976
1.39765
1.39769
1.3977
1.39768
1.3976
1.39749
1.39737
1.39726
1.39719
1.39718
1.39723
1.39732
1.39744
1.39755
1.39762
1.39765
1.39763
1.39757
1.39751
1.39748
1.39748
1.39751
1.39752
1.39751
1.39746
1.3974
1.39735
1.39731
1.39728
1.39723
1.39717
1.39708
1.397
1.39694
1.39692
1.39694
1.39699
1.39708
1.39717
1.39727
1.39736
1.39746
1.39754
1.3976
1.39763
1.39764
1.39764
1.39761
1.39758
1.39754
1.39749
1.39745
1.39743
1.39742
1.39744
1.39747
1.39752
1.39759
1.39768
1.39775
1.39781
1.39783
1.3978
1.39771
1.39758
1.39743
1.39731
1.39721
1.39718
1.39718
1.39721
1.39727
1.39731
1.39734
1.39735
1.39737
1.39737
1.39737
1.39738
1.3974
1.39742
1.39745
1.3975
1.39754
1.3976
1.39767
1.39775
1.39781
1.39786
1.39787
1.39785
1.39782
1.39776
1.39774
1.39775
1.39779
1.39787
1.39792
1.39794
1.39791
1.39781
1.39766
1.39748
1.39731
1.3972
1.39717
1.39726
1.39741
1.39761
1.39778
1.39794
1.39803
1.39806
1.39799
1.39786
1.39765
1.39738
1.39709
1.39683
1.39666
1.39658
1.39657
1.39662
1.39673
1.39686
1.397
1.39715
1.39728
1.39741
1.39752
1.39761
1.39772
1.3978
1.39787
1.39792
1.39796
1.39798
1.39798
1.39795
1.39791
1.39785
1.3978
1.39775
1.39773
1.39772
1.39775
1.39781
1.39791
1.39803
1.39813
1.39819
1.39818
1.39808
1.3979
1.39768
1.39748
1.39737
1.39735
1.39741
1.39754
1.3977
1.39788
1.39803
1.39816
1.39826
1.3983
1.39825
1.39813
1.39795
1.39773
1.39749
1.39727
1.39709
1.39696
1.39689
1.39689
1.39693
1.39701
1.39711
1.39723
1.39734
1.39744
1.39754
1.39763
1.39771
1.39779
1.39788
1.39795
1.39803
1.3981
1.39817
1.3982
1.39819
1.39813
1.39801
1.39784
1.39768
1.39753
1.39741
1.39736
1.39737
1.3974
1.39747
1.39755
1.39764
1.39771
1.39779
1.39784
1.39789
1.39792
1.39793
1.39794
1.39793
1.39793
1.39792
1.39794
1.39797
1.39801
1.39807
1.39812
1.39815
1.39812
1.39802
1.39785
1.39764
1.39746
1.39732
1.39727
1.39728
1.39734
1.3974
1.39746
1.39751
1.39752
1.39749
1.39742
1.39735
1.39728
1.39723
1.39723
1.39726
1.39732
1.3974
1.39747
1.39752
1.39757
1.3976
1.39763
1.39763
1.39765
1.39766
1.39766
1.39766
1.39766
1.39767
1.39768
1.39769
1.39771
1.39772
1.39772
1.39773
1.39774
1.39775
1.39777
1.39778
1.3978
1.39782
1.39785
1.3979
1.39794
1.39798
1.39803
1.39803
1.398
1.39789
1.39773
1.39754
1.39735
1.3972
1.39711
1.39709
1.39713
1.39719
1.39727
1.39735
1.39742
1.39748
1.39752
1.39755
1.39756
1.39756
1.39756
1.39757
1.39757
1.39758
1.3976
1.39764
1.39768
1.39775
1.39784
1.39793
1.39804
1.39814
1.39822
1.39824
1.39817
1.39801
1.39776
1.39747
1.39717
1.39692
1.39674
1.39666
1.39665
1.39671
1.39679
1.39691
1.39703
1.39715
1.39727
1.39738
1.39747
1.39755
1.39763
1.39769
1.39773
1.39777
1.3978
1.3978
1.39781
1.3978
1.39777
1.39775
1.39771
1.39767
1.39765
1.39762
1.3976
1.39757
1.39755
1.3975
1.39743
1.39737
1.39731
1.39725
1.39721
1.39719
1.39719
1.3972
1.39722
1.39724
1.39726
1.39728
1.39731
1.39735
1.39741
1.39748
1.39757
1.39766
1.39776
1.39785
1.39791
1.39793
1.39789
1.3978
1.39766
1.39748
1.3973
1.39716
1.39706
1.39703
1.39703
1.39708
1.39717
1.39725
1.39732
1.39739
1.39745
1.39751
1.39756
1.39761
1.39766
1.39772
1.39778
1.39786
1.39794
1.39802
1.3981
1.39814
1.39813
1.39803
1.39786
1.39762
1.39734
1.39709
1.3969
1.3968
1.3968
1.39686
1.39698
1.39712
1.39731
1.39756
1.3979
1.39834
1.39885
1.39931
1.39942
1.39891
1.39785
1.39677
1.39615
1.39605
1.39622
1.39641
1.39657
1.39672
1.3969
1.3971
1.39734
1.39754
1.39773
1.39787
1.39794
1.39793
1.39786
1.39773
1.3976
1.39749
1.39743
1.39742
1.39745
1.39751
1.39756
1.39761
1.39762
1.39762
1.3976
1.39757
1.39752
1.39749
1.39746
1.39744
1.39742
1.39742
1.39742
1.39743
1.39743
1.39745
1.39748
1.39751
1.39755
1.39759
1.39765
1.39771
1.39776
1.39782
1.39786
1.3979
1.3979
1.39788
1.39783
1.39777
1.39769
1.39762
1.39757
1.39754
1.39755
1.39758
1.39762
1.39765
1.39766
1.39763
1.39757
1.39749
1.39743
1.3974
1.39742
1.39746
1.39753
1.39759
1.39765
1.39766
1.39766
1.39766
1.39765
1.39764
1.39763
1.39762
1.39762
1.39759
1.39756
1.39751
1.39746
1.3974
1.39735
1.39731
1.3973
1.39729
1.39731
1.39733
1.39737
1.39741
1.39746
1.3975
1.39753
1.39757
1.3976
1.39762
1.39763
1.39766
1.39768
1.39772
1.39777
1.39782
1.39788
1.39795
1.39802
1.39809
1.39813
1.39815
1.39813
1.39808
1.39798
1.39785
1.39771
1.39756
1.39743
1.39732
1.39727
1.39724
1.39727
1.39735
1.39744
1.39753
1.39759
1.39763
1.39764
1.39758
1.3975
1.39739
1.39731
1.39726
1.39725
1.39728
1.39733
1.3974
1.39746
1.39753
1.39759
1.39763
1.39767
1.3977
1.39772
1.39774
1.39774
1.39774
1.39774
1.39772
1.3977
1.39766
1.39765
1.39763
1.39761
1.3976
1.39758
1.39757
1.39756
1.39756
1.39756
1.39757
1.39757
1.39757
1.39757
1.39757
1.39757
1.39758
1.39759
1.39759
1.3976
1.39761
1.39762
1.39763
1.39764
1.39765
1.39767
1.39768
1.39769
1.3977
1.3977
1.3977
1.39767
1.39764
1.39759
1.39755
1.3975
1.39747
1.39745
1.39745
1.39746
1.3975
1.39754
1.39759
1.39765
1.39769
1.39771
1.3977
1.39767
1.39761
1.39755
1.3975
1.39745
1.39741
1.3974
1.3974
1.3974
1.39738
1.39736
1.39732
1.39728
1.39724
1.39719
1.39716
1.39715
1.39715
1.39718
1.39721
1.39727
1.39733
1.39741
1.39749
1.39759
1.3977
1.39781
1.39792
1.39803
1.39813
1.39818
1.39816
1.39806
1.39788
1.39768
1.3975
1.39736
1.39731
1.39731
1.39732
1.39735
1.39735
1.39735
1.39734
1.39733
1.39733
1.39733
1.39733
1.39733
1.39733
1.39733
1.39732
1.39731
1.3973
1.39728
1.39727
1.39728
1.39729
1.3973
1.39734
1.39737
1.39742
1.39748
1.39757
1.39767
1.3978
1.39795
1.39808
1.3982
1.39827
1.39827
1.3982
1.39806
1.39788
1.39769
1.39755
1.39746
1.39744
1.39747
1.39752
1.39757
1.39759
1.39755
1.39747
1.39738
1.39731
1.39727
1.39729
1.39734
1.39741
1.39749
1.39755
1.39759
1.39761
1.39761
1.3976
1.3976
1.3976
1.39763
1.39767
1.39773
1.39781
1.39787
1.39795
1.39799
1.39802
1.398
1.39793
1.39782
1.39769
1.39755
1.39743
1.39733
1.39726
1.39722
1.46479
1.46483
1.4649
1.46498
1.46504
1.46511
1.46517
1.46522
1.46525
1.46526
1.46526
1.46525
1.46523
1.46522
1.4652
1.4652
1.4652
1.46522
1.46525
1.46528
1.46531
1.46533
1.46536
1.46541
1.46546
1.46552
1.46559
1.46565
1.46569
1.46565
1.46554
1.46534
1.46509
1.46483
1.46462
1.46449
1.46442
1.46444
1.4645
1.46458
1.46468
1.46476
1.46484
1.46491
1.46497
1.46502
1.46508
1.46512
1.46517
1.46521
1.46524
1.46528
1.46531
1.46534
1.46537
1.46541
1.46543
1.46545
1.46547
1.46547
1.46547
1.46546
1.46543
1.46539
1.46536
1.46537
1.46539
1.46542
1.46545
1.4654
1.4653
1.46513
1.46493
1.46476
1.46465
1.4646
1.46458
1.46459
1.4646
1.46462
1.46465
1.46468
1.46472
1.46476
1.46481
1.46486
1.4649
1.46494
1.46498
1.46502
1.46505
1.46507
1.46509
1.46511
1.46512
1.46514
1.46515
1.46517
1.46519
1.46522
1.46524
1.46526
1.46528
1.4653
1.46531
1.46534
1.46537
1.46539
1.4654
1.46538
1.46536
1.46533
1.4653
1.46525
1.46521
1.46517
1.46514
1.46512
1.46512
1.46513
1.46512
1.46512
1.46512
1.46511
1.46508
1.46505
1.46501
1.46494
1.46489
1.46482
1.46476
1.46473
1.46472
1.46473
1.46475
1.46479
1.46483
1.46488
1.46493
1.46498
1.46504
1.46509
1.46516
1.46522
1.4653
1.46537
1.46543
1.46547
1.46548
1.46547
1.46542
1.46535
1.46525
1.46517
1.46513
1.46516
1.46526
1.46544
1.46562
1.46571
1.46558
1.46516
1.46458
1.46407
1.46379
1.46379
1.46398
1.46423
1.46448
1.46468
1.46482
1.46491
1.46496
1.46497
1.46497
1.46496
1.46495
1.46494
1.46497
1.46501
1.46507
1.46516
1.46528
1.46539
1.4655
1.46558
1.46562
1.46563
1.46562
1.46561
1.46554
1.46538
1.46506
1.46467
1.46434
1.46416
1.46418
1.46434
1.46455
1.46475
1.46489
1.46497
1.465
1.46499
1.46496
1.46494
1.46491
1.46488
1.46487
1.46487
1.46487
1.46489
1.46492
1.46495
1.46499
1.46504
1.46511
1.4652
1.46531
1.46547
1.46565
1.46587
1.46607
1.46619
1.46614
1.46585
1.46534
1.46478
1.46435
1.46415
1.46414
1.46425
1.46441
1.46457
1.46472
1.46483
1.46492
1.46498
1.46501
1.46502
1.46501
1.46498
1.46494
1.4649
1.46487
1.46485
1.46485
1.46488
1.46491
1.46496
1.46501
1.46507
1.46512
1.4652
1.46527
1.46534
1.4654
1.46545
1.46547
1.46546
1.46543
1.46539
1.46533
1.46531
1.4653
1.46527
1.46522
1.46511
1.46497
1.46476
1.46458
1.46447
1.46443
1.46447
1.46457
1.46468
1.46479
1.46488
1.46495
1.46501
1.46504
1.46506
1.46508
1.4651
1.46513
1.46516
1.46518
1.46521
1.46521
1.46522
1.46524
1.46524
1.46523
1.46521
1.46519
1.46518
1.46514
1.46511
1.46507
1.46504
1.46501
1.46499
1.46497
1.46495
1.46493
1.46493
1.46493
1.46493
1.46494
1.46495
1.46495
1.46496
1.46496
1.46496
1.46497
1.46499
1.46501
1.46504
1.46508
1.46512
1.46517
1.46521
1.46526
1.46531
1.46535
1.46536
1.46534
1.46532
1.46527
1.4652
1.46515
1.4651
1.46506
1.46507
1.46513
1.46525
1.46543
1.4657
1.46598
1.46618
1.46614
1.46574
1.46507
1.46443
1.46405
1.46405
1.46428
1.46456
1.46478
1.46487
1.46487
1.46478
1.46468
1.4646
1.46455
1.46456
1.4646
1.46467
1.46474
1.46481
1.46486
1.4649
1.46493
1.46494
1.46496
1.46497
1.46497
1.46499
1.46501
1.46504
1.46506
1.46508
1.4651
1.46512
1.46514
1.46514
1.46516
1.46515
1.46513
1.46513
1.46512
1.4651
1.4651
1.4651
1.4651
1.46512
1.46515
1.46517
1.46518
1.4652
1.46522
1.46526
1.4653
1.46535
1.4654
1.46549
1.4656
1.46572
1.46582
1.4659
1.46591
1.46588
1.46578
1.46564
1.46547
1.46529
1.46512
1.46496
1.46481
1.46466
1.46451
1.4644
1.46433
1.46432
1.46436
1.46443
1.46452
1.46462
1.46473
1.46483
1.46493
1.46503
1.46512
1.46521
1.46529
1.46536
1.46542
1.46546
1.46547
1.46542
1.4653
1.46516
1.46501
1.46487
1.46479
1.46479
1.46483
1.4649
1.46497
1.46505
1.46514
1.46521
1.46527
1.46534
1.4654
1.46546
1.46551
1.46556
1.46558
1.46558
1.46556
1.46549
1.46539
1.46528
1.46514
1.465
1.46487
1.46477
1.46469
1.46465
1.46466
1.46468
1.46473
1.46478
1.46485
1.4649
1.46495
1.46499
1.46503
1.46506
1.46508
1.4651
1.46512
1.46513
1.46514
1.46514
1.46515
1.46515
1.46515
1.46515
1.46515
1.46516
1.46517
1.46517
1.46517
1.46517
1.46515
1.46513
1.46511
1.46508
1.46507
1.46506
1.46505
1.46504
1.46505
1.46505
1.46509
1.46513
1.46518
1.46523
1.46528
1.46533
1.46535
1.46535
1.46533
1.4653
1.46525
1.4652
1.46515
1.46509
1.46508
1.46508
1.46508
1.4651
1.4651
1.46509
1.46506
1.46502
1.46498
1.46495
1.46494
1.46496
1.465
1.46505
1.4651
1.46514
1.46517
1.46518
1.46517
1.46516
1.46513
1.46511
1.46508
1.46507
1.46506
1.46504
1.465
1.46496
1.46493
1.4649
1.46485
1.46483
1.46483
1.46484
1.46488
1.46494
1.46501
1.46509
1.46517
1.46524
1.4653
1.46535
1.46538
1.46538
1.46537
1.46535
1.46531
1.46526
1.46521
1.46516
1.46512
1.46508
1.46505
1.46504
1.46505
1.46506
1.46507
1.4651
1.46513
1.46518
1.46522
1.46525
1.46528
1.4653
1.46531
1.46532
1.46532
1.46531
1.4653
1.46529
1.46527
1.46525
1.46522
1.46519
1.46518
1.46517
1.46517
1.46519
1.46522
1.46527
1.46531
1.46536
1.46537
1.46537
1.46533
1.46526
1.46519
1.46509
1.46502
1.46496
1.4649
1.46487
1.46486
1.46487
1.46491
1.46495
1.46502
1.46511
1.4652
1.46527
1.46536
1.46545
1.46552
1.46558
1.46563
1.46566
1.46566
1.46562
1.46556
1.46545
1.46532
1.46519
1.46505
1.46491
1.4648
1.46471
1.46468
1.46468
1.4647
1.46474
1.4648
1.46487
1.46493
1.46498
1.46503
1.46506
1.46508
1.46511
1.46514
1.46515
1.46516
1.46517
1.46519
1.4652
1.46523
1.46524
1.46527
1.4653
1.46533
1.46537
1.46541
1.46544
1.46547
1.46548
1.46545
1.46541
1.46534
1.46524
1.46516
1.46508
1.46503
1.46501
1.46502
1.46503
1.46506
1.46511
1.46514
1.46519
1.46524
1.46529
1.46535
1.46541
1.46546
1.46547
1.46544
1.46538
1.46528
1.46515
1.46503
1.46494
1.46488
1.46486
1.46489
1.46496
1.46508
1.46524
1.46544
1.46563
1.46579
1.46583
1.4657
1.4654
1.46499
1.46464
1.46445
1.46442
1.46452
1.46468
1.46485
1.465
1.46513
1.46523
1.46529
1.46533
1.46535
1.46537
1.46536
1.46534
1.46531
1.46526
1.46522
1.46519
1.46516
1.46514
1.46514
1.46514
1.46517
1.46518
1.46521
1.46524
1.46527
1.46529
1.4653
1.46532
1.46533
1.46533
1.46534
1.46533
1.46533
1.46533
1.46533
1.46533
1.46534
1.46533
1.46533
1.46531
1.46529
1.46526
1.46523
1.46519
1.46515
1.46509
1.46505
1.465
1.46497
1.46493
1.46491
1.46491
1.46493
1.46495
1.465
1.46506
1.46512
1.46519
1.46527
1.46533
1.4654
1.46545
1.46547
1.46548
1.46548
1.46548
1.46547
1.46546
1.46545
1.46545
1.46542
1.46539
1.46533
1.46522
1.46508
1.46494
1.46481
1.46471
1.46465
1.46464
1.46467
1.46472
1.46479
1.46485
1.46492
1.46499
1.46504
1.46508
1.46512
1.46514
1.46517
1.4652
1.46523
1.46524
1.46527
1.46529
1.46531
1.46532
1.46534
1.46534
1.46534
1.46532
1.4653
1.46528
1.46524
1.46519
1.46515
1.46509
1.46504
1.46501
1.46499
1.46496
1.46496
1.46496
1.46497
1.46498
1.46499
1.46501
1.46503
1.46504
1.46505
1.46505
1.46506
1.46507
1.46507
1.46508
1.4651
1.46511
1.46514
1.46516
1.46518
1.46522
1.46526
1.46529
1.46531
1.46532
1.46532
1.4653
1.46529
1.46527
1.46527
1.46528
1.46531
1.46537
1.46546
1.46558
1.46572
1.46586
1.46595
1.46597
1.46588
1.46569
1.46536
1.46498
1.46461
1.46433
1.46416
1.46414
1.4642
1.46435
1.46451
1.46468
1.46483
1.46495
1.46507
1.46517
1.46526
1.46534
1.46542
1.46548
1.46553
1.46555
1.46554
1.46549
1.46541
1.4653
1.46518
1.46508
1.46499
1.46493
1.4649
1.4649
1.46492
1.46496
1.465
1.46504
1.4651
1.46518
1.46525
1.46534
1.46543
1.46553
1.46557
1.46557
1.46552
1.46541
1.46523
1.46505
1.46488
1.46477
1.46472
1.46474
1.4648
1.46489
1.465
1.46509
1.46517
1.46522
1.46524
1.46524
1.46524
1.46522
1.4652
1.46517
1.46514
1.46513
1.46512
1.46513
1.46513
1.46514
1.46516
1.46518
1.4652
1.46521
1.46522
1.46523
1.46524
1.46524
1.46524
1.46523
1.46521
1.46517
1.46513
1.46509
1.46505
1.46503
1.46502
1.46502
1.46505
1.46507
1.46507
1.46503
1.46497
1.46488
1.46478
1.46469
1.46463
1.46461
1.46463
1.46469
1.46479
1.46492
1.46504
1.46518
1.4653
1.4654
1.46547
1.46546
1.46535
1.46519
1.46498
1.46479
1.46468
1.46467
1.46478
1.46494
1.46514
1.46532
1.46549
1.46559
1.46561
1.46554
1.46542
1.46526
1.46508
1.46494
1.46484
1.46479
1.46477
1.46477
1.46478
1.46478
1.46475
1.46469
1.46461
1.46452
1.46446
1.46443
1.46444
1.46449
1.46456
1.46465
1.46475
1.46487
1.46497
1.46507
1.46515
1.46523
1.46528
1.46529
1.46528
1.46523
1.46515
1.46508
