1.09913
1.09608
1.09061
1.08241
1.07102
1.05586
1.03623
1.01134
0.980428
0.942851
0.898313
0.847141
0.790579
0.730919
0.671424
0.615894
0.567903
0.530132
0.503949
0.489338
0.485177
0.489614
0.500464
0.515512
0.532758
0.550542
0.567583
0.582991
0.59625
0.607147
0.615672
0.621943
0.626074
0.628122
0.628072
0.6259
0.621649
0.615506
0.607858
0.599299
0.590549
0.582407
0.575714
0.57123
0.569529
0.570807
0.574765
0.580663
0.587544
0.594463
0.600641
0.605529
0.608778
0.610256
0.610019
0.608351
0.605712
0.6027
0.59994
0.597955
0.597093
0.597453
0.598906
0.601163
0.603861
0.606635
0.609162
0.611179
0.612471
0.612868
0.612218
0.610421
0.607417
0.603251
0.598139
0.592486
0.586888
0.581963
0.578153
0.575577
0.574003
0.573027
0.572287
0.571545
0.57065
0.569456
0.567768
0.565416
0.562417
0.559039
0.555768
0.553178
0.551763
0.551818
0.55339
0.55629
0.560161
0.56457
0.569046
0.573127
0.576388
0.578433
0.578968
0.577838
0.575111
0.571083
0.566249
0.561204
0.556542
0.552721
0.550018
0.548499
0.548091
0.548661
0.55006
0.552164
0.554867
0.558067
0.561619
0.565251
0.568554
0.571023
0.572218
0.571994
0.570671
0.569046
0.568236
0.569305
0.572896
0.579021
0.587044
0.595918
0.604477
0.611748
0.61714
0.620506
0.622078
0.62235
0.621886
0.621192
0.620584
0.620135
0.619713
0.619081
0.617954
0.616073
0.613293
0.609631
0.605282
0.600614
0.596079
0.592157
0.589172
0.58722
0.586135
0.585556
0.585106
0.584541
0.583834
0.583166
0.582844
0.583232
0.584627
0.587186
0.590867
0.595388
0.60026
0.604849
0.608469
0.610492
0.610452
0.60814
0.603731
0.597795
0.591206
0.584883
0.579505
0.575299
0.572063
0.569374
0.566897
0.5646
0.562796
0.562023
0.562815
0.565477
0.569878
0.575451
0.581336
0.586644
0.590668
0.593015
0.593634
0.592735
0.590703
0.587944
0.584813
0.581514
0.57815
0.574819
0.571657
0.568923
0.567007
0.566345
0.567348
0.570294
0.575229
0.581909
0.589818
0.598258
0.606453
0.613658
0.619269
0.622871
0.624227
0.623278
0.620144
0.615102
0.608589
0.601205
0.593614
0.586477
0.58036
0.575604
0.572301
0.570308
0.569311
0.56896
0.568965
0.569171
0.569548
0.570165
0.571135
0.572536
0.57436
0.576462
0.578603
0.580476
0.581791
0.582349
0.582073
0.581029
0.579423
0.577584
0.575875
0.574638
0.574123
0.574439
0.575525
0.577174
0.579058
0.58079
0.582034
0.582557
0.582279
0.581272
0.579726
0.577863
0.575879
0.573877
0.571897
0.569931
0.567975
0.566052
0.564205
0.56248
0.560903
0.55948
0.558231
0.557194
0.556471
0.556216
0.556612
0.557839
0.559964
0.562925
0.566513
0.57039
0.574197
0.577636
0.580534
0.58286
0.584663
0.58603
0.587046
0.587756
0.588204
0.588519
0.588955
0.589891
0.591697
0.59452
0.598172
0.602161
0.605872
0.608718
0.610231
0.610099
0.608076
0.603985
0.597756
0.589488
0.579582
0.568834
0.558424
0.549729
0.543999
0.541948
0.543531
0.547938
0.553879
0.55995
0.56493
0.567927
0.568469
0.566505
0.562357
0.556642
0.550175
0.543826
0.538357
0.534337
0.532057
0.53155
0.532636
0.535018
0.538316
0.54211
0.545993
0.549604
0.552694
0.555133
0.556921
0.558153
0.558966
0.559492
0.559798
0.559779
0.559142
0.557476
0.554415
0.549833
0.543942
0.53729
0.530652
0.524876
0.520695
0.518614
0.518824
0.521196
0.525307
0.530552
0.536237
0.541674
0.546295
0.549678
0.551605
0.552071
0.55131
0.549763
0.547994
0.546577
0.545992
0.54657
0.548479
0.551804
0.556542
0.562581
0.569718
0.577638
0.585928
0.594112
0.601704
0.60827
0.613482
0.617119
0.619075
0.619329
0.617951
0.615116
0.611121
0.606354
0.601262
0.596277
0.591694
0.587621
0.583957
0.580449
0.576819
0.572906
0.568728
0.56446
0.560333
0.556534
0.553095
0.549897
0.546733
0.543434
0.539996
0.536597
0.533621
0.53155
0.530809
0.531617
0.533924
0.537477
0.541969
0.547159
0.552937
0.559342
0.566473
0.574403
0.583116
0.592445
0.602086
0.611564
0.620326
0.627822
0.633589
0.637341
0.639042
0.638867
0.637133
0.634168
0.630196
0.625247
0.61917
0.611714
0.602636
0.591824
0.579445
0.566034
0.552516
0.540126
0.530178
0.523794
0.521587
0.523499
0.528847
0.536568
0.545507
0.554651
0.563237
0.570746
0.576819
0.58123
0.583902
0.584937
0.584624
0.583419
0.581847
0.580377
0.579271
0.578577
0.578126
0.577626
0.576773
0.575369
0.57333
0.570704
0.567609
0.56414
0.560335
0.55614
0.551482
0.546352
0.540877
0.535336
0.530165
0.52588
0.522974
0.52177
0.522352
0.524559
0.528047
0.532429
0.537385
0.542695
0.548212
0.553856
0.559532
0.56511
0.570418
0.575261
0.579418
0.5827
0.584931
0.585985
0.585787
0.584249
0.581302
0.576898
0.571041
0.563837
0.555493
0.546366
0.536949
0.527801
0.51946
0.512376
0.506862
0.503103
0.50117
0.501074
0.502788
0.506218
0.51117
0.51732
0.524213
0.531325
0.538128
0.544178
0.549179
0.552982
0.555529
0.556833
0.5569
0.555714
0.553269
0.549632
0.544982
0.539649
0.534083
0.528812
0.524339
0.521045
0.519144
0.518695
0.519636
0.521796
0.52497
0.528879
0.533123
0.537193
0.540539
0.542684
0.543336
0.54246
0.540252
0.53708
0.533407
0.529722
0.526501
0.524159
0.522998
0.523168
0.52463
0.527133
0.53028
0.533659
0.536981
0.540178
0.543381
0.546815
0.550633
0.554776
0.558996
0.562932
0.566213
0.56855
0.569793
0.56996
0.569209
0.567787
0.565928
0.563819
0.561559
0.559198
0.556734
0.554114
0.551232
0.547971
0.544225
0.539957
0.535196
0.530014
0.52454
0.518936
0.51337
0.507995
0.502913
0.498159
0.493758
0.489761
0.486256
0.48334
0.481085
0.479512
0.478584
0.478194
0.478208
0.478533
0.479157
0.48015
0.481613
0.483595
0.486058
0.48888
0.491875
0.494869
0.497767
0.500645
0.503731
0.507391
0.512005
0.517801
0.524738
0.532454
0.540323
0.547617
0.553652
0.55793
0.560164
0.56029
0.558439
0.554832
0.549764
0.543584
0.536695
0.529532
0.522555
0.516226
0.510941
0.506993
0.504491
0.503377
0.503461
0.504492
0.506217
0.508409
0.510898
0.513544
0.516257
0.51903
0.521939
0.525086
0.528527
0.532213
0.535947
0.539386
0.542119
0.543738
0.54394
0.542591
0.539775
0.535787
0.531045
0.526019
0.521142
0.516761
0.513089
0.510199
0.508036
0.506447
0.505217
0.504087
0.502798
0.501143
0.498988
0.496316
0.49325
0.49003
0.486966
0.484385
0.482567
0.48166
0.481689
0.482583
0.48428
0.48675
0.489996
0.494024
0.498761
0.504032
0.509575
0.515069
0.520239
0.524898
0.529007
0.532662
0.536087
0.539559
0.543337
0.547578
0.552277
0.55724
0.562124
0.566493
0.569924
0.572119
0.572965
0.572548
0.571168
0.56929
0.567478
0.566284
0.566165
0.56739
0.569984
0.573741
0.57828
0.583178
0.588045
0.592576
0.596564
0.599807
0.602081
0.603126
0.602665
0.600485
0.596479
0.590747
0.583621
0.575682
0.567678
0.560417
0.554602
0.550649
0.548573
0.548089
0.548787
0.550309
0.552398
0.554884
0.557551
0.560054
0.562017
0.563179
0.563497
0.563152
0.56249
0.561937
0.561858
0.562496
0.563932
0.566068
0.568658
0.571411
0.574103
0.576609
0.57893
0.581168
0.583484
0.586033
0.588933
0.592202
0.595762
0.599391
0.602778
0.605555
0.607337
0.607752
0.606479
0.603345
0.598377
0.591803
0.584119
0.576017
0.568256
0.561545
0.556359
0.552892
0.551046
0.550501
0.550844
0.551668
0.552663
0.553645
0.554599
0.555639
0.556961
0.558805
0.561375
0.564766
0.568883
0.573374
0.577645
0.580962
0.582614
0.582072
0.579112
0.573945
0.567248
0.560084
0.55369
0.549136
0.54698
0.547107
0.548963
0.551942
0.555711
0.560233
0.565595
0.571758
0.578411
0.584986
0.590798
0.595242
0.597922
0.59869
0.597634
0.595014
0.591145
0.586308
0.5807
0.574386
0.567333
0.55954
0.551213
0.542872
0.535368
0.529724
0.526856
0.527295
0.531018
0.537539
0.546061
0.555678
0.565442
0.574484
0.582073
0.587689
0.591071
0.592236
0.591449
0.589159
0.585894
0.582156
0.578326
0.574628
0.571143
0.567869
0.564825
0.562116
0.559969
0.558666
0.558453
0.559436
0.561522
0.564455
0.567927
0.571669
0.575501
0.579338
0.58317
0.586977
0.5907
0.594201
0.597284
0.599716
0.601277
0.601764
0.600985
0.598777
0.595042
0.58973
0.582851
0.574496
0.564842
0.554182
0.542981
0.531892
0.521788
0.513678
0.508541
0.507072
0.50944
0.515204
0.523426
0.532875
0.542339
0.55084
0.557762
0.562904
0.566439
0.568791
0.57045
0.571786
0.572929
0.573717
0.573832
0.572956
0.570867
0.567505
0.56293
0.557318
0.550917
0.54406
0.537185
0.53085
0.525761
0.52267
0.522217
0.524707
0.52992
0.537072
0.545003
0.552457
0.558396
0.5622
0.563685
0.563082
0.560907
0.557818
0.554463
0.551411
0.549094
0.54783
0.54783
0.549203
0.551976
0.556063
0.561239
0.567145
0.573314
0.579209
0.584299
0.588138
0.590442
0.591161
0.590466
0.588725
0.58645
0.584206
0.582422
0.581322
0.580814
0.580554
0.5801
0.579147
0.577735
0.57633
0.575744
0.576753
0.579682
0.584156
0.589217
0.593769
0.596951
0.598347
0.59797
0.59608
0.592987
0.588997
0.584341
0.579177
0.57363
0.567784
0.561712
0.555432
0.548941
0.542228
0.535296
0.528218
0.521183
0.514526
0.508713
0.504273
0.501744
0.501512
0.503768
0.508425
0.515143
0.523354
0.53239
0.541562
0.550233
0.557889
0.564153
0.568765
0.571572
0.572507
0.571564
0.568833
0.564544
0.559108
0.553143
0.547358
0.542398
0.538691
0.536405
0.535509
0.535907
0.537511
0.540222
0.543899
0.54829
0.553044
0.557718
0.561852
0.565005
0.566831
0.567119
0.565784
0.562887
0.558599
0.55318
0.546968
0.540358
0.533796
