           1    0.303394    0.303394           0
           2    0.159341    0.231367   0.0509305
           3    0.185822    0.216186   0.0361456
           4    0.246574    0.223783   0.0278962
           5    0.276397    0.234306   0.0242204
           6    0.181571    0.225517   0.0217199
           7    0.239317    0.227488   0.0187063
           8    0.188946     0.22267   0.0169771
           9    0.152816    0.214909   0.0167714
          10    0.254939    0.218912   0.0155647
          11    0.222543    0.219242   0.0141532
          12    0.184947    0.216384   0.0132592
          13    0.237393       0.218   0.0123373
          14    0.234413    0.219172   0.0115116
          15    0.175816    0.216282   0.0111011
          16    0.205483    0.215607   0.0104278
          17     0.10225    0.208939   0.0117546
          18    0.243412    0.210854   0.0112565
          19    0.197063    0.210128   0.0106874
          20    0.191819    0.209213   0.0101922
          21    0.320724    0.214523   0.0110035
          22    0.200994    0.213908   0.0105205
          23    0.155326    0.211361   0.0103668
          24     0.16705    0.209515   0.0100979
          25    0.293482    0.212873   0.0102374
          26    0.148484    0.210397   0.0101387
          27    0.183447    0.209399  0.00981223
          28    0.202927    0.209168  0.00946452
          29    0.220802    0.209569  0.00914666
          30    0.262119     0.21132  0.00900794
          31    0.298286    0.214126  0.00914376
          32    0.208724    0.213957  0.00885958
          33    0.156455    0.212214  0.00876078
          34    0.262614    0.213697  0.00862761
          35    0.216757    0.213784  0.00838155
          36    0.297424    0.216108  0.00846461
          37    0.189758    0.215395  0.00826574
          38    0.256054    0.216465  0.00811717
          39    0.172562     0.21534  0.00798672
          40    0.160031    0.213957  0.00790584
          41    0.160031    0.212642  0.00782166
          42    0.127417    0.210612  0.00789425
          43    0.129495    0.208726  0.00793286
          44    0.145029    0.207278  0.00788356
          45    0.140818    0.205801  0.00784549
          46    0.259149    0.206961  0.00776017
          47    0.237704    0.207615  0.00762258
          48    0.211091    0.207688  0.00746412
          49    0.173688    0.206994  0.00734397
          50    0.113235    0.205119  0.00743264
           1    0.388384    0.388384           0
           2    0.372772    0.380578  0.00551943
           3    0.402416    0.387857  0.00699035
           4    0.367033    0.382651  0.00691479
           5    0.415882    0.389297   0.0081203
           6    0.364978    0.385244  0.00771241
           7    0.416742    0.389744  0.00781377
           8    0.404658    0.391608  0.00705593
           9    0.386964    0.391092  0.00629078
          10    0.359995    0.387982  0.00638421
          11    0.368042     0.38617  0.00605572
          12    0.365501    0.384447  0.00579085
          13    0.362122     0.38273  0.00559426
          14    0.386652     0.38301  0.00520168
          15    0.432728    0.386325   0.0058158
          16    0.357518    0.384524  0.00572421
          17    0.383117    0.384441  0.00538809
          18    0.403209    0.385484  0.00518865
          19    0.407863    0.386662  0.00504748
          20    0.395717    0.387115  0.00481537
          21    0.376073    0.386589  0.00461468
          22    0.457025    0.389791  0.00540259
          23    0.392605    0.389913  0.00516908
          24    0.395302    0.390137  0.00495857
          25    0.402416    0.390629  0.00478449
          26    0.407519    0.391278  0.00464436
          27    0.379406    0.390839  0.00449312
          28     0.36672    0.389977  0.00441445
          29    0.421036    0.391048  0.00439022
          30    0.421792    0.392073  0.00436185
          31    0.366894    0.391261   0.0042961
          32    0.387899    0.391156  0.00416313
          33    0.371069    0.390547  0.00408124
          34    0.354551    0.389488  0.00409621
          35    0.375726    0.389095  0.00399801
          36    0.395026     0.38926  0.00389034
          37    0.386306     0.38918  0.00378602
          38    0.385058    0.389071  0.00368794
          39    0.394127    0.389201  0.00359565
          40    0.420487    0.389983  0.00358982
          41    0.378226    0.389696   0.0035137
          42    0.372946    0.389298   0.0034526
          43    0.335967    0.388057  0.00358816
          44    0.379614    0.387866  0.00351174
          45    0.386063    0.387825  0.00343393
          46    0.413578    0.388385  0.00340461
          47    0.457501    0.389856  0.00363591
          48    0.400242    0.390072   0.0035666
          49    0.367207    0.389606   0.0035242
          50    0.399827     0.38981  0.00345965
           1    0.448821    0.448821           0
           2    0.425867    0.437344  0.00811546
           3    0.449285    0.441324  0.00631141
           4    0.428339    0.438078  0.00550551
           5    0.437712    0.438005  0.00440489
           6    0.439303    0.438221  0.00367605
           7     0.43234    0.437381   0.0032455
           8    0.445399    0.438383  0.00299057
           9    0.445991    0.439228  0.00277517
          10    0.446413    0.439947  0.00258899
          11    0.444638    0.440373  0.00238849
          12    0.426272    0.439198  0.00246161
          13    0.450445    0.440063  0.00241952
          14    0.429084    0.439279  0.00237039
          15    0.449834    0.439983  0.00231444
          16    0.426315    0.439129   0.0023221
          17    0.425803    0.438345  0.00231403
          18    0.437946    0.438323  0.00218558
          19     0.44766    0.438814  0.00212508
          20    0.436185    0.438683  0.00202289
          21    0.449855    0.439215  0.00199529
          22    0.438836    0.439197  0.00190467
          23     0.45348    0.439818  0.00192043
          24    0.427828    0.439319  0.00190429
          25    0.420957    0.438584  0.00196465
          26    0.441591      0.4387  0.00189249
          27    0.423904    0.438152  0.00190008
          28    0.434635    0.438026  0.00183637
          29    0.435612    0.437943  0.00177493
          30    0.437394    0.437925  0.00171586
          31    0.432531    0.437751  0.00166931
          32    0.456196    0.438327  0.00171377
          33    0.449602    0.438669  0.00169555
          34    0.435739    0.438583  0.00164787
          35    0.442438    0.438693  0.00160447
          36     0.43421    0.438568  0.00156472
          37     0.43353    0.438432  0.00152835
          38     0.44339    0.438563  0.00149368
          39    0.451078    0.438883  0.00148946
          40    0.427316    0.438594  0.00148003
          41    0.440341    0.438637  0.00144454
          42    0.436843    0.438594  0.00141078
          43    0.410592    0.437943  0.00152087
          44    0.439218    0.437972  0.00148658
          45    0.461029    0.438484  0.00153931
          46    0.429531     0.43829   0.0015181
          47     0.43455     0.43821  0.00148789
          48    0.439833    0.438244  0.00145727
          49     0.42721    0.438019  0.00144483
          50    0.459538    0.438449  0.00147864
           1    0.428669    0.428669           0
           2    0.426932      0.4278 0.000613889
           3    0.433422    0.429674  0.00158372
           4    0.427599    0.429155   0.0012699
           5    0.434044    0.430133  0.00134047
           6    0.425444    0.429352  0.00132543
           7    0.428169    0.429183  0.00114681
           8    0.434708    0.429873  0.00119342
           9    0.425082    0.429341  0.00117355
          10     0.42044    0.428451  0.00135228
          11    0.436682    0.429199   0.0014214
          12    0.431761    0.429413  0.00131888
          13    0.425013    0.429074   0.0012601
          14    0.433394    0.429383  0.00120729
          15    0.434224    0.429705  0.00116914
          16    0.431054     0.42979  0.00109911
          17     0.42472    0.429492  0.00107414
          18    0.427766    0.429396  0.00101874
          19    0.425987    0.429216 0.000980791
          20    0.419853    0.428748  0.00103749
          21     0.43043    0.428828 0.000991172
          22    0.429612    0.428864  0.00094676
          23    0.422128    0.428571 0.000949807
          24    0.427085    0.428509 0.000912247
          25    0.431955    0.428647 0.000886107
          26    0.431761    0.428767 0.000860081
          27    0.433436     0.42894 0.000845431
          28    0.429029    0.428943 0.000815243
          29    0.424832    0.428801 0.000799361
          30    0.424122    0.428645 0.000787787
          31    0.436641    0.428903 0.000803491
          32    0.434196    0.429068 0.000795226
          33    0.432135    0.429161 0.000776538
          34    0.428863    0.429153 0.000753748
          35    0.424136    0.429009 0.000745718
          36    0.434514    0.429162 0.000740515
          37    0.431608    0.429228 0.000723447
          38    0.425709    0.429136 0.000710313
          39     0.42946    0.429144 0.000692149
          40    0.430652    0.429182 0.000675871
          41    0.429973    0.429201 0.000659662
          42    0.433698    0.429308 0.000652589
          43    0.422868    0.429158 0.000654375
          44    0.438172    0.429363 0.000670803
          45    0.429571    0.429368 0.000655912
          46    0.428738    0.429354 0.000641796
          47    0.428308    0.429332 0.000628527
          48    0.437027    0.429492 0.000635552
          49    0.433145    0.429567 0.000626938
          50    0.437124    0.429718 0.000632357
           1     0.39913     0.39913           0
           2     0.39375     0.39644  0.00190194
           3    0.403767    0.398882  0.00236305
           4    0.397826    0.398618  0.00178698
           5    0.397054    0.398305  0.00145669
           6    0.393224    0.397458  0.00143921
           7     0.39855    0.397614  0.00124202
           8    0.398026    0.397666  0.00108783
           9    0.398064     0.39771 0.000967862
          10    0.396444    0.397583 0.000879315
          11    0.395786     0.39742 0.000814422
          12    0.399776    0.397616 0.000769855
          13    0.394955    0.397412 0.000737354
          14    0.394965    0.397237 0.000705101
          15    0.398426    0.397316 0.000662534
          16    0.397645    0.397337 0.000621445
          17    0.396721      0.3973 0.000585944
          18    0.394802    0.397162 0.000569594
          19     0.39693    0.397149 0.000539746
          20    0.391432    0.396864 0.000583582
          21    0.396902    0.396865 0.000555795
          22    0.398997    0.396962 0.000538908
          23    0.396921     0.39696  0.00051548
          24    0.395356    0.396894 0.000498317
          25    0.396063     0.39686 0.000479492
          26    0.399339    0.396956  0.00047043
          27    0.399082    0.397034 0.000459552
          28     0.39527    0.396971 0.000447439
          29    0.403048    0.397181 0.000478558
          30    0.398473    0.397224 0.000464541
          31    0.396597    0.397204 0.000449997
          32     0.39674    0.397189 0.000436168
          33    0.399567    0.397261  0.00042886
          34    0.402631    0.397419 0.000444376
          35    0.398797    0.397459 0.000433419
          36     0.39873    0.397494 0.000422817
          37    0.402962    0.397642 0.000436456
          38    0.395108    0.397575 0.000430035
          39     0.39507    0.397511  0.00042378
          40    0.400014    0.397573 0.000417778
          41    0.403048    0.397707 0.000428393
          42    0.395929    0.397665 0.000420279
          43    0.393272    0.397562  0.00042274
          44    0.402129    0.397666 0.000425682
          45    0.400279    0.397724 0.000420164
          46    0.395242     0.39767 0.000414483
          47    0.394095    0.397594 0.000412587
          48    0.403975    0.397727 0.000424865
          49    0.398597    0.397745 0.000416565
          50    0.397331    0.397737 0.000408316
           1    0.358696    0.358696           0
           2    0.358683    0.358689 4.80052e-06
           3    0.358751     0.35871 1.69338e-05
           4    0.360398    0.359132 0.000365651
           5     0.35816    0.358937 0.000340307
           6    0.357874     0.35876 0.000326478
           7    0.356806    0.358481 0.000380953
           8    0.357684    0.358381 0.000346121
           9    0.354875    0.357992 0.000479155
          10    0.352855    0.357478 0.000650725
          11    0.356853    0.357421  0.00059404
          12    0.359442     0.35759 0.000567915
          13    0.358974    0.357696 0.000534127
          14     0.35703    0.357649 0.000498087
          15    0.355292    0.357491 0.000489041
          16    0.353116    0.357218 0.000529459
          17    0.354868     0.35708 0.000516046
          18    0.356397    0.357042 0.000488769
          19    0.360445    0.357221 0.000494777
          20     0.35404    0.357062 0.000494936
          21     0.36014    0.357208   0.0004926
          22    0.358825    0.357282 0.000475658
          23    0.357507    0.357292 0.000455078
          24    0.362141    0.357494 0.000478878
          25    0.354677    0.357381 0.000472796
          26     0.35765    0.357391 0.000454725
          27    0.359924    0.357485  0.00044745
          28    0.357663    0.357492 0.000431515
          29    0.358805    0.357537 0.000419004
          30    0.357527    0.357537 0.000405038
          31    0.358981    0.357583 0.000394644
          32    0.358893    0.357624 0.000384428
          33    0.360222    0.357703 0.000380752
          34    0.362303    0.357838 0.000392858
          35    0.358248     0.35785 0.000381808
          36    0.357173    0.357831 0.000371664
          37    0.358506    0.357849 0.000362067
          38    0.354321    0.357756  0.00036425
          39    0.362539    0.357879 0.000374986
          40    0.358594    0.357897 0.000366038
          41    0.364995     0.35807 0.000395935
          42    0.360303    0.358123 0.000390061
          43    0.360127     0.35817 0.000383763
          44    0.357521    0.358155 0.000375324
          45    0.357691    0.358145 0.000367126
          46    0.354759    0.358071 0.000366451
          47    0.355373    0.358014 0.000363121
          48    0.362141      0.3581 0.000365595
          49    0.357303    0.358083 0.000358496
          50     0.35521    0.358026 0.000355904
           1    0.319869    0.319869           0
           2    0.317563    0.318716 0.000815111
           3     0.31841    0.318614  0.00054975
           4     0.31874    0.318646 0.000413217
           5    0.317829    0.318482 0.000361407
           6    0.317312    0.318287 0.000349838
           7    0.317353    0.318154 0.000324347
           8    0.318005    0.318135  0.00028434
           9    0.316438    0.317947 0.000309009
          10     0.31603    0.317755 0.000332251
          11     0.31952    0.317915 0.000338568
          12    0.319275    0.318029 0.000328766
          13    0.319045    0.318107 0.000312637
          14    0.320402    0.318271 0.000330502
          15    0.318575    0.318291 0.000309091
          16    0.316845    0.318201 0.000302693
          17    0.318515    0.318219 0.000285452
          18    0.317789    0.318195 0.000270593
          19    0.317829    0.318176 0.000257037
          20    0.317854     0.31816 0.000244688
          21     0.31899      0.3182 0.000236209
          22      0.3187    0.318222 0.000226567
          23    0.317343    0.318184 0.000219921
          24    0.319889    0.318255 0.000221932
          25    0.317774    0.318236 0.000213887
          26     0.31669    0.318176 0.000213769
          27     0.31837    0.318184 0.000205972
          28     0.31834    0.318189 0.000198692
          29    0.319515    0.318235 0.000197028
          30    0.317343    0.318205 0.000192692
          31    0.319235    0.318238 0.000189319
          32    0.316961    0.318198 0.000187564
          33    0.320994    0.318283 0.000200099
          34    0.318685    0.318295 0.000194563
          35    0.317859    0.318282 0.000189402
          36    0.317031    0.318248 0.000187302
          37    0.318545    0.318256 0.000182413
          38    0.316695    0.318215  0.00018218
          39     0.31888    0.318232 0.000178307
          40      0.3194    0.318261 0.000176224
          41    0.319924    0.318302 0.000176531
          42     0.31868    0.318311 0.000172558
          43    0.317468    0.318291 0.000169653
          44    0.317137    0.318265 0.000167813
          45     0.31686    0.318234  0.00016696
          46    0.315537    0.318175 0.000173319
          47    0.318385    0.318179  0.00016969
          48    0.320447    0.318227 0.000172604
          49     0.31948    0.318252 0.000170966
          50     0.31896    0.318266 0.000168132
           1    0.281999    0.281999           0
           2     0.28206     0.28203 2.13917e-05
           3    0.281333    0.281797 0.000190155
           4    0.281927     0.28183 0.000145372
           5    0.282664    0.281997   0.0001892
           6    0.281761    0.281957 0.000161696
           7    0.280166    0.281702 0.000274446
           8    0.281859    0.281721 0.000240848
           9    0.280524    0.281588 0.000248117
          10    0.280467    0.281476 0.000247344
          11    0.282566    0.281575 0.000243897
          12    0.283064    0.281699 0.000253157
          13    0.282067    0.281728 0.000235262
          14    0.284071    0.281895 0.000271567
          15    0.280516    0.281803 0.000268562
          16    0.280383    0.281714 0.000266032
          17    0.281272    0.281688 0.000251652
          18    0.282022    0.281707 0.000238353
          19    0.281454    0.281694 0.000226179
          20    0.281545    0.281686 0.000214992
          21    0.283481    0.281772   0.0002211
          22     0.28257    0.281808 0.000214006
          23     0.28106    0.281775 0.000207159
          24     0.28315    0.281833 0.000206297
          25    0.281238    0.281809 0.000199411
          26    0.283433    0.281871 0.000201283
          27    0.283579    0.281935 0.000203525
          28    0.280813    0.281894  0.00020016
          29    0.281731    0.281889 0.000193338
          30    0.281397    0.281872 0.000187587
          31    0.281393    0.281857 0.000182171
          32    0.282577     0.28188 0.000177863
          33    0.284446    0.281957 0.000188716
          34    0.283199    0.281994 0.000186667
          35    0.282498    0.282008 0.000181888
          36    0.280999     0.28198 0.000178983
          37    0.281101    0.281956 0.000175715
          38    0.281333     0.28194 0.000171855
          39     0.28109    0.281918 0.000168825
          40    0.282706    0.281938 0.000165748
          41    0.283606    0.281979 0.000166621
          42    0.283139    0.282006 0.000164929
          43    0.281837    0.282002  0.00016114
          44    0.282415    0.282012 0.000157751
          45    0.280969    0.281988 0.000155939
          46    0.279408    0.281932 0.000162329
          47    0.282207    0.281938 0.000158981
          48     0.28292    0.281959  0.00015698
          49    0.282392    0.281968 0.000154025
          50    0.281117    0.281951 0.000151882
           1     0.24818     0.24818           0
           2    0.248239    0.248209 2.08138e-05
           3    0.248912    0.248443 0.000191628
           4    0.248724    0.248513 0.000156013
           5     0.24933    0.248677 0.000192194
           6     0.24892    0.248717 0.000164389
           7     0.24945    0.248822 0.000171034
           8    0.249284     0.24888 0.000159086
           9    0.248442    0.248831 0.000148673
          10    0.247425    0.248691  0.00018896
          11    0.250151    0.248823 0.000213394
          12    0.249845    0.248908 0.000211913
          13     0.25018    0.249006 0.000217023
          14    0.250332    0.249101  0.00022121
          15    0.249026    0.249096 0.000206519
          16    0.248853    0.249081 0.000194169
          17    0.248785    0.249063 0.000183523
          18    0.249137    0.249067 0.000173374
          19    0.249333    0.249081 0.000164813
          20    0.249559    0.249105 0.000158289
          21    0.249278    0.249114 0.000150965
          22    0.249567    0.249134 0.000145505
          23    0.248826    0.249121 0.000139793
          24    0.249699    0.249145 0.000136027
          25    0.248636    0.249125 0.000132103
          26    0.249424    0.249136 0.000127523
          27    0.251252    0.249214 0.000144901
          28    0.250206     0.24925 0.000143993
          29    0.249713    0.249266 0.000139912
          30     0.25011    0.249294 0.000138051
          31    0.248979    0.249284 0.000133971
          32      0.2489    0.249272 0.000130321
          33    0.250811    0.249318 0.000134465
          34     0.25055    0.249355   0.0001353
          35    0.249731    0.249365 0.000131861
          36    0.249667    0.249374 0.000128463
          37    0.250119    0.249394  0.00012656
          38    0.248715    0.249376 0.000124485
          39    0.249196    0.249371 0.000121379
          40      0.2503    0.249395 0.000120542
          41    0.250678    0.249426 0.000121597
          42    0.249292    0.249423 0.000118743
          43     0.24912    0.249416 0.000116191
          44    0.249649    0.249421 0.000113671
          45    0.248882    0.249409 0.000111774
          46    0.248777    0.249395 0.000110187
          47    0.250046    0.249409 0.000108709
          48    0.248615    0.249393 0.000107696
          49    0.249325    0.249391 0.000105507
          50    0.249751    0.249398 0.000103643
           1    0.220404    0.220404           0
           2    0.220226    0.220315 6.31198e-05
           3    0.221342    0.220657 0.000282647
           4    0.221346    0.220829 0.000259239
           5    0.221139    0.220891 0.000214659
           6    0.220975    0.220905 0.000179337
           7    0.220952    0.220912 0.000153843
           8      0.2207    0.220886 0.000136869
           9    0.220246    0.220815 0.000138868
          10    0.220871     0.22082 0.000125097
          11    0.222017    0.220929 0.000153923
          12    0.221973    0.221016 0.000163862
          13    0.220869    0.221005 0.000151647
          14    0.221964    0.221073 0.000155532
          15    0.220168    0.221013 0.000156446
          16    0.220818    0.221001  0.00014714
          17    0.220543    0.220974 0.000140927
          18    0.221817    0.221021 0.000140675
          19    0.221164    0.221028 0.000133475
          20    0.220737    0.221014 0.000127591
          21    0.221526    0.221038 0.000123823
          22    0.220497    0.221014 0.000120615
          23    0.221015    0.221014 0.000115371
          24    0.221369    0.221028 0.000111513
          25    0.220411    0.221004 0.000109752
          26    0.221565    0.221025 0.000107632
          27    0.221588    0.221046 0.000105644
          28    0.221236    0.221053 0.000102088
          29    0.220901    0.221048 9.87012e-05
          30    0.221365    0.221058 9.59756e-05
          31    0.221134    0.221061 9.29111e-05
          32    0.220703     0.22105 9.06786e-05
          33    0.221804    0.221072 9.07653e-05
          34    0.221918    0.221097  9.1443e-05
          35    0.220624    0.221084 8.98241e-05
          36    0.221413    0.221093 8.77938e-05
          37     0.22125    0.221097 8.55232e-05
          38    0.220911    0.221092 8.34132e-05
          39     0.22119    0.221095  8.1312e-05
          40    0.221468    0.221104 7.98138e-05
          41    0.222152     0.22113 8.18579e-05
          42    0.221489    0.221138 8.03549e-05
          43    0.220751    0.221129 7.89884e-05
          44    0.221654    0.221141 7.80903e-05
          45    0.220689    0.221131  7.6999e-05
          46    0.220601     0.22112 7.61827e-05
          47    0.221031    0.221118 7.45852e-05
          48    0.221445    0.221124 7.33432e-05
          49    0.221323    0.221129 7.19586e-05
          50    0.221192     0.22113 7.05306e-05
           1    0.196463    0.196463           0
           2    0.196297     0.19638 5.89456e-05
           3    0.196443    0.196401 4.28747e-05
           4    0.196853    0.196514 0.000103054
           5    0.197025    0.196616 0.000123036
           6    0.196291    0.196562 0.000113836
           7    0.196945    0.196617 0.000109964
           8    0.196748    0.196633 9.74358e-05
           9    0.195933    0.196555 0.000113518
          10     0.19677    0.196577  0.00010418
          11    0.196141    0.196537 0.000101971
          12    0.197168     0.19659 0.000106167
          13    0.196932    0.196616 0.000101221
          14    0.197168    0.196655  0.00010138
          15     0.19655    0.196648 9.48635e-05
          16    0.196833     0.19666 8.96319e-05
          17    0.196495     0.19665 8.48848e-05
          18    0.196886    0.196663 8.11758e-05
          19     0.19573    0.196614 9.05661e-05
          20    0.196768    0.196622 8.63647e-05
          21    0.197199    0.196649 8.65177e-05
          22    0.196402    0.196638 8.33118e-05
          23    0.196726    0.196642 7.97766e-05
          24    0.197082     0.19666 7.85271e-05
          25    0.196221    0.196643 7.73313e-05
          26    0.196471    0.196636 7.46396e-05
          27    0.196332    0.196625 7.27212e-05
          28    0.196441    0.196618 7.04196e-05
          29    0.196844    0.196626 6.84198e-05
          30    0.197026    0.196639 6.74278e-05
          31     0.19684    0.196646 6.55632e-05
          32    0.196591    0.196644 6.35368e-05
          33    0.197087    0.196658 6.30134e-05
          34    0.196763    0.196661 6.12359e-05
          35    0.196689    0.196661 5.94916e-05
          36    0.195892     0.19664 6.15625e-05
          37    0.196947    0.196648 6.04554e-05
          38    0.196454    0.196643 5.90805e-05
          39    0.196378    0.196636 5.79555e-05
          40    0.197155    0.196649 5.79392e-05
          41    0.197886     0.19668 6.38999e-05
          42    0.196476    0.196675 6.25617e-05
          43    0.196918     0.19668 6.13613e-05
          44    0.196398    0.196674 6.03003e-05
          45    0.196211    0.196664 5.98308e-05
          46    0.196252    0.196655 5.91957e-05
          47     0.19673    0.196656 5.79575e-05
          48     0.19658    0.196655  5.6772e-05
          49    0.196624    0.196654 5.56168e-05
          50    0.196593    0.196653  5.4518e-05
           1    0.198561    0.198561           0
           2    0.165171    0.181866   0.0118051
           3    0.168742    0.177491  0.00864272
           4    0.249487     0.19549   0.0168817
           5    0.189758    0.194344   0.0135442
           6    0.207602    0.196554   0.0114657
           7    0.220366    0.199955   0.0103201
           8     0.22932    0.203626  0.00966078
           9    0.217442    0.205161  0.00870847
          10    0.205545    0.205199   0.0078377
          11    0.231059     0.20755  0.00746944
          12    0.231743    0.209566  0.00711385
          13    0.200682    0.208883  0.00659938
          14    0.264964    0.212889  0.00724243
          15    0.221113    0.213437  0.00678032
          16     0.15909     0.21004  0.00715697
          17    0.209658    0.210018    0.006736
          18    0.242295    0.211811  0.00659615
          19    0.128802    0.207442   0.0075586
          20     0.21053    0.207597  0.00718224
          21    0.165359    0.205585  0.00711629
          22    0.189134    0.204837    0.006832
          23    0.250417    0.206819  0.00681631
          24    0.210842    0.206987  0.00653436
          25    0.268551    0.209449  0.00672101
          26    0.233544    0.210376  0.00652608
          27    0.202615    0.210089   0.0062907
          28    0.316364    0.213884  0.00711959
          29    0.211465    0.213801  0.00687457
          30    0.157647    0.211929  0.00689554
          31    0.174627    0.210726  0.00677727
          32    0.149237    0.208804  0.00683245
          33    0.162225    0.207393  0.00676963
          34    0.259706    0.208931  0.00674311
          35    0.207477     0.20889  0.00655058
          36    0.226274    0.209373  0.00638639
          37    0.187697    0.208787   0.0062406
          38    0.193693     0.20839    0.006089
          39    0.209098    0.208408   0.0059329
          40    0.154824    0.207068  0.00593388
          41    0.139058    0.205409  0.00601654
          42    0.241861    0.206277  0.00593556
          43    0.165609    0.205332  0.00587239
          44    0.272691    0.206862  0.00593512
          45    0.230811    0.207395  0.00582704
          46    0.218437    0.207635  0.00570531
          47    0.199247    0.207456  0.00558671
          48    0.230438    0.207935   0.0054908
          49    0.217442    0.208129  0.00538216
          50    0.204049    0.208047  0.00527514
           1    0.410274    0.410274           0
           2    0.385717    0.397995  0.00868235
           3     0.37444    0.390144  0.00863728
           4    0.397099    0.391883  0.00665069
           5     0.39855    0.393216  0.00545259
           6    0.397721    0.393967  0.00459523
           7    0.390634    0.393491  0.00396336
           8    0.407656    0.395261   0.0038432
           9    0.405623    0.396413  0.00358447
          10    0.397272    0.396499  0.00322706
          11    0.401726    0.396974  0.00296847
          12    0.378018    0.395394  0.00311317
          13    0.418392    0.397163  0.00333869
          14    0.412236     0.39824   0.0032692
          15    0.400449    0.398387  0.00305457
          16    0.410584    0.399149  0.00295725
          17    0.385717    0.398359  0.00288693
          18    0.368112    0.396679   0.0031782
          19    0.420178    0.397916  0.00324266
          20    0.394818    0.397761  0.00308422
          21    0.358181    0.395876   0.0034657
          22    0.418117    0.396887  0.00345247
          23    0.385717    0.396401  0.00333635
          24    0.383429    0.395861  0.00324082
          25    0.361076    0.394469  0.00339677
          26    0.390426    0.394314  0.00326968
          27    0.428686    0.395587  0.00338735
          28    0.373224    0.394788  0.00335921
          29    0.412512    0.395399   0.0032985
          30    0.400828     0.39558  0.00319351
          31     0.36933    0.394734   0.0032008
          32    0.372286    0.394032  0.00317671
          33    0.374093    0.393428  0.00313738
          34    0.398584     0.39358  0.00304877
          35    0.405278    0.393914  0.00297993
          36    0.391256     0.39384  0.00289807
          37     0.38589    0.393625   0.0028277
          38    0.407725    0.393996  0.00277752
          39    0.389803    0.393889  0.00270838
          40    0.365257    0.393173  0.00273363
          41    0.418014    0.393779  0.00273327
          42    0.383707    0.393539  0.00267869
          43    0.392017    0.393504  0.00261663
          44    0.417979     0.39406  0.00261562
          45    0.422581    0.394694  0.00263317
          46    0.382077    0.394419  0.00259017
          47    0.386687    0.394255  0.00254028
          48    0.393989    0.394249  0.00248736
          49    0.381002    0.393979  0.00245125
          50    0.379961    0.393699   0.0024182
           1    0.421385    0.421385           0
           2    0.436652    0.429018   0.0053977
           3    0.435357    0.431131  0.00399063
           4    0.435166     0.43214  0.00311784
           5    0.448947    0.435501  0.00390658
           6    0.437967    0.435912  0.00327703
           7    0.438646    0.436303  0.00283205
           8    0.434996    0.436139  0.00248275
           9    0.442311    0.436825  0.00229963
          10     0.44032    0.437175  0.00209606
          11    0.432722     0.43677  0.00194419
          12    0.438158    0.436885  0.00178561
          13    0.435463    0.436776  0.00165161
          14    0.443707    0.437271  0.00160613
          15    0.445737    0.437836  0.00159514
          16    0.425547    0.437067  0.00167014
          17    0.424459    0.436326  0.00172875
          18    0.445336    0.436826  0.00170363
          19    0.439112    0.436947  0.00161821
          20    0.437479    0.436973  0.00153751
          21    0.438179    0.437031  0.00146537
          22    0.439515    0.437144  0.00140311
          23    0.436673    0.437123  0.00134225
          24    0.438306    0.437172  0.00128723
          25    0.435612     0.43711  0.00123725
          26    0.444765    0.437404  0.00122419
          27    0.447575    0.437781  0.00123545
          28    0.443686    0.437992  0.00120919
          29    0.438879    0.438023  0.00116788
          30    0.434125    0.437893  0.00113616
          31    0.452385     0.43836  0.00119181
          32    0.446899    0.438627  0.00118407
          33    0.428722    0.438327  0.00118562
          34    0.435612    0.438247  0.00115343
          35    0.448483    0.438539  0.00115696
          36    0.423947    0.438134  0.00119372
          37    0.441294     0.43822  0.00116451
          38    0.433976    0.438108   0.0011392
          39    0.440701    0.438174  0.00111193
          40    0.425952    0.437869  0.00112533
          41    0.433084    0.437752  0.00110392
          42    0.438349    0.437766  0.00107773
          43    0.439536    0.437807  0.00105345
          44    0.430298    0.437637  0.00104325
          45     0.43784    0.437641  0.00102007
          46    0.426379    0.437396  0.00102686
          47    0.434444    0.437334  0.00100693
          48    0.430872    0.437199 0.000994912
          49    0.432595    0.437105 0.000979035
          50     0.42068    0.436777  0.00101307
           1    0.436834    0.436834           0
           2    0.430014    0.433424  0.00241114
           3    0.430375    0.432408  0.00180903
           4    0.428224    0.431362  0.00163134
           5     0.43165     0.43142  0.00130609
           6     0.42896     0.43101  0.00115094
           7    0.427196    0.430465  0.00110796
           8    0.422045    0.429412  0.00138173
           9    0.433809    0.429901  0.00131173
          10    0.423397    0.429251  0.00133206
          11    0.426404    0.428992  0.00123585
          12    0.428682    0.428966  0.00113313
          13    0.422756    0.428488  0.00114222
          14    0.429141    0.428535  0.00106159
          15    0.431013      0.4287  0.00100358
          16    0.432744    0.428953 0.000972161
          17    0.427196    0.428849 0.000920449
          18    0.425736    0.428677 0.000885412
          19    0.422603    0.428357 0.000894662
          20    0.422672    0.428073 0.000893937
          21    0.423383    0.427849 0.000878817
          22    0.426084    0.427769 0.000842525
          23    0.426821    0.427728 0.000806901
          24    0.427891    0.427735 0.000773309
          25    0.426223    0.427674 0.000744736
          26    0.430805    0.427795 0.000725761
          27    0.434556    0.428045 0.000740821
          28    0.425222    0.427944 0.000721193
          29    0.421291    0.427715 0.000731903
          30    0.427377    0.427704 0.000707593
          31    0.439302    0.428078 0.000777413
          32    0.423982     0.42795  0.00076358
          33    0.424874    0.427856 0.000746109
          34     0.42982    0.427914 0.000726397
          35    0.432937    0.428058 0.000719682
          36    0.420537    0.427849 0.000729379
          37    0.422435    0.427703 0.000724192
          38    0.425889    0.427655 0.000706704
          39    0.438613    0.427936 0.000742343
          40    0.425625    0.427878 0.000726028
          41    0.425249    0.427814 0.000711145
          42    0.430819    0.427885 0.000697803
          43     0.42323    0.427777 0.000689923
          44    0.428613    0.427796 0.000674504
          45    0.427113    0.427781 0.000659686
          46    0.423662    0.427691 0.000651394
          47    0.433173    0.427808  0.00064789
          48    0.428641    0.427825 0.000634625
          49    0.434943    0.427971 0.000638078
          50    0.427308    0.427957 0.000625454
           1    0.400526    0.400526           0
           2    0.396578    0.398552  0.00139604
           3    0.396244    0.397783  0.00112286
           4    0.394095    0.396861  0.00116051
           5    0.399396    0.397368  0.00103326
           6    0.394429    0.396878 0.000970192
           7    0.397655    0.396989 0.000837914
           8    0.395919    0.396855 0.000743763
           9    0.395136    0.396664 0.000685202
          10    0.397493    0.396747  0.00062167
          11    0.393501    0.396452 0.000631305
          12    0.394926    0.396325 0.000591361
          13    0.397874    0.396444 0.000557744
          14    0.396759    0.396467 0.000518359
          15    0.399757    0.396686 0.000528184
          16    0.401115    0.396963 0.000563049
          17     0.40026    0.397157 0.000562353
          18    0.397969    0.397202 0.000532919
          19    0.392113    0.396934 0.000568211
          20    0.400317    0.397103 0.000564423
          21    0.396101    0.397055 0.000539561
          22    0.397369     0.39707 0.000515223
          23    0.397988     0.39711 0.000494367
          24    0.398445    0.397165 0.000476889
          25    0.399006    0.397239 0.000463464
          26    0.400109    0.397349 0.000458592
          27    0.396187    0.397306 0.000443624
          28     0.39714      0.3973  0.00042782
          29    0.399253    0.397368 0.000418335
          30    0.395795    0.397315  0.00040766
          31    0.399082    0.397372 0.000398475
          32    0.393205    0.397242 0.000406748
          33    0.397064    0.397237 0.000394458
          34    0.397626    0.397248 0.000383023
          35    0.395652    0.397202 0.000374784
          36    0.397407    0.397208 0.000364416
          37    0.393827    0.397117 0.000365846
          38    0.393865    0.397031 0.000366089
          39     0.39989    0.397104 0.000363968
          40    0.397997    0.397127 0.000355553
          41    0.395643    0.397091 0.000348718
          42    0.397883    0.397109 0.000340926
          43    0.396654    0.397099 0.000333162
          44    0.397883    0.397117 0.000326067
          45    0.392898    0.397023 0.000332023
          46    0.395958       0.397 0.000325611
          47    0.404409    0.397157 0.000354802
          48    0.395814    0.397129 0.000348512
          49    0.399548    0.397179 0.000344877
          50    0.396978    0.397175 0.000338003
           1     0.35949     0.35949           0
           2    0.356608    0.358049  0.00101886
           3    0.355722    0.357273 0.000928772
           4    0.358248    0.357517 0.000727843
           5    0.358655    0.357745 0.000616867
           6     0.35733    0.357676 0.000517912
           7    0.357058    0.357587 0.000451383
           8    0.357337    0.357556 0.000396044
           9    0.359565    0.357779 0.000410126
          10     0.35639     0.35764 0.000391932
          11    0.358064    0.357679 0.000358194
          12    0.358397    0.357739 0.000333313
          13    0.355571    0.357572 0.000346867
          14    0.356076    0.357465  0.00033814
          15     0.35579    0.357353 0.000333532
          16    0.359219     0.35747 0.000332436
          17     0.35909    0.357565  0.00032625
          18    0.360052    0.357703 0.000336111
          19      0.3589    0.357766 0.000324265
          20    0.360018    0.357879 0.000327019
          21    0.356554    0.357816 0.000317478
          22    0.356642    0.357763 0.000307498
          23    0.357235     0.35774 0.000294983
          24    0.357901    0.357746 0.000282769
          25     0.35892    0.357793 0.000275329
          26    0.358778    0.357831  0.00026733
          27     0.35767    0.357825 0.000257495
          28    0.360093    0.357906 0.000260725
          29    0.359504    0.357961 0.000257487
          30    0.357718    0.357953 0.000249032
          31    0.358431    0.357969 0.000241476
          32    0.358499    0.357985 0.000234498
          33    0.359063    0.358018 0.000229654
          34    0.356853    0.357984 0.000225439
          35    0.358662    0.358003  0.00021983
          36    0.356629    0.357965 0.000217014
          37    0.357677    0.357957 0.000211288
          38    0.358037    0.357959 0.000205738
          39    0.359687    0.358003 0.000205175
          40     0.35765    0.357995 0.000200236
          41    0.354013    0.357897 0.000217632
          42    0.355619    0.357843 0.000219106
          43    0.360804    0.357912 0.000224566
          44    0.355387    0.357855 0.000226675
          45    0.357391    0.357844 0.000221872
          46    0.357677    0.357841 0.000217079
          47    0.358377    0.357852  0.00021276
          48     0.35716    0.357838 0.000208815
          49    0.358173    0.357845 0.000204666
          50    0.355578    0.357799  0.00020553
           1    0.317122    0.317122           0
           2     0.31901    0.318066 0.000667719
           3     0.31847    0.318201 0.000458539
           4    0.319644    0.318562 0.000464723
           5    0.317588    0.318367 0.000410521
           6    0.319355    0.318532 0.000373665
           7    0.314795    0.317998 0.000588961
           8    0.318265    0.318031 0.000516287
           9    0.316674     0.31788 0.000480425
          10    0.316599    0.317752 0.000449146
          11    0.318675    0.317836 0.000416079
          12    0.320053    0.318021 0.000420429
          13      0.3189    0.318089 0.000393492
          14    0.319115    0.318162 0.000372155
          15    0.316664    0.318062 0.000360487
          16    0.322299    0.318327 0.000424216
          17    0.318425    0.318333 0.000399302
          18    0.317413    0.318282 0.000380374
          19    0.315794    0.318151  0.00038223
          20    0.317799    0.318133 0.000363522
          21    0.316654    0.318063 0.000352966
          22     0.31835    0.318076 0.000337163
          23    0.318315    0.318086 0.000322665
          24    0.318325    0.318096 0.000309374
          25     0.31801    0.318093 0.000297018
          26    0.316433    0.318029 0.000292372
          27    0.318485    0.318046 0.000282032
          28    0.317684    0.318033 0.000272256
          29     0.31813    0.318036 0.000262888
          30     0.31956    0.318087 0.000258983
          31     0.31844    0.318098  0.00025088
          32    0.317784    0.318088 0.000243232
          33    0.317247    0.318063 0.000237193
          34    0.316493    0.318017 0.000234666
          35    0.316674    0.317978 0.000231074
          36    0.316961     0.31795 0.000226378
          37    0.317157    0.317929 0.000221272
          38    0.317969     0.31793 0.000215452
          39    0.318875    0.317954 0.000211287
          40    0.319914    0.318003 0.000211609
          41    0.318065    0.318005 0.000206453
          42     0.31869    0.318021 0.000202182
          43    0.317137       0.318 0.000198523
          44     0.31895    0.318022 0.000195181
          45    0.317267    0.318005 0.000191563
          46    0.319475    0.318037 0.000190044
          47    0.317458    0.318025 0.000186399
          48     0.31865    0.318038 0.000182971
          49    0.317954    0.318036 0.000179245
          50     0.31899    0.318055 0.000176673
           1    0.282067    0.282067           0
           2    0.282498    0.282283 0.000152272
           3    0.280684     0.28175 0.000446867
           4    0.283523    0.282193 0.000509611
           5    0.281803    0.282115 0.000413628
           6    0.281715    0.282048 0.000350006
           7    0.280315    0.281801 0.000377584
           8    0.282048    0.281832 0.000331653
           9    0.282483    0.281904 0.000302595
          10    0.281386    0.281852 0.000276735
          11    0.280942    0.281769 0.000263658
          12    0.281162    0.281719 0.000246495
          13    0.281765    0.281722 0.000227559
          14     0.28142    0.281701 0.000212328
          15    0.281048    0.281657 0.000202579
          16    0.282581    0.281715 0.000197975
          17    0.282675    0.281771 0.000194222
          18    0.280585    0.281706 0.000194298
          19    0.281568    0.281698 0.000184207
          20    0.282207    0.281724 0.000176745
          21    0.282362    0.281754 0.000170923
          22    0.279312    0.281643  0.00019591
          23    0.281242    0.281626 0.000188168
          24    0.280136    0.281564 0.000190291
          25    0.280353    0.281515 0.000188742
          26    0.281507    0.281515 0.000181483
          27    0.282528    0.281552   0.0001786
          28    0.282173    0.281575 0.000173592
          29    0.281162     0.28156 0.000168188
          30    0.282339    0.281586 0.000164574
          31    0.281128    0.281572 0.000159928
          32    0.282355    0.281596 0.000156791
          33    0.280824    0.281573 0.000153774
          34     0.28198    0.281585 0.000149718
          35    0.282196    0.281602 0.000146455
          36    0.283564    0.281657 0.000152191
          37    0.281378    0.281649 0.000148263
          38    0.283116    0.281688 0.000149305
          39    0.280915    0.281668 0.000146784
          40    0.282067    0.281678 0.000143454
          41    0.281295    0.281669 0.000140259
          42    0.280912    0.281651 0.000138072
          43    0.282724    0.281675 0.000137101
          44     0.28095    0.281659 0.000134974
          45    0.282283    0.281673 0.000132685
          46    0.283067    0.281703 0.000133219
          47    0.281299    0.281695 0.000130662
          48    0.282996    0.281722 0.000130722
          49    0.281693    0.281721 0.000128056
          50    0.281814    0.281723 0.000125508
           1    0.250454    0.250454           0
           2    0.250687     0.25057 8.22442e-05
           3    0.249503    0.250215 0.000295578
           4    0.250247    0.250223 0.000221797
           5    0.249433    0.250065 0.000226817
           6    0.248953    0.249879 0.000253689
           7    0.249681    0.249851  0.00021902
           8    0.249491    0.249806 0.000196204
           9    0.249313    0.249751 0.000181895
          10    0.248206    0.249597 0.000219732
          11    0.249564    0.249594 0.000199776
          12    0.249137    0.249556 0.000186717
          13    0.247519    0.249399 0.000228822
          14    0.250442    0.249474 0.000224281
          15    0.248606    0.249416 0.000216656
          16    0.249008     0.24939 0.000204607
          17    0.248914    0.249362 0.000194477
          18    0.249807    0.249387 0.000185234
          19     0.24962    0.249399  0.00017589
          20    0.249351    0.249397 0.000167112
          21    0.249383    0.249396 0.000159156
          22    0.248618    0.249361 0.000155803
          23    0.248865    0.249339 0.000150516
          24    0.249328    0.249339 0.000144245
          25    0.249497    0.249345 0.000138614
          26    0.249994     0.24937 0.000135509
          27    0.249366     0.24937  0.00013049
          28    0.249131    0.249361 0.000126108
          29    0.249687    0.249373 0.000122258
          30    0.249184    0.249366 0.000118344
          31    0.249562    0.249373 0.000114694
          32    0.250672    0.249413 0.000118079
          33    0.250157    0.249436 0.000116632
          34    0.248829    0.249418 0.000114557
          35    0.250986    0.249463 0.000119721
          36    0.248832    0.249445 0.000117669
          37    0.249398    0.249444 0.000114496
          38     0.24897    0.249432 0.000112159
          39    0.250611    0.249462 0.000113288
          40    0.249401     0.24946 0.000110466
          41    0.249249    0.249455 0.000107892
          42    0.248383     0.24943 0.000108301
          43    0.248503    0.249408 0.000107903
          44    0.248671    0.249391 0.000106743
          45    0.249152    0.249386 0.000104503
          46    0.248932    0.249376 0.000102696
          47    0.249889    0.249387 0.000101089
          48    0.250113    0.249402 0.000100109
          49    0.249325    0.249401  9.8078e-05
          50    0.248894     0.24939 9.66383e-05
           1    0.221882    0.221882           0
           2    0.221187    0.221535  0.00024545
           3     0.22095     0.22134 0.000228249
           4    0.221162    0.221295 0.000175451
           5    0.220638    0.221164 0.000183109
           6    0.221891    0.221285 0.000188467
           7    0.219623    0.221048 0.000272745
           8    0.220797    0.221016 0.000240438
           9    0.220075    0.220912  0.00023539
          10    0.221063    0.220927 0.000212336
          11    0.221054    0.220938 0.000193346
          12    0.221162    0.220957  0.00017813
          13    0.221005    0.220961 0.000164466
          14    0.220541    0.220931 0.000155431
          15    0.221501    0.220969 0.000149638
          16    0.220534    0.220942 0.000142734
          17    0.220393    0.220909 0.000137943
          18    0.219998    0.220859 0.000139259
          19    0.221141    0.220874 0.000132722
          20     0.22159    0.220909 0.000130834
          21    0.221969     0.22096 0.000133978
          22    0.221615     0.22099 0.000131161
          23    0.220112    0.220951 0.000130893
          24     0.22067     0.22094 0.000125962
          25    0.220832    0.220935 0.000120997
          26    0.220235    0.220908 0.000119306
          27    0.221111    0.220916 0.000115123
          28    0.220922    0.220916 0.000111012
          29    0.220351    0.220897 0.000108883
          30    0.221038    0.220901 0.000105354
          31    0.221042    0.220906 0.000102054
          32    0.221303    0.220918 9.96146e-05
          33     0.22074    0.220913  9.6743e-05
          34    0.220555    0.220902 9.44698e-05
          35    0.221045    0.220906 9.18579e-05
          36    0.220518    0.220896 8.99391e-05
          37    0.221192    0.220904 8.78644e-05
          38    0.221185    0.220911 8.58639e-05
          39     0.22116    0.220917 8.38987e-05
          40    0.220818    0.220915 8.18379e-05
          41    0.221464    0.220928 8.09289e-05
          42    0.220978     0.22093 7.90105e-05
          43    0.221673    0.220947 7.90416e-05
          44    0.220239    0.220931  7.8863e-05
          45    0.221169    0.220936  7.7288e-05
          46    0.220696    0.220931 7.57842e-05
          47    0.220543    0.220923 7.46194e-05
          48    0.221592    0.220937 7.43585e-05
          49    0.222058    0.220959 7.62831e-05
          50    0.221478     0.22097 7.54579e-05
           1    0.196402    0.196402           0
           2    0.196558     0.19648 5.49645e-05
           3    0.196768    0.196576 8.66136e-05
           4    0.196999    0.196682  0.00011223
           5    0.197067    0.196759 0.000113173
           6    0.195998    0.196632 0.000149341
           7    0.196092    0.196555 0.000146548
           8     0.19589    0.196472 0.000149966
           9    0.197063    0.196537    0.000147
          10    0.196111    0.196495 0.000138346
          11    0.196875    0.196529 0.000130021
          12    0.197148    0.196581 0.000128997
          13    0.197372    0.196642 0.000132652
          14    0.196805    0.196653 0.000123689
          15    0.197302    0.196697 0.000122773
          16    0.196495    0.196684 0.000115746
          17     0.19641    0.196668 0.000110058
          18    0.196776    0.196674 0.000104106
          19     0.19687    0.196684 9.91358e-05
          20    0.197499    0.196725 0.000102199
          21    0.197172    0.196746  9.9522e-05
          22    0.196534    0.196737 9.54663e-05
          23    0.196737    0.196737 9.13156e-05
          24    0.196768    0.196738 8.75203e-05
          25    0.196528    0.196729  8.4421e-05
          26    0.196432    0.196718 8.19467e-05
          27    0.196211    0.196699 8.10327e-05
          28     0.19687    0.196705 7.83671e-05
          29    0.196098    0.196684 7.84132e-05
          30    0.196417    0.196676 7.63044e-05
          31    0.196624    0.196674 7.38609e-05
          32    0.196661    0.196673 7.15538e-05
          33    0.196587    0.196671 6.94332e-05
          34    0.196144    0.196655 6.90956e-05
          35    0.196235    0.196643 6.81554e-05
          36    0.196789    0.196647 6.63815e-05
          37    0.196641    0.196647 6.45876e-05
          38    0.196942    0.196655  6.3351e-05
          39    0.196818    0.196659 6.18645e-05
          40    0.196133    0.196646 6.16989e-05
          41    0.196731    0.196648 6.02292e-05
          42    0.196591    0.196647 5.88105e-05
          43    0.196156    0.196635 5.85414e-05
          44    0.196561    0.196634 5.72351e-05
          45    0.196226    0.196625 5.66751e-05
          46    0.196361    0.196619 5.57309e-05
          47    0.195964    0.196605 5.62588e-05
          48    0.196241    0.196597 5.55954e-05
          49    0.196486    0.196595 5.45076e-05
          50    0.196358     0.19659 5.36237e-05
