           1   -0.961328   -0.961328           0
           2    -0.97988   -0.970604  0.00655912
           3   -0.976496   -0.972568  0.00465752
           4   -0.968688   -0.971598  0.00359273
           5   -0.964832   -0.970245  0.00311863
           6    -0.97704   -0.971377  0.00279695
           7   -0.969624   -0.971127  0.00240857
           8   -0.976096   -0.971748  0.00218613
           9   -0.980712   -0.972744  0.00215822
          10   -0.967608    -0.97223  0.00200258
          11   -0.971784    -0.97219  0.00182094
          12   -0.976608   -0.972558  0.00170601
          13   -0.969872   -0.972351  0.00158724
          14   -0.970256   -0.972202   0.0014809
          15   -0.977776   -0.972573  0.00142804
          16   -0.973976   -0.972661  0.00134148
          17   -0.987136   -0.973512  0.00150879
          18   -0.969096   -0.973267  0.00144478
          19   -0.975056   -0.973361   0.0013718
          20   -0.975728    -0.97348   0.0013083
          21   -0.959072   -0.972794   0.0014145
          22   -0.974552   -0.972873  0.00135246
          23   -0.980392     -0.9732  0.00133258
          24   -0.978896   -0.973438  0.00129801
          25   -0.962616   -0.973005  0.00131629
          26   -0.981264   -0.973322  0.00130343
          27     -0.9768   -0.973451  0.00126151
          28   -0.974304   -0.973482  0.00121682
          29   -0.972008   -0.973431  0.00117592
          30    -0.96668   -0.973206  0.00115806
          31   -0.961992   -0.972844  0.00117584
          32    -0.97356   -0.972866  0.00113931
          33   -0.980248    -0.97309  0.00112653
          34   -0.966616     -0.9729  0.00110937
          35   -0.972528   -0.972889  0.00107772
          36   -0.962104    -0.97259  0.00108863
          37   -0.975992   -0.972682  0.00106309
          38   -0.967464   -0.972544  0.00104394
          39   -0.978192   -0.972689  0.00102717
          40   -0.979792   -0.972867  0.00101672
          41   -0.979792   -0.973036  0.00100586
          42   -0.983944   -0.973295  0.00101489
          43    -0.98368   -0.973537  0.00101961
          44   -0.981704   -0.973722   0.0010132
          45    -0.98224   -0.973912  0.00100821
          46   -0.967064   -0.973763 0.000997217
          47   -0.969832   -0.973679 0.000979501
          48   -0.973256    -0.97367 0.000959134
          49   -0.978048    -0.97376 0.000943712
          50   -0.985744   -0.973999  0.00095479
           1    -0.91428    -0.91428           0
           2    -0.91788    -0.91608  0.00127279
           3   -0.911032   -0.914397   0.0016148
           4     -0.9192   -0.915598  0.00159623
           5   -0.907904   -0.914059   0.0018775
           6   -0.919672   -0.914995  0.00178246
           7   -0.907704   -0.913953  0.00180667
           8   -0.910512   -0.913523  0.00163124
           9   -0.914608   -0.913644  0.00145444
          10   -0.920816   -0.914361  0.00147528
          11   -0.918968    -0.91478  0.00139936
          12   -0.919552   -0.915177  0.00133807
          13   -0.920328   -0.915574  0.00129247
          14    -0.91468    -0.91551  0.00120172
          15   -0.903976   -0.914741  0.00134529
          16   -0.921384   -0.915156  0.00132374
          17   -0.915496   -0.915176  0.00124602
          18   -0.910848   -0.914936  0.00119977
          19   -0.909768   -0.914664  0.00116705
          20   -0.912584    -0.91456  0.00111332
          21    -0.91712   -0.914682  0.00106696
          22    -0.89828   -0.913936  0.00125212
          23   -0.913304   -0.913909  0.00119798
          24    -0.91268   -0.913857  0.00114916
          25   -0.911032   -0.913744  0.00110873
          26   -0.909848   -0.913594  0.00107617
          27   -0.916352   -0.913697  0.00104115
          28   -0.919272   -0.913896  0.00102283
          29   -0.906704   -0.913648  0.00101718
          30   -0.906528    -0.91341  0.00101058
          31   -0.919232   -0.913598 0.000995273
          32   -0.914392   -0.913623  0.00096448
          33   -0.918272   -0.913764 0.000945486
          34   -0.922064   -0.914008  0.00094867
          35     -0.9172   -0.914099 0.000925939
          36   -0.912744   -0.914062 0.000900983
          37    -0.91476    -0.91408  0.00087683
          38   -0.915048   -0.914106 0.000854125
          39   -0.912952   -0.914076 0.000832737
          40   -0.906832   -0.913895 0.000831379
          41   -0.916624   -0.913962 0.000813761
          42    -0.91784   -0.914054 0.000799608
          43   -0.926312   -0.914339 0.000830273
          44   -0.916304   -0.914384 0.000812603
          45   -0.914816   -0.914393 0.000794602
          46    -0.90844   -0.914264 0.000787798
          47   -0.898168   -0.913922 0.000842191
          48   -0.911536   -0.913872  0.00082611
          49    -0.91916    -0.91398  0.00081627
          50   -0.911632   -0.913933 0.000801294
           1   -0.844248   -0.844248           0
           2   -0.852904   -0.848576  0.00306036
           3   -0.844072   -0.847075  0.00238018
           4   -0.851976     -0.8483  0.00207672
           5   -0.848448    -0.84833  0.00166159
           6   -0.847848   -0.848249   0.0013866
           7   -0.850472   -0.848567  0.00122433
           8   -0.845544   -0.848189  0.00112809
           9    -0.84532    -0.84787  0.00104682
          10    -0.84516   -0.847599 0.000976589
          11   -0.845832   -0.847439 0.000900926
          12   -0.852752   -0.847881 0.000928304
          13   -0.843632   -0.847554 0.000912632
          14   -0.851696    -0.84785 0.000894104
          15   -0.843864   -0.847585 0.000873099
          16   -0.852736   -0.847907 0.000875885
          17   -0.852928   -0.848202  0.00087275
          18    -0.84836   -0.848211 0.000824308
          19   -0.844688   -0.848025 0.000801503
          20   -0.849024   -0.848075 0.000762982
          21   -0.843856   -0.847874 0.000752638
          22   -0.848024   -0.847881 0.000718458
          23    -0.84248   -0.847646 0.000724582
          24   -0.852168   -0.847835 0.000718468
          25   -0.854744   -0.848111 0.000740982
          26   -0.846984   -0.848068 0.000713749
          27    -0.85364   -0.848274 0.000716531
          28   -0.849608   -0.848322 0.000692522
          29    -0.84924   -0.848353 0.000669366
          30   -0.848568   -0.848361 0.000647092
          31     -0.8504   -0.848426 0.000629553
          32   -0.841448   -0.848208 0.000646547
          33   -0.843952   -0.848079  0.00063969
          34   -0.849192   -0.848112 0.000621712
          35   -0.846664   -0.848071 0.000605324
          36   -0.849768   -0.848118 0.000590343
          37   -0.850024   -0.848169 0.000576631
          38   -0.846304    -0.84812 0.000563542
          39   -0.843392   -0.847999 0.000561982
          40    -0.85236   -0.848108 0.000558408
          41   -0.847456   -0.848092 0.000545015
          42   -0.848776   -0.848108 0.000532281
          43   -0.858616   -0.848353 0.000573257
          44    -0.84788   -0.848342 0.000560329
          45   -0.839608   -0.848148 0.000580519
          46   -0.851528   -0.848221 0.000572531
          47    -0.84964   -0.848252 0.000561145
          48   -0.847648   -0.848239 0.000549595
          49     -0.8524   -0.848324   0.0005449
          50   -0.840176   -0.848161 0.000557837
           1   -0.783024   -0.783024           0
           2   -0.784024   -0.783524 0.000353553
           3    -0.78028   -0.782443 0.000913825
           4    -0.78364   -0.782742 0.000732756
           5    -0.77992   -0.782178 0.000773611
           6    -0.78488   -0.782628 0.000764629
           7   -0.783312   -0.782726  0.00066161
           8   -0.779536   -0.782327 0.000688649
           9   -0.785088   -0.782634 0.000677024
          10   -0.787752   -0.783146 0.000779127
          11   -0.778392   -0.782713 0.000819425
          12    -0.78124   -0.782591 0.000760283
          13   -0.785128   -0.782786 0.000726421
          14   -0.780296   -0.782608 0.000695964
          15   -0.779816   -0.782422 0.000673998
          16   -0.781648   -0.782374 0.000633606
          17   -0.785296   -0.782545 0.000619218
          18   -0.783544   -0.782601 0.000587297
          19   -0.784568   -0.782704 0.000565438
          20   -0.788088   -0.782974 0.000597814
          21   -0.782008   -0.782928 0.000571113
          22    -0.78248   -0.782907 0.000545515
          23   -0.786784   -0.783076 0.000547218
          24   -0.783936   -0.783112  0.00052559
          25   -0.781128   -0.783032  0.00051052
          26    -0.78124   -0.782963 0.000495517
          27   -0.780272   -0.782864 0.000487088
          28   -0.782816   -0.782862 0.000469695
          29   -0.785232   -0.782944 0.000460553
          30    -0.78564   -0.783034 0.000453886
          31   -0.778416   -0.782885 0.000463042
          32   -0.779832   -0.782789 0.000458293
          33   -0.781024   -0.782736 0.000447516
          34   -0.782912   -0.782741 0.000434384
          35   -0.785632   -0.782824 0.000429755
          36   -0.779648   -0.782735 0.000426774
          37   -0.781328   -0.782697 0.000416931
          38   -0.784728   -0.782751  0.00040937
          39   -0.782568   -0.782746   0.0003989
          40    -0.78188   -0.782724 0.000389515
          41   -0.782272   -0.782713  0.00038017
          42    -0.78012   -0.782652   0.0003761
          43    -0.78636   -0.782738 0.000377111
          44   -0.777528   -0.782619 0.000386683
          45   -0.782504   -0.782617 0.000378098
          46   -0.782984   -0.782625 0.000369963
          47   -0.783232   -0.782638 0.000362317
          48   -0.778192   -0.782545 0.000366416
          49    -0.78044   -0.782502 0.000361448
          50   -0.778136   -0.782415 0.000364615
           1   -0.719064   -0.719064           0
           2   -0.723576    -0.72132  0.00159523
           3   -0.715152   -0.719264  0.00198723
           4    -0.72016   -0.719488    0.001503
           5   -0.720808   -0.719752  0.00122536
           6   -0.724016   -0.720463  0.00120979
           7   -0.719552   -0.720333  0.00104393
           8   -0.719992    -0.72029  0.00091431
           9    -0.71996   -0.720253 0.000813455
          10    -0.72132    -0.72036  0.00073907
          11   -0.721872   -0.720497 0.000684545
          12    -0.71852   -0.720333  0.00064703
          13   -0.722568   -0.720505 0.000619685
          14    -0.72256   -0.720651 0.000592558
          15   -0.719656   -0.720585 0.000556758
          16   -0.720312   -0.720568 0.000522222
          17   -0.721088   -0.720599 0.000492398
          18   -0.722696   -0.720715 0.000478631
          19   -0.720912   -0.720725 0.000453552
          20   -0.725512   -0.720965 0.000489965
          21   -0.720936   -0.720963 0.000466636
          22   -0.719176   -0.720882 0.000452443
          23    -0.72092   -0.720884 0.000432774
          24   -0.722232    -0.72094 0.000418372
          25    -0.72164   -0.720968 0.000402573
          26   -0.718888   -0.720888 0.000394958
          27   -0.719104   -0.720822 0.000385817
          28   -0.722304   -0.720875 0.000375651
          29    -0.71576   -0.720698 0.000401976
          30   -0.719616   -0.720662 0.000390193
          31   -0.721192   -0.720679  0.00037798
          32   -0.721072   -0.720692 0.000366367
          33   -0.718696   -0.720631 0.000360222
          34   -0.716112   -0.720498 0.000373346
          35   -0.719344   -0.720465 0.000364133
          36     -0.7194   -0.720436 0.000355219
          37   -0.715832   -0.720311 0.000366764
          38    -0.72244   -0.720367 0.000361364
          39   -0.722472   -0.720421 0.000356105
          40    -0.71832   -0.720369 0.000351056
          41    -0.71576   -0.720256 0.000360041
          42   -0.721752   -0.720292 0.000353226
          43   -0.723976   -0.720378 0.000355249
          44   -0.716536    -0.72029 0.000357744
          45   -0.718096   -0.720242 0.000353102
          46   -0.722328   -0.720287 0.000348327
          47   -0.723288   -0.720351 0.000346718
          48   -0.714976   -0.720239 0.000357119
          49   -0.719512   -0.720224 0.000350139
          50   -0.720576   -0.720231 0.000343207
           1   -0.662976   -0.662976           0
           2   -0.662992   -0.662984 5.65686e-06
           3   -0.662912    -0.66296 1.99555e-05
           4   -0.660968   -0.662462  0.00043154
           5   -0.663608   -0.662691 0.000401511
           6   -0.663944     -0.6629 0.000385076
           7     -0.6652   -0.663229 0.000448865
           8   -0.664168   -0.663346 0.000407828
           9   -0.667464   -0.663804 0.000563481
          10   -0.669824   -0.664406 0.000763804
          11   -0.665144   -0.664473  0.00069731
          12   -0.662096   -0.664275 0.000666736
          13   -0.662648    -0.66415  0.00062708
          14   -0.664936   -0.664206   0.0005848
          15   -0.666976    -0.66439 0.000574236
          16    -0.66952   -0.664711 0.000621431
          17   -0.667472   -0.664873 0.000605728
          18    -0.66568   -0.664918 0.000573732
          19   -0.660912   -0.664707  0.00058099
          20    -0.66844   -0.664894 0.000581144
          21   -0.661272   -0.664722 0.000578499
          22   -0.662824   -0.664635 0.000558597
          23   -0.664376   -0.664624 0.000534423
          24   -0.658904   -0.664386 0.000562796
          25   -0.667696   -0.664518 0.000555643
          26   -0.664208   -0.664506   0.0005344
          27   -0.661528   -0.664396 0.000525868
          28   -0.664192   -0.664389 0.000507137
          29   -0.662848   -0.664335 0.000492424
          30   -0.664352   -0.664336  0.00047601
          31    -0.66264   -0.664281 0.000463788
          32   -0.662744   -0.664233 0.000451776
          33   -0.661176   -0.664141 0.000447484
          34   -0.658712   -0.663981  0.00046193
          35   -0.663504   -0.663967 0.000448933
          36   -0.664768    -0.66399 0.000437013
          37     -0.6632   -0.663968 0.000425723
          38   -0.668112   -0.664077 0.000428258
          39   -0.658432   -0.663933 0.000441062
          40   -0.663096   -0.663912 0.000430531
          41   -0.655512   -0.663707 0.000466232
          42    -0.66108   -0.663644 0.000459307
          43   -0.661288   -0.663589 0.000451882
          44    -0.66436   -0.663607 0.000441951
          45    -0.66416   -0.663619 0.000432301
          46     -0.6676   -0.663706 0.000431478
          47    -0.66688   -0.663773 0.000427551
          48   -0.658904   -0.663672  0.00043051
          49   -0.664616   -0.663691 0.000422155
          50   -0.667072   -0.663759 0.000419092
           1   -0.610784   -0.610784           0
           2   -0.614472   -0.612628   0.0013039
           3    -0.61312   -0.612792 0.000879523
           4   -0.612592   -0.612742 0.000661062
           5   -0.614048   -0.613003 0.000578154
           6   -0.614872   -0.613315 0.000559437
           7   -0.614808   -0.613528   0.0005186
           8   -0.613768   -0.613558 0.000454642
           9   -0.616264   -0.613859 0.000493634
          10   -0.616912   -0.614164  0.00053036
          11   -0.611344   -0.613908 0.000540566
          12   -0.611736   -0.613727 0.000524938
          13   -0.612104   -0.613602 0.000499178
          14   -0.609928   -0.613339 0.000528012
          15   -0.612856   -0.613307 0.000493794
          16   -0.615616   -0.613452 0.000483557
          17   -0.612952   -0.613422 0.000456004
          18   -0.614112    -0.61346 0.000432278
          19   -0.614048   -0.613491 0.000410631
          20   -0.614008   -0.613517 0.000390911
          21   -0.612192   -0.613454 0.000377356
          22   -0.612656   -0.613418 0.000361943
          23   -0.614824   -0.613479 0.000351332
          24   -0.610752   -0.613365  0.00035459
          25   -0.614136   -0.613396 0.000341744
          26   -0.615864   -0.613491 0.000341527
          27   -0.613184    -0.61348 0.000329067
          28   -0.613232   -0.613471 0.000317434
          29   -0.611352   -0.613398 0.000314784
          30   -0.614824   -0.613445  0.00030786
          31     -0.6118   -0.613392  0.00030247
          32   -0.615432   -0.613456 0.000299659
          33   -0.608976    -0.61332 0.000319855
          34    -0.61268   -0.613301 0.000311001
          35      -0.614   -0.613321 0.000302756
          36    -0.61532   -0.613377 0.000299393
          37   -0.612904   -0.613364 0.000291574
          38   -0.615856    -0.61343 0.000291181
          39   -0.612368   -0.613402 0.000284985
          40   -0.611536   -0.613356 0.000281654
          41   -0.610696   -0.613291 0.000282157
          42   -0.612688   -0.613277 0.000275804
          43   -0.614624   -0.613308 0.000271164
          44   -0.615152    -0.61335 0.000268221
          45   -0.615592     -0.6134 0.000266848
          46   -0.617696   -0.613493  0.00027691
          47    -0.61316   -0.613486 0.000271109
          48   -0.609856    -0.61341 0.000275807
          49   -0.611408   -0.613369 0.000273189
          50    -0.61224   -0.613347 0.000268657
           1   -0.567888   -0.567888           0
           2    -0.56776   -0.567824 4.52548e-05
           3   -0.569296   -0.568315 0.000401762
           4    -0.56804   -0.568246 0.000307134
           5    -0.56648   -0.567893 0.000400215
           6   -0.568392   -0.567976 0.000342051
           7   -0.571752   -0.568515 0.000579114
           8   -0.568184   -0.568474 0.000508204
           9      -0.571   -0.568755 0.000523534
          10    -0.57112   -0.568991 0.000521885
          11   -0.566688   -0.568782 0.000514732
          12   -0.565632   -0.568519 0.000534591
          13   -0.567744    -0.56846 0.000496785
          14   -0.563488   -0.568105  0.00057437
          15   -0.571016   -0.568299 0.000567927
          16   -0.571296   -0.568486  0.00056248
          17   -0.569424   -0.568541 0.000532093
          18    -0.56784   -0.568502 0.000503956
          19    -0.56904   -0.568531 0.000478226
          20   -0.568848   -0.568546 0.000454578
          21   -0.564744   -0.568365 0.000467604
          22    -0.56668   -0.568289 0.000452581
          23   -0.569872   -0.568358 0.000438107
          24   -0.565448   -0.568236 0.000436304
          25   -0.569496   -0.568287 0.000421751
          26   -0.564848   -0.568154 0.000425763
          27   -0.564536    -0.56802  0.00043057
          28   -0.570392   -0.568105 0.000423441
          29   -0.568456   -0.568117 0.000409013
          30    -0.56916   -0.568152 0.000396853
          31   -0.569168   -0.568185 0.000385402
          32   -0.566664   -0.568137 0.000376277
          33   -0.562688   -0.567972 0.000399468
          34   -0.565344   -0.567895 0.000395127
          35   -0.566832   -0.567864 0.000385003
          36       -0.57   -0.567924 0.000378851
          37   -0.569784   -0.567974 0.000371933
          38   -0.569296   -0.568009 0.000363768
          39   -0.569808   -0.568055 0.000357354
          40   -0.566392   -0.568013  0.00035083
          41    -0.56448   -0.567927   0.0003527
          42   -0.565472   -0.567869 0.000349113
          43   -0.568232   -0.567877 0.000341096
          44   -0.567008   -0.567857 0.000333915
          45   -0.570064   -0.567906 0.000330076
          46   -0.573344   -0.568025 0.000343415
          47   -0.567448   -0.568012 0.000336327
          48   -0.565936   -0.567969 0.000332091
          49   -0.567056   -0.567951 0.000325836
          50   -0.569752   -0.567987 0.000321305
           1   -0.531752   -0.531752           0
           2   -0.531592   -0.531672 5.65685e-05
           3    -0.52976   -0.531035 0.000521745
           4   -0.530272   -0.530844 0.000424721
           5   -0.528616   -0.530398 0.000523733
           6   -0.529736   -0.530288 0.000447929
           7   -0.528288   -0.530002  0.00046624
           8   -0.528744   -0.529845 0.000433679
           9    -0.53104   -0.529978  0.00040531
          10     -0.5338    -0.53036 0.000514342
          11   -0.526368   -0.529997 0.000581691
          12   -0.527208   -0.529765 0.000577788
          13   -0.526288   -0.529497 0.000592009
          14   -0.525872   -0.529238 0.000603704
          15   -0.529448   -0.529252 0.000563619
          16    -0.52992   -0.529294 0.000529936
          17   -0.530104   -0.529342   0.0005009
          18   -0.529144   -0.529331 0.000473193
          19   -0.528608   -0.529293 0.000449814
          20   -0.527992   -0.529228 0.000431999
          21    -0.52876   -0.529205 0.000412001
          22   -0.527968   -0.529149 0.000397094
          23   -0.529992   -0.529186 0.000381516
          24   -0.527608    -0.52912  0.00037124
          25   -0.530512   -0.529176 0.000360542
          26    -0.52836   -0.529144 0.000348037
          27   -0.523336   -0.528929  0.00039609
          28   -0.526216   -0.528832 0.000393618
          29   -0.527568   -0.528789 0.000382452
          30    -0.52648   -0.528712 0.000377366
          31   -0.529576    -0.52874 0.000366222
          32   -0.529792   -0.528772 0.000356251
          33   -0.524552   -0.528645 0.000367696
          34   -0.525272   -0.528545  0.00037002
          35    -0.52752   -0.528516 0.000360606
          36   -0.527696   -0.528493 0.000351308
          37   -0.526456   -0.528438 0.000346101
          38   -0.530296   -0.528487 0.000340429
          39   -0.528984     -0.5285 0.000331938
          40    -0.52596   -0.528436 0.000329657
          41    -0.52492   -0.528351 0.000332586
          42    -0.52872   -0.528359 0.000324784
          43   -0.529192   -0.528379 0.000317807
          44   -0.527744   -0.528364 0.000310912
          45    -0.52984   -0.528397 0.000305727
          46   -0.530128   -0.528435 0.000301387
          47   -0.526656   -0.528397 0.000297342
          48   -0.530568   -0.528442 0.000294567
          49   -0.528632   -0.528446 0.000288581
          50   -0.527464   -0.528426 0.000283477
           1   -0.495648   -0.495648           0
           2   -0.496264   -0.495956 0.000217789
           3     -0.4924   -0.494771 0.000978651
           4   -0.492384   -0.494174 0.000897634
           5   -0.493104    -0.49396 0.000743179
           6   -0.493672   -0.493912 0.000620864
           7   -0.493752   -0.493889  0.00053259
           8   -0.494624   -0.493981 0.000473871
           9   -0.496192   -0.494227 0.000480699
          10   -0.494032   -0.494207 0.000433023
          11   -0.490048   -0.493829 0.000533794
          12     -0.4902   -0.493527 0.000568563
          13    -0.49404   -0.493566 0.000526197
          14   -0.490232   -0.493328 0.000539821
          15   -0.496464   -0.493537  0.00054281
          16   -0.494216   -0.493579  0.00051054
          17   -0.495168   -0.493673 0.000488985
          18   -0.490744    -0.49351 0.000488143
          19   -0.493016   -0.493484 0.000463143
          20   -0.494496   -0.493535 0.000442741
          21    -0.49176    -0.49345 0.000429648
          22   -0.495328   -0.493536 0.000418511
          23   -0.493536   -0.493536 0.000400315
          24   -0.492304   -0.493484  0.00038691
          25   -0.495624    -0.49357 0.000380782
          26   -0.491624   -0.493495  0.00037342
          27   -0.491544   -0.493423 0.000366514
          28   -0.492768   -0.493399  0.00035417
          29   -0.493928   -0.493418 0.000342426
          30    -0.49232   -0.493381 0.000332961
          31    -0.49312   -0.493373 0.000322327
          32   -0.494616   -0.493411 0.000314587
          33   -0.490792   -0.493332  0.00031491
          34   -0.490392   -0.493246 0.000317298
          35   -0.494888   -0.493293 0.000311683
          36   -0.492152   -0.493261 0.000304631
          37    -0.49272   -0.493246 0.000296749
          38   -0.493896   -0.493263 0.000289432
          39   -0.492928   -0.493255 0.000282138
          40    -0.49196   -0.493222 0.000276935
          41   -0.489576   -0.493133 0.000284103
          42   -0.491888   -0.493104 0.000278882
          43   -0.494448   -0.493135 0.000274142
          44   -0.491312   -0.493094 0.000271025
          45   -0.494664   -0.493129 0.000267239
          46   -0.494968   -0.493169 0.000264405
          47    -0.49348   -0.493175 0.000258862
          48    -0.49204   -0.493151 0.000254547
          49   -0.492464   -0.493137 0.000249739
          50    -0.49292   -0.493133 0.000244782
           1    -0.46276    -0.46276           0
           2    -0.46348    -0.46312 0.000254558
           3   -0.462848   -0.463029 0.000185149
           4   -0.461072    -0.46254 0.000445946
           5   -0.460328   -0.462098 0.000532775
           6   -0.463504   -0.462332 0.000492853
           7   -0.460672   -0.462095 0.000476091
           8   -0.461528   -0.462024  0.00042182
           9   -0.465048    -0.46236 0.000490857
          10   -0.461432   -0.462267 0.000450458
          11   -0.464152   -0.462439 0.000440893
          12   -0.459704   -0.462211 0.000459282
          13   -0.460728   -0.462097 0.000437884
          14   -0.459704   -0.461926 0.000438692
          15   -0.462384   -0.461956 0.000410508
          16    -0.46116   -0.461906 0.000387856
          17   -0.462624   -0.461949  0.00036733
          18   -0.460928   -0.461892 0.000351273
          19    -0.46592   -0.462104 0.000391566
          20    -0.46144   -0.462071 0.000373393
          21   -0.459568   -0.461952 0.000374149
          22   -0.463024      -0.462 0.000360304
          23   -0.461624   -0.461984  0.00034501
          24    -0.46008   -0.461905 0.000339633
          25   -0.463808   -0.461981 0.000334472
          26   -0.462728    -0.46201  0.00032284
          27   -0.463328   -0.462058 0.000314554
          28   -0.462856   -0.462087 0.000304608
          29   -0.461112   -0.462053 0.000295953
          30    -0.46032   -0.461995 0.000291673
          31   -0.461128   -0.461967 0.000283603
          32   -0.462208   -0.461975  0.00027484
          33   -0.460056   -0.461917 0.000272594
          34   -0.461464   -0.461904 0.000264902
          35   -0.461784     -0.4619 0.000257355
          36   -0.465224   -0.461992 0.000266254
          37   -0.460664   -0.461957 0.000261468
          38     -0.4628   -0.461979 0.000255527
          39   -0.463128   -0.462008 0.000250669
          40    -0.45976   -0.461952 0.000250624
          41   -0.456568   -0.461821 0.000276784
          42   -0.462704   -0.461842 0.000270992
          43   -0.460792   -0.461817 0.000265787
          44    -0.46304   -0.461845 0.000261195
          45   -0.463848    -0.46189 0.000259155
          46   -0.463672   -0.461928 0.000256402
          47   -0.461608   -0.461922 0.000251037
          48   -0.462256   -0.461929 0.000245904
          49   -0.462064   -0.461931 0.000240901
          50     -0.4622   -0.461937 0.000236143
           1   -0.974864   -0.974864           0
           2   -0.979136      -0.977  0.00151038
           3    -0.97868    -0.97756  0.00110587
           4   -0.968312   -0.975248  0.00216724
           5   -0.975992   -0.975397  0.00173889
           6   -0.973704   -0.975115  0.00147179
           7   -0.972064   -0.974679  0.00132448
           8   -0.970912   -0.974208   0.0012398
           9    -0.97244   -0.974012   0.0011175
          10   -0.973968   -0.974007  0.00100576
          11   -0.970688   -0.973705 0.000958519
          12     -0.9706   -0.973447 0.000912909
          13   -0.974592   -0.973535 0.000846926
          14   -0.966312   -0.973019 0.000930391
          15   -0.971968   -0.972949 0.000870999
          16   -0.979912   -0.973384 0.000918876
          17    -0.97344   -0.973387 0.000864831
          18    -0.96924   -0.973157 0.000846921
          19   -0.983768   -0.973715 0.000969145
          20   -0.973328   -0.973696 0.000920881
          21   -0.979112   -0.973954  0.00091243
          22   -0.976072    -0.97405 0.000876021
          23   -0.968192   -0.973795 0.000874177
          24   -0.973288   -0.973774 0.000838008
          25   -0.965848   -0.973457 0.000862382
          26   -0.970368   -0.973338 0.000837359
          27   -0.974344   -0.973376 0.000807173
          28    -0.95964   -0.972885 0.000915357
          29   -0.973208   -0.972896  0.00088386
          30   -0.980096   -0.973136 0.000886381
          31   -0.977928   -0.973291 0.000871162
          32   -0.981168   -0.973537 0.000878028
          33   -0.979512   -0.973718 0.000869889
          34   -0.966992    -0.97352 0.000866507
          35    -0.97372   -0.973526 0.000841768
          36   -0.971304   -0.973464 0.000820645
          37   -0.976256    -0.97354 0.000801927
          38   -0.975488   -0.973591 0.000782461
          39   -0.973512   -0.973589   0.0007624
          40   -0.980456   -0.973761 0.000762424
          41   -0.982464   -0.973973 0.000772816
          42   -0.969296   -0.973862 0.000762396
          43    -0.97908   -0.973983 0.000754263
          44   -0.965312   -0.973786 0.000762429
          45    -0.97072   -0.973718 0.000748524
          46   -0.972312   -0.973687 0.000732876
          47   -0.974776    -0.97371 0.000717649
          48   -0.970768   -0.973649 0.000705311
          49    -0.97244   -0.973624 0.000691348
          50    -0.97416   -0.973635 0.000677604
           1   -0.909208   -0.909208           0
           2   -0.914896   -0.912052  0.00201101
           3   -0.917496   -0.913867  0.00199819
           4   -0.912264   -0.913466  0.00153829
           5   -0.911928   -0.913158  0.00126101
           6    -0.91212   -0.912985  0.00106265
           7    -0.91376   -0.913096 0.000916587
           8   -0.909816   -0.912686 0.000888996
           9   -0.910288    -0.91242 0.000829186
          10   -0.912224     -0.9124 0.000746498
          11   -0.911192    -0.91229 0.000686665
          12   -0.916672   -0.912655 0.000720016
          13    -0.90732   -0.912245 0.000772795
          14   -0.908752   -0.911995 0.000756799
          15   -0.911488   -0.911962 0.000707102
          16   -0.909136   -0.911785 0.000684606
          17   -0.914896   -0.911968 0.000668346
          18   -0.918952   -0.912356 0.000735264
          19   -0.906904   -0.912069 0.000750473
          20   -0.912792   -0.912105 0.000713819
          21   -0.921232    -0.91254 0.000801285
          22   -0.907384   -0.912305 0.000798399
          23   -0.914896   -0.912418 0.000771589
          24   -0.915424   -0.912543 0.000749536
          25   -0.920568   -0.912864 0.000785283
          26   -0.913808   -0.912901 0.000755919
          27    -0.90492   -0.912605 0.000783582
          28   -0.917776    -0.91279 0.000777055
          29   -0.908688   -0.912648 0.000763023
          30     -0.9114   -0.912607 0.000738723
          31   -0.918672   -0.912802  0.00074035
          32   -0.917992   -0.912965 0.000734763
          33   -0.917576   -0.913104 0.000725664
          34    -0.91192   -0.913069 0.000705156
          35   -0.910368   -0.912992  0.00068922
          36   -0.913616    -0.91301 0.000670293
          37   -0.914856   -0.913059 0.000654032
          38     -0.9098   -0.912974 0.000642421
          39   -0.913952   -0.912999 0.000626438
          40   -0.919608   -0.913164 0.000632192
          41   -0.907408   -0.913024 0.000632169
          42    -0.91536   -0.913079  0.00061956
          43    -0.91344   -0.913088 0.000605208
          44   -0.907416   -0.912959 0.000605025
          45   -0.906344   -0.912812 0.000609175
          46   -0.915736   -0.912875  0.00059924
          47   -0.914672   -0.912914 0.000587708
          48   -0.912984   -0.912915 0.000575466
          49   -0.915984   -0.912978  0.00056712
          50   -0.916224   -0.913043 0.000559482
           1   -0.854584   -0.854584           0
           2   -0.848848   -0.851716  0.00202798
           3   -0.849336   -0.850923  0.00149915
           4   -0.849408   -0.850544  0.00117121
           5     -0.8442   -0.849275  0.00147166
           6   -0.848352   -0.849121   0.0012344
           7   -0.848096   -0.848975  0.00106672
           8   -0.849472   -0.849037 0.000935184
           9   -0.846712   -0.848779 0.000866221
          10   -0.847464   -0.848647 0.000789512
          11   -0.850328     -0.8488 0.000732376
          12    -0.84828   -0.848757 0.000672625
          13   -0.849296   -0.848798 0.000622163
          14   -0.846184   -0.848611 0.000605094
          15   -0.845416   -0.848398 0.000601085
          16   -0.853024   -0.848688 0.000629212
          17   -0.853432   -0.848967 0.000651159
          18   -0.845568   -0.848778 0.000641774
          19    -0.84792   -0.848733 0.000609582
          20   -0.848536   -0.848723 0.000579182
          21   -0.848272   -0.848701    0.000552
          22   -0.847768   -0.848659 0.000528537
          23    -0.84884   -0.848667 0.000505616
          24   -0.848224   -0.848648 0.000484885
          25    -0.84924   -0.848672 0.000466067
          26   -0.845784   -0.848561 0.000461187
          27    -0.84472   -0.848419  0.00046553
          28   -0.846192   -0.848339 0.000455645
          29   -0.848008   -0.848328 0.000440076
          30     -0.8498   -0.848377 0.000428135
          31   -0.842896     -0.8482 0.000449349
          32   -0.844976   -0.848099 0.000446459
          33   -0.851832   -0.848212 0.000447029
          34    -0.84924   -0.848243 0.000434902
          35   -0.844376   -0.848132 0.000436282
          36   -0.853624   -0.848285 0.000450044
          37   -0.847096   -0.848253 0.000439026
          38   -0.849856   -0.848295 0.000429496
          39    -0.84732    -0.84827  0.00041921
          40   -0.852872   -0.848385 0.000424225
          41   -0.850192   -0.848429 0.000416161
          42   -0.848208   -0.848424 0.000406286
          43    -0.84776   -0.848408 0.000397131
          44    -0.85124   -0.848473 0.000393285
          45     -0.8484   -0.848471 0.000384549
          46   -0.852712   -0.848563 0.000387084
          47    -0.84968   -0.848587 0.000379577
          48   -0.851024   -0.848638 0.000375049
          49   -0.850376   -0.848673 0.000369069
          50   -0.854848   -0.848797 0.000381791
           1   -0.778304   -0.778304           0
           2   -0.782248   -0.780276  0.00139441
           3    -0.78204   -0.780864  0.00104626
           4    -0.78328   -0.781468 0.000943061
           5   -0.781304   -0.781435 0.000755019
           6   -0.782856   -0.781672 0.000665281
           7   -0.783872   -0.781986 0.000640187
           8   -0.786832   -0.782592 0.000796751
           9   -0.780056    -0.78231  0.00075641
          10   -0.786056   -0.782685 0.000767935
          11   -0.784328   -0.782834 0.000712504
          12   -0.783016   -0.782849  0.00065329
          13   -0.786424   -0.783124 0.000658368
          14   -0.782752   -0.783098 0.000611878
          15   -0.781672   -0.783003 0.000578421
          16   -0.780672   -0.782857 0.000560312
          17   -0.783872   -0.782917 0.000530524
          18   -0.784712   -0.783016  0.00051034
          19   -0.786512     -0.7832 0.000515576
          20   -0.786472   -0.783364 0.000515094
          21   -0.786064   -0.783493 0.000506357
          22   -0.784512   -0.783539 0.000485457
          23   -0.784088   -0.783563 0.000464937
          24   -0.783472   -0.783559  0.00044558
          25   -0.784432   -0.783594 0.000429123
          26   -0.781792   -0.783525 0.000418177
          27   -0.779624    -0.78338 0.000426915
          28   -0.785008   -0.783438 0.000415607
          29   -0.787264    -0.78357 0.000421694
          30   -0.783768   -0.783577 0.000407689
          31   -0.776872   -0.783361 0.000448252
          32    -0.78572   -0.783434 0.000440266
          33   -0.785208   -0.783488 0.000430194
          34    -0.78236   -0.783455 0.000418818
          35    -0.78056   -0.783372 0.000414938
          36   -0.787696   -0.783492 0.000420436
          37   -0.786608   -0.783576 0.000417421
          38   -0.784624   -0.783604 0.000407346
          39   -0.777272   -0.783442 0.000428036
          40   -0.784776   -0.783475 0.000418633
          41   -0.784992   -0.783512 0.000410054
          42   -0.781784   -0.783471  0.00040235
          43   -0.786152   -0.783533 0.000397795
          44   -0.783056   -0.783522 0.000388902
          45    -0.78392   -0.783531  0.00038036
          46   -0.785904   -0.783583 0.000375573
          47   -0.780424   -0.783516 0.000373547
          48    -0.78304   -0.783506 0.000365896
          49     -0.7794   -0.783422 0.000367897
          50   -0.783808    -0.78343 0.000360621
           1   -0.717888   -0.717888           0
           2   -0.721208   -0.719548   0.0011738
           3   -0.721488   -0.720195 0.000944003
           4   -0.723288   -0.720968 0.000974577
           5    -0.71884   -0.720542 0.000867629
           6   -0.723008   -0.720953 0.000814546
           7   -0.720304   -0.720861 0.000703445
           8    -0.72176   -0.720973 0.000624434
           9   -0.722416   -0.721133 0.000575268
          10    -0.72044   -0.721064 0.000521903
          11   -0.723784   -0.721311 0.000529807
          12   -0.722592   -0.721418 0.000496289
          13    -0.72012   -0.721318 0.000468049
          14   -0.721056   -0.721299 0.000434992
          15   -0.718536   -0.721115 0.000443291
          16   -0.717392   -0.720883 0.000472733
          17   -0.718112    -0.72072 0.000472182
          18    -0.72004   -0.720682 0.000447456
          19   -0.724944   -0.720906 0.000476833
          20   -0.718064   -0.720764 0.000473694
          21   -0.721608   -0.720804 0.000452839
          22   -0.720544   -0.720792  0.00043241
          23   -0.720024   -0.720759 0.000414898
          24    -0.71964   -0.720712 0.000400221
          25   -0.719168   -0.720651  0.00038895
          26    -0.71824   -0.720558 0.000384882
          27   -0.721536   -0.720594 0.000372328
          28   -0.720736   -0.720599 0.000359066
          29    -0.71896   -0.720543 0.000351104
          30   -0.721864   -0.720587 0.000342153
          31   -0.719104   -0.720539 0.000334442
          32   -0.724032   -0.720648 0.000341341
          33     -0.7208   -0.720653 0.000331028
          34   -0.720328   -0.720643  0.00032143
          35   -0.721984   -0.720681 0.000314521
          36   -0.720512   -0.720677  0.00030582
          37   -0.723512   -0.720753 0.000307005
          38    -0.72348   -0.720825 0.000307197
          39   -0.718424   -0.720763 0.000305427
          40   -0.720016   -0.720745 0.000298362
          41   -0.721992   -0.720775 0.000292632
          42   -0.720112   -0.720759  0.00028609
          43   -0.721144   -0.720768 0.000279577
          44   -0.720112   -0.720753  0.00027362
          45   -0.724288   -0.720832 0.000278586
          46   -0.721728   -0.720851 0.000273209
          47   -0.714608   -0.720719 0.000297946
          48   -0.721848   -0.720742 0.000292666
          49   -0.718712   -0.720701 0.000289611
          50   -0.720872   -0.720704  0.00028384
           1    -0.66204    -0.66204           0
           2   -0.665432   -0.663736  0.00119925
           3   -0.666472   -0.664648  0.00109257
           4   -0.663504   -0.664362 0.000856039
           5   -0.663024   -0.664094 0.000725453
           6   -0.664584   -0.664176 0.000609116
           7   -0.664904    -0.66428 0.000530904
           8   -0.664576   -0.664317 0.000465828
           9   -0.661952   -0.664054 0.000482528
          10   -0.665688   -0.664218 0.000461105
          11    -0.66372   -0.664172   0.0004214
          12   -0.663328   -0.664102 0.000392114
          13   -0.666648   -0.664298 0.000407938
          14   -0.666056   -0.664423  0.00039766
          15   -0.666392   -0.664555 0.000392208
          16    -0.66236   -0.664417 0.000390946
          17   -0.662512   -0.664305 0.000383681
          18   -0.661376   -0.664143 0.000395377
          19   -0.662736   -0.664069 0.000381437
          20   -0.661416   -0.663936 0.000384733
          21   -0.665496    -0.66401 0.000373516
          22   -0.665392   -0.664073 0.000361779
          23   -0.664696     -0.6641 0.000347062
          24   -0.663912   -0.664092  0.00033269
          25   -0.662712   -0.664037 0.000323931
          26    -0.66288   -0.663993 0.000314515
          27   -0.664184      -0.664 0.000302946
          28   -0.661328   -0.663904 0.000306785
          29   -0.662024   -0.663839 0.000302981
          30   -0.664128   -0.663849 0.000293034
          31   -0.663288   -0.663831  0.00028414
          32   -0.663208   -0.663812 0.000275926
          33   -0.662544   -0.663773 0.000270225
          34   -0.665144   -0.663813 0.000265268
          35   -0.663016   -0.663791 0.000258666
          36   -0.665408   -0.663836 0.000255352
          37   -0.664176   -0.663845 0.000248617
          38   -0.663752   -0.663842 0.000242086
          39   -0.661808    -0.66379 0.000241433
          40   -0.664208   -0.663801 0.000235623
          41   -0.668472   -0.663915 0.000255945
          42   -0.666592   -0.663978 0.000257668
          43   -0.660488   -0.663897 0.000264152
          44   -0.666864   -0.663965 0.000266615
          45   -0.664512   -0.663977 0.000260968
          46   -0.664176   -0.663981 0.000255331
          47   -0.663352   -0.663968 0.000250249
          48   -0.664784   -0.663985 0.000245612
          49   -0.663592   -0.663977 0.000240731
          50    -0.66664    -0.66403 0.000241737
           1   -0.615176   -0.615176           0
           2    -0.61216   -0.613668  0.00106632
           3   -0.613024   -0.613453 0.000732167
           4   -0.611144   -0.612876 0.000742647
           5   -0.614432   -0.613187 0.000656088
           6   -0.611608   -0.612924 0.000597205
           7   -0.618872   -0.613774 0.000938563
           8   -0.613352   -0.613721 0.000822722
           9   -0.615888   -0.613962 0.000765731
          10   -0.616008   -0.614166 0.000715976
          11   -0.612696   -0.614033 0.000663248
          12   -0.610488   -0.613737 0.000670539
          13   -0.612336    -0.61363 0.000627564
          14   -0.611992   -0.613513 0.000593538
          15   -0.615904   -0.613672 0.000574982
          16   -0.606872   -0.613247 0.000678164
          17   -0.613096   -0.613238  0.00063833
          18   -0.614712    -0.61332 0.000608096
          19   -0.617288   -0.613529 0.000610902
          20   -0.614096   -0.613557 0.000581014
          21    -0.61592    -0.61367 0.000564136
          22   -0.613216   -0.613649  0.00053887
          23   -0.613272   -0.613633 0.000515691
          24   -0.613256   -0.613617 0.000494442
          25    -0.61376   -0.613623 0.000474698
          26   -0.616272   -0.613725 0.000467248
          27      -0.613   -0.613698 0.000450713
          28    -0.61428   -0.613719 0.000435095
          29   -0.613568   -0.613713 0.000420123
          30    -0.61128   -0.613632 0.000413875
          31   -0.613072   -0.613614 0.000400919
          32    -0.61412    -0.61363 0.000388701
          33   -0.614976   -0.613671 0.000379057
          34   -0.616176   -0.613744 0.000375001
          35   -0.615888   -0.613806 0.000369254
          36   -0.615432   -0.613851 0.000361749
          37    -0.61512   -0.613885 0.000353595
          38   -0.613824   -0.613884 0.000344293
          39   -0.612376   -0.613845 0.000337628
          40   -0.610712   -0.613767  0.00033815
          41   -0.613672   -0.613764 0.000329911
          42   -0.612672   -0.613738 0.000323079
          43   -0.615152   -0.613771 0.000317234
          44   -0.612256   -0.613737 0.000311888
          45   -0.614944   -0.613764 0.000306108
          46   -0.611416   -0.613713 0.000303678
          47    -0.61464   -0.613732 0.000297857
          48   -0.612736   -0.613712 0.000292374
          49   -0.613848   -0.613714 0.000286421
          50   -0.612192   -0.613684 0.000282306
           1   -0.567744   -0.567744           0
           2   -0.566832   -0.567288 0.000322441
           3   -0.570664   -0.568413 0.000943641
           4   -0.564656   -0.567474  0.00107826
           5   -0.568304    -0.56764 0.000875292
           6   -0.568488   -0.567781 0.000740733
           7    -0.57144   -0.568304 0.000798292
           8   -0.567784   -0.568239 0.000701147
           9   -0.566864   -0.568086  0.00063967
          10   -0.569184   -0.568196 0.000585047
          11    -0.57012   -0.568371 0.000557394
          12   -0.569656   -0.568478 0.000521131
          13   -0.568384   -0.568471 0.000481094
          14   -0.569112   -0.568517 0.000448905
          15   -0.569896   -0.568609 0.000428294
          16   -0.566656   -0.568487  0.00041855
          17   -0.566456   -0.568367 0.000410618
          18   -0.570872   -0.568506 0.000410712
          19     -0.5688   -0.568522 0.000389386
          20   -0.567448   -0.568468 0.000373599
          21    -0.56712   -0.568404 0.000361281
          22   -0.573544   -0.568637 0.000413566
          23   -0.569488   -0.568674 0.000397235
          24   -0.571816   -0.568805 0.000401672
          25    -0.57136   -0.568908 0.000398391
          26   -0.568928   -0.568908 0.000383069
          27   -0.566768   -0.568829 0.000376994
          28    -0.56752   -0.568782 0.000366417
          29   -0.569656   -0.568812 0.000355019
          30   -0.567168   -0.568758 0.000347391
          31   -0.569728   -0.568789 0.000337592
          32   -0.567136   -0.568737  0.00033097
          33   -0.570368   -0.568787 0.000324609
          34   -0.567928   -0.568761 0.000316043
          35   -0.567472   -0.568725 0.000309153
          36   -0.564568   -0.568609 0.000321403
          37     -0.5692   -0.568625 0.000313113
          38    -0.56552   -0.568543 0.000315355
          39   -0.570176   -0.568585 0.000310035
          40   -0.567744   -0.568564 0.000302997
          41   -0.569376   -0.568584 0.000296253
          42   -0.570184   -0.568622 0.000291638
          43   -0.566352   -0.568569 0.000289595
          44   -0.570104   -0.568604 0.000285106
          45   -0.567288   -0.568575 0.000280267
          46   -0.565624   -0.568511  0.00028142
          47   -0.569368   -0.568529 0.000276023
          48   -0.565776   -0.568472 0.000276167
          49   -0.568536   -0.568473 0.000270534
          50    -0.56828   -0.568469 0.000265151
           1   -0.525536   -0.525536           0
           2   -0.524896   -0.525216 0.000226274
           3   -0.528144   -0.526192 0.000811053
           4   -0.526104    -0.52617 0.000608588
           5   -0.528336   -0.526603 0.000622232
           6   -0.529648   -0.527111 0.000695321
           7   -0.527656   -0.527189 0.000600338
           8   -0.528176   -0.527312 0.000537835
           9   -0.528664   -0.527462 0.000498613
          10    -0.53168   -0.527884 0.000601236
          11   -0.527976   -0.527892 0.000546637
          12   -0.529144   -0.527997 0.000510938
          13   -0.533544   -0.528423 0.000624917
          14   -0.525568   -0.528219 0.000612659
          15   -0.530592   -0.528378 0.000591881
          16   -0.529496   -0.528447 0.000559001
          17   -0.529752   -0.528524 0.000531359
          18   -0.527312   -0.528457 0.000506089
          19   -0.527824   -0.528424 0.000480548
          20    -0.52856    -0.52843 0.000456569
          21   -0.528472   -0.528432 0.000434832
          22    -0.53056   -0.528529 0.000425685
          23   -0.529888   -0.528588 0.000411257
          24   -0.528624    -0.52859 0.000394124
          25    -0.52816   -0.528572 0.000378734
          26     -0.5268   -0.528504 0.000370252
          27    -0.52852   -0.528505 0.000356539
          28    -0.52916   -0.528528 0.000344572
          29    -0.52764   -0.528498 0.000334049
          30   -0.529016   -0.528515 0.000323361
          31   -0.527984   -0.528498 0.000313383
          32   -0.524936   -0.528386 0.000322752
          33   -0.526352   -0.528325 0.000318805
          34   -0.529984   -0.528374 0.000313141
          35   -0.524072   -0.528251 0.000327426
          36   -0.529976   -0.528299 0.000321819
          37   -0.528432   -0.528302 0.000313142
          38     -0.5296   -0.528336 0.000306758
          39   -0.525104   -0.528254 0.000309887
          40   -0.528424   -0.528258 0.000302169
          41    -0.52884   -0.528272 0.000295132
          42     -0.5312   -0.528342 0.000296225
          43   -0.530872   -0.528401 0.000295122
          44   -0.530416   -0.528446 0.000291948
          45   -0.529104   -0.528461 0.000285826
          46   -0.529704   -0.528488 0.000280887
          47   -0.527088   -0.528458 0.000276485
          48   -0.526472   -0.528417 0.000273804
          49   -0.528632   -0.528421 0.000268252
          50   -0.529808   -0.528449 0.000264317
           1    -0.49052    -0.49052           0
           2   -0.492936   -0.491728 0.000854185
           3    -0.49376   -0.492405  0.00079381
           4   -0.493024    -0.49256 0.000610239
           5    -0.49484   -0.493016 0.000636144
           6   -0.490488   -0.492595 0.000654952
           7   -0.498336   -0.493415 0.000944334
           8   -0.494288   -0.493524 0.000832576
           9   -0.496784   -0.493886 0.000815062
          10   -0.493368   -0.493834 0.000735201
          11     -0.4934   -0.493795 0.000669425
          12   -0.493024   -0.493731 0.000616714
          13   -0.493568   -0.493718 0.000569401
          14   -0.495176   -0.493822 0.000538168
          15   -0.491848   -0.493691 0.000518135
          16     -0.4952   -0.493785 0.000494264
          17   -0.495688   -0.493897 0.000477698
          18   -0.497048   -0.494072  0.00048217
          19   -0.493096   -0.494021  0.00045952
          20   -0.491536   -0.493896 0.000453026
          21   -0.490216   -0.493721 0.000464117
          22   -0.491448   -0.493618 0.000454377
          23   -0.496656    -0.49375 0.000453416
          24   -0.494728   -0.493791 0.000436351
          25   -0.494168   -0.493806 0.000419158
          26   -0.496232   -0.493899 0.000413294
          27     -0.4932   -0.493873 0.000398797
          28   -0.493856   -0.493873 0.000384554
          29   -0.495832    -0.49394 0.000377183
          30   -0.493456   -0.493924 0.000364955
          31    -0.49344   -0.493908 0.000353516
          32   -0.492536   -0.493865 0.000345061
          33   -0.494488   -0.493884 0.000335119
          34   -0.495128   -0.493921 0.000327253
          35   -0.493432   -0.493907 0.000318201
          36   -0.495256   -0.493944 0.000311561
          37    -0.49292   -0.493917 0.000304368
          38   -0.492944   -0.493891 0.000297433
          39   -0.493032   -0.493869 0.000290621
          40   -0.494216   -0.493878 0.000283485
          41   -0.491976   -0.493831  0.00028034
          42   -0.493664   -0.493827 0.000273693
          43   -0.491248   -0.493767 0.000273823
          44   -0.496216   -0.493823 0.000273196
          45      -0.493   -0.493805 0.000267737
          46    -0.49464   -0.493823 0.000262531
          47   -0.495168   -0.493852 0.000258501
          48   -0.491528   -0.493803 0.000257608
          49   -0.489904   -0.493724 0.000264355
          50   -0.491928   -0.493688 0.000261496
           1   -0.463024   -0.463024           0
           2   -0.462352   -0.462688 0.000237588
           3    -0.46144   -0.462272 0.000374778
           4    -0.46044   -0.461814 0.000486139
           5   -0.460144    -0.46148 0.000490405
           6   -0.464768   -0.462028  0.00064596
           7    -0.46436   -0.462361 0.000633791
           8   -0.465232    -0.46272 0.000648248
           9    -0.46016   -0.462436  0.00063557
          10    -0.46428    -0.46262 0.000598178
          11   -0.460976   -0.462471 0.000562159
          12   -0.459792   -0.462247 0.000557869
          13   -0.458816   -0.461983 0.000574012
          14    -0.46128   -0.461933 0.000535205
          15    -0.45912   -0.461746 0.000531369
          16   -0.462624     -0.4618 0.000500986
          17   -0.462992   -0.461871 0.000476394
          18   -0.461408   -0.461845  0.00045062
          19      -0.461     -0.4618 0.000429092
          20   -0.458264   -0.461624 0.000442573
          21   -0.459688   -0.461531 0.000430989
          22   -0.462456   -0.461573 0.000413442
          23   -0.461576   -0.461574 0.000395467
          24    -0.46144   -0.461568 0.000379028
          25    -0.46248   -0.461604 0.000365618
          26   -0.462896   -0.461654 0.000354914
          27   -0.463848   -0.461735 0.000350947
          28      -0.461   -0.461709 0.000339395
          29   -0.464336     -0.4618 0.000339564
          30    -0.46296   -0.461838  0.00033044
          31   -0.462064   -0.461846 0.000319861
          32   -0.461904   -0.461848 0.000309871
          33   -0.462224   -0.461859 0.000300691
          34   -0.464136   -0.461926 0.000299212
          35   -0.463744   -0.461978 0.000295138
          36   -0.461352    -0.46196 0.000287451
          37   -0.461992   -0.461961 0.000279684
          38   -0.460688   -0.461928 0.000274324
          39   -0.461224    -0.46191 0.000267883
          40   -0.464184   -0.461967 0.000267151
          41     -0.4616   -0.461958 0.000260785
          42   -0.462208   -0.461964 0.000254644
          43   -0.464088   -0.462013 0.000253469
          44   -0.462336    -0.46202 0.000247815
          45   -0.463784    -0.46206 0.000245387
          46     -0.4632   -0.462084 0.000241302
          47   -0.464912   -0.462145 0.000243552
          48    -0.46372   -0.462177  0.00024068
          49   -0.462664   -0.462187 0.000235973
          50   -0.463216   -0.462208 0.000232149
