-0.274911   -0.171976   -0.294776
-0.0977425   -0.474749   -0.00180616
0.17406   -0.400482   0.308708
0.166717   -0.348836   0.190638
-0.200221   -0.16968   -0.192082
0.322551   0.31802   0.254348
-0.485793   -0.386786   0.283818
-0.115493   0.446987   -0.241004
0.474605   -0.137298   -0.299881
0.197418   -0.491479   -0.142195
-0.467598   0.172738   -0.461447
-0.0304196   -0.47947   -0.0406391
0.31092   -0.154618   0.287137
-0.257594   -0.102756   -0.271841
0.342414   -0.00346873   0.0070095
0.212857   0.396851   0.289683
0.14493   0.00652864   -0.322459
-0.332295   0.499824   -0.0203611
0.280287   0.446009   -0.321183
-0.0375349   -0.432742   -0.275752
0.200116   0.365451   -0.160696
-0.0242499   0.112138   -0.294654
-0.344823   -0.230302   -0.288501
0.0507144   -0.276862   0.359425
-0.153358   -0.236718   -0.159768
-0.339257   0.268036   0.397356
-0.433274   0.0802835   0.131581
-0.297469   0.178399   -0.460493
-0.166671   -0.471566   0.358651
-0.470053   0.0687277   -0.471505
0.46061   -0.108126   -0.403383
0.481331   0.230128   -0.393256
-0.310823   0.100624   -0.0772434
0.363818   -0.405671   0.249459
0.287969   -0.2802   0.39075
-0.237734   -0.244416   -0.239116
-0.347555   -0.209289   -0.139548
-0.293064   -0.333572   0.411765
0.370394   -0.042453   0.156659
-0.0567465   -0.176027   -0.396508
0.104968   0.281015   -0.21641
-0.466112   0.15084   0.18814
0.485357   -0.123375   -0.0658836
-0.257271   -0.11852   0.0930744
-0.476039   0.445814   -0.0712814
-0.152547   -0.137921   -0.292908
-0.46272   -0.367047   0.494316
0.236845   0.297231   -0.300871
-0.0517924   0.102927   -0.368107
-0.307629   0.260311   -0.195458
-0.443053   -0.187989   0.125538
0.335306   -0.331267   0.204466
0.429795   0.106035   -0.400067
0.194468   0.397163   -0.0387041
-0.0216425   0.089807   -0.217798
-0.120211   0.42671   0.0765065
-0.165363   0.266507   0.429423
-0.483608   0.278042   0.314703
0.407788   -0.37706   0.414296
-0.0241576   0.40493   0.0686164
0.115916   0.465065   0.333037
0.164373   -0.433207   -0.263748
-0.204747   0.112851   -0.333061
-0.324773   0.343873   -0.271555
0.44092   -0.0768346   -0.259198
0.187104   -0.22785   0.027829
-0.209873   0.436004   -0.447993
-0.464127   -0.00615676   0.194692
0.256707   0.3554   -0.400727
0.317316   0.394913   0.130953
0.301333   0.0130855   0.301071
0.487649   0.0834194   0.177694
0.0835341   0.10954   0.379632
0.394794   -0.358975   -0.108864
-0.203006   0.132644   0.399914
-0.0188057   -0.474648   -0.419647
-0.239021   -0.07997   -0.19348
-0.278749   0.17966   0.178412
-0.431319   0.125173   0.450952
-0.220392   -0.349773   -0.0281493
0.494456   0.195696   -0.0576924
-0.107042   -0.431485   -0.373851
-0.117495   0.201643   -0.332178
0.0724093   -0.129344   -0.0923534
-0.00674841   -0.394308   0.461413
-0.278619   0.250834   0.479158
-0.0659801   0.378091   0.433617
-0.425268   0.0820693   0.327635
-0.0481785   -0.129488   -0.136362
0.480321   -0.309006   0.0825828
0.0368079   0.0809319   -0.334752
-0.377632   0.473683   0.0546586
0.224419   0.226247   -0.373621
0.350406   -0.313907   0.45622
0.459831   0.377335   -0.210044
-0.381122   0.146594   -0.405391
0.476711   -0.425747   0.470187
-0.332927   -0.434615   0.257426
-0.184743   0.190255   0.456995
0.453131   0.147738   -0.312879
-0.409354   0.176611   0.00596506
0.497722   -0.0140841   0.333242
0.101863   0.157111   -0.303602
0.182526   0.418793   0.0446635
-0.0147825   0.127559   -0.140993
0.0153843   -0.0486132   -0.242197
-0.216486   -0.482906   -0.465971
0.136155   -0.0472706   0.121881
