0.819919
0.817819
0.81405
0.808361
0.800416
0.789779
0.775916
0.758223
0.736125
0.709115
0.676951
0.639847
0.598705
0.555208
0.511767
0.471204
0.436178
0.408683
0.389741
0.379341
0.376647
0.380282
0.38862
0.400017
0.41299
0.426311
0.439034
0.450508
0.460356
0.468431
0.474731
0.479354
0.48239
0.483884
0.483827
0.482199
0.479031
0.474459
0.468767
0.462396
0.45588
0.449812
0.444817
0.441463
0.440179
0.441113
0.444044
0.448423
0.453533
0.458672
0.463258
0.466884
0.469289
0.470376
0.470187
0.468932
0.466956
0.464704
0.462642
0.461162
0.460524
0.460803
0.461903
0.463607
0.465645
0.467745
0.469666
0.471212
0.472223
0.472571
0.472142
0.470859
0.468676
0.465623
0.461859
0.457683
0.453542
0.449897
0.447083
0.445188
0.444043
0.443346
0.442823
0.442299
0.44166
0.440799
0.439568
0.437837
0.435615
0.433101
0.430655
0.428707
0.427627
0.427636
0.428771
0.430891
0.433734
0.436976
0.440269
0.443269
0.445663
0.447155
0.447527
0.446662
0.44461
0.44159
0.437972
0.434197
0.430709
0.427851
0.425827
0.424687
0.424374
0.424788
0.425818
0.42737
0.429366
0.431731
0.434356
0.437042
0.439481
0.441295
0.442153
0.441939
0.440891
0.439602
0.438906
0.439603
0.44218
0.44665
0.452542
0.459078
0.465386
0.47074
0.474699
0.477153
0.478279
0.478445
0.478075
0.477548
0.477102
0.476791
0.476514
0.476094
0.475315
0.473983
0.471985
0.469332
0.466165
0.462759
0.459448
0.456592
0.454432
0.45304
0.452292
0.451916
0.451629
0.451246
0.450745
0.450262
0.450029
0.450318
0.451356
0.453262
0.456009
0.459389
0.46304
0.46649
0.469226
0.47078
0.470799
0.469126
0.465887
0.461503
0.456628
0.451946
0.447964
0.444852
0.442455
0.440455
0.438596
0.436853
0.435459
0.434819
0.435337
0.437246
0.440454
0.444543
0.448871
0.452776
0.455731
0.457441
0.457869
0.457172
0.455638
0.453569
0.451232
0.448778
0.446278
0.443802
0.441448
0.439405
0.437962
0.437444
0.438157
0.440311
0.443941
0.44887
0.454716
0.460959
0.467022
0.472353
0.476499
0.479155
0.480146
0.479427
0.477089
0.473337
0.468496
0.463014
0.457385
0.452102
0.447587
0.444095
0.441695
0.440278
0.439609
0.439426
0.439507
0.439737
0.440093
0.440626
0.441423
0.44254
0.443976
0.445623
0.447301
0.448783
0.44985
0.450352
0.450233
0.449539
0.448425
0.447135
0.445942
0.4451
0.444798
0.445116
0.446011
0.447329
0.448826
0.450211
0.451233
0.451719
0.451607
0.450952
0.449895
0.448603
0.447222
0.445826
0.444444
0.443067
0.441691
0.440329
0.439013
0.437774
0.436633
0.435593
0.434668
0.433887
0.433328
0.433105
0.433358
0.434225
0.435756
0.437908
0.440527
0.44336
0.446141
0.448647
0.450747
0.45242
0.453702
0.454657
0.455349
0.455813
0.456078
0.456243
0.456494
0.457117
0.45839
0.460427
0.46309
0.466012
0.468736
0.470823
0.471923
0.471804
0.470279
0.467216
0.462559
0.456377
0.448963
0.44091
0.433094
0.426545
0.4222
0.420598
0.421708
0.424929
0.429299
0.433768
0.437425
0.439606
0.439956
0.438439
0.435294
0.430982
0.426113
0.421336
0.417222
0.414192
0.412468
0.412072
0.41287
0.414641
0.417101
0.419937
0.422846
0.425558
0.427889
0.429743
0.43112
0.432092
0.432763
0.433233
0.433552
0.433642
0.433282
0.432162
0.430005
0.426709
0.422428
0.417565
0.412698
0.408456
0.405387
0.403868
0.404043
0.405817
0.408877
0.412773
0.416988
0.421011
0.424417
0.426896
0.428283
0.428575
0.427944
0.426721
0.425326
0.424187
0.423663
0.424
0.425323
0.427695
0.431118
0.435509
0.440719
0.446518
0.4526
0.458614
0.464196
0.469027
0.472863
0.475538
0.476975
0.477158
0.476139
0.474046
0.4711
0.467589
0.463847
0.460194
0.456851
0.453897
0.451256
0.448738
0.446131
0.443314
0.440298
0.437214
0.434235
0.4315
0.429034
0.426748
0.424484
0.422114
0.419634
0.417173
0.415016
0.413522
0.413009
0.413642
0.41538
0.418035
0.421374
0.425217
0.429481
0.434195
0.439435
0.445259
0.451657
0.458509
0.465594
0.472559
0.478995
0.484495
0.488713
0.491441
0.492652
0.492478
0.49116
0.488943
0.485998
0.482346
0.477872
0.472386
0.465702
0.45773
0.448588
0.43867
0.428661
0.419481
0.41211
0.407387
0.405773
0.407228
0.411242
0.417021
0.423704
0.430534
0.436944
0.442549
0.447084
0.450378
0.452377
0.453156
0.45293
0.452042
0.450883
0.449808
0.449013
0.448537
0.448254
0.447946
0.447387
0.446428
0.445006
0.443154
0.44096
0.438495
0.435783
0.43278
0.429427
0.425712
0.421725
0.41767
0.413869
0.410705
0.408548
0.407639
0.408042
0.409638
0.412172
0.415355
0.418952
0.4228
0.426792
0.430873
0.434976
0.439005
0.442835
0.446324
0.449311
0.451655
0.453227
0.453935
0.453723
0.452526
0.450292
0.446986
0.442607
0.437234
0.431017
0.424221
0.417211
0.410404
0.4042
0.398935
0.394841
0.392057
0.390633
0.39058
0.391877
0.394455
0.398171
0.402784
0.407954
0.413292
0.418403
0.422953
0.426724
0.429602
0.431543
0.432561
0.432657
0.43182
0.430044
0.42738
0.423958
0.420023
0.415909
0.412012
0.408707
0.406277
0.404883
0.404571
0.405294
0.406927
0.409317
0.412258
0.415453
0.418524
0.421061
0.422706
0.42324
0.422635
0.421039
0.418723
0.416034
0.413334
0.410979
0.409278
0.408455
0.408624
0.409755
0.411659
0.41404
0.416588
0.419086
0.421482
0.423876
0.426438
0.429286
0.432376
0.435526
0.438466
0.440918
0.44267
0.443609
0.443746
0.443204
0.442165
0.440808
0.43927
0.437628
0.435918
0.434137
0.432248
0.430168
0.427809
0.425091
0.421984
0.418509
0.414717
0.410704
0.406589
0.402497
0.398539
0.394794
0.391286
0.388033
0.385073
0.382471
0.380301
0.378618
0.377439
0.376737
0.376435
0.376431
0.376657
0.377102
0.37782
0.378887
0.380339
0.38215
0.384227
0.38643
0.38863
0.390754
0.392858
0.395111
0.397789
0.401179
0.405455
0.410591
0.416321
0.422179
0.427623
0.432144
0.435368
0.437083
0.43724
0.435935
0.433332
0.429647
0.425138
0.4201
0.414854
0.409739
0.405096
0.401216
0.398315
0.396472
0.395642
0.395681
0.396403
0.397616
0.399153
0.40089
0.402723
0.40459
0.406489
0.408481
0.410649
0.413039
0.415623
0.418254
0.420683
0.422602
0.423707
0.423772
0.422694
0.420534
0.417509
0.41393
0.410147
0.406482
0.403192
0.400437
0.398269
0.396647
0.395456
0.394537
0.393694
0.392736
0.391505
0.389902
0.387915
0.385633
0.383237
0.380957
0.379037
0.377685
0.377013
0.377037
0.377703
0.378963
0.380792
0.383192
0.386169
0.389669
0.393563
0.397655
0.401708
0.405516
0.40894
0.411951
0.414621
0.417119
0.419654
0.42242
0.425535
0.428997
0.432661
0.436271
0.439501
0.442031
0.443638
0.444235
0.443886
0.442811
0.441359
0.439952
0.439
0.438848
0.439699
0.441574
0.444318
0.447652
0.45126
0.45485
0.458197
0.461148
0.463554
0.465249
0.46604
0.465719
0.464126
0.461179
0.456951
0.451686
0.445817
0.439902
0.434544
0.430269
0.427389
0.425915
0.425632
0.426233
0.427448
0.429084
0.431014
0.433079
0.43502
0.436554
0.437487
0.437781
0.437573
0.437119
0.43674
0.436706
0.437202
0.438288
0.439891
0.441829
0.443881
0.44588
0.447735
0.449444
0.451086
0.452782
0.454653
0.456785
0.459199
0.461838
0.464539
0.467072
0.469162
0.470526
0.470883
0.469992
0.467722
0.464089
0.45926
0.4536
0.447624
0.441897
0.436945
0.433124
0.430576
0.42923
0.428843
0.429107
0.429717
0.430444
0.43115
0.431826
0.432559
0.433497
0.434823
0.436692
0.439178
0.442213
0.445537
0.448705
0.45117
0.452398
0.451991
0.449778
0.445912
0.440892
0.435512
0.430694
0.427238
0.425566
0.425592
0.426903
0.429045
0.43177
0.435054
0.438966
0.443483
0.448377
0.453226
0.457519
0.460805
0.462787
0.463357
0.46258
0.460649
0.4578
0.454243
0.450123
0.445486
0.440303
0.434568
0.428427
0.422262
0.416707
0.412521
0.410391
0.410715
0.413478
0.418317
0.424643
0.43178
0.439022
0.445725
0.451344
0.455492
0.457976
0.458808
0.458186
0.456446
0.453981
0.451166
0.448285
0.445503
0.44288
0.440411
0.438109
0.436052
0.434408
0.433388
0.433178
0.433858
0.435363
0.437499
0.440037
0.442779
0.44559
0.448407
0.451226
0.454034
0.456789
0.45939
0.461691
0.463521
0.464713
0.465117
0.46459
0.463008
0.460297
0.456418
0.451373
0.445228
0.43811
0.430233
0.421938
0.413708
0.406191
0.40014
0.396286
0.395155
0.396875
0.401125
0.407207
0.414204
0.421214
0.427507
0.432627
0.436421
0.439024
0.440753
0.441977
0.442975
0.443845
0.444466
0.444599
0.444003
0.44251
0.440072
0.43673
0.432614
0.427905
0.422848
0.417766
0.413074
0.409299
0.407
0.406659
0.408509
0.41239
0.41772
0.423633
0.429193
0.433623
0.43646
0.437565
0.437111
0.435485
0.433178
0.430676
0.428402
0.426678
0.425741
0.425747
0.426776
0.428849
0.431901
0.435764
0.440172
0.444777
0.449178
0.452978
0.455845
0.457564
0.458099
0.457574
0.456264
0.45455
0.452854
0.451496
0.450646
0.450233
0.45
0.449612
0.44884
0.447712
0.446575
0.446039
0.44669
0.448776
0.452021
0.455711
0.459026
0.461321
0.462283
0.461926
0.460446
0.458075
0.455045
0.451529
0.447646
0.443489
0.439121
0.434594
0.429922
0.4251
0.420119
0.414979
0.40973
0.404511
0.399569
0.39525
0.39195
0.39007
0.389897
0.391579
0.395049
0.400058
0.406181
0.412922
0.419765
0.426239
0.431959
0.436645
0.440105
0.442224
0.442952
0.442283
0.440283
0.437121
0.4331
0.42868
0.424388
0.420706
0.417952
0.416254
0.415585
0.415877
0.417064
0.419072
0.421801
0.425065
0.428605
0.432093
0.435187
0.437559
0.438951
0.439204
0.438256
0.436148
0.433008
0.429027
0.424454
0.419582
0.414741
0.859332
0.846666
0.830861
0.812762
0.793157
0.772752
0.752235
0.732393
0.714108
0.69834
0.685985
0.677787
0.674221
0.675467
0.681395
0.691582
0.70529
0.721486
0.73884
0.755827
0.770875
0.782598
0.78993
0.792275
0.789569
0.782341
0.771704
0.759247
0.74671
0.735398
0.725731
0.717246
0.709122
0.700784
0.692209
0.68387
0.676502
0.670938
0.668052
0.668592
0.672997
0.681141
0.6923
0.705235
0.718442
0.730549
0.74056
0.747926
0.752443
0.754076
0.752839
0.748806
0.74222
0.733609
0.723784
0.71377
0.7046
0.697065
0.69153
0.68796
0.686104
0.685724
0.686745
0.689282
0.693524
0.699616
0.707552
0.717127
0.727899
0.739159
0.749919
0.759005
0.765218
0.767518
0.765311
0.758633
0.748271
0.735762
0.723209
0.71272
0.705647
0.702052
0.70104
0.701664
0.703568
0.70685
0.711451
0.716723
0.721444
0.724293
0.724375
0.721697
0.717244
0.712558
0.708922
0.706749
0.705697
0.705221
0.705151
0.705806
0.707857
0.71211
0.719185
0.729193
0.741451
0.754479
0.766348
0.775242
0.779832
0.77946
0.774294
0.765304
0.754094
0.742437
0.731718
0.722752
0.71589
0.711293
0.709037
0.709056
0.711091
0.71465
0.719019
0.72335
0.726803
0.728669
0.728426
0.725786
0.720706
0.713574
0.705466
0.698306
0.694371
0.695117
0.700276
0.708288
0.717461
0.726663
0.735255
0.742784
0.748724
0.752511
0.753723
0.752327
0.748805
0.744126
0.739572
0.736392
0.735427
0.736918
0.74053
0.745507
0.750852
0.755556
0.758768
0.75989
0.758603
0.754829
0.748673
0.740362
0.730242
0.718721
0.706245
0.693369
0.680736
0.669122
0.659366
0.652216
0.648208
0.647566
0.650285
0.656224
0.665202
0.676993
0.691176
0.706948
0.723086
0.738109
0.750548
0.75919
0.763241
0.762404
0.756927
0.747661
0.735977
0.723491
0.711692
0.7016
0.693653
0.687866
0.684159
0.682621
0.683525
0.687132
0.693436
0.702035
0.712298
0.723554
0.735178
0.746503
0.75685
0.765545
0.772095
0.776288
0.778222
0.778219
0.776644
0.773766
0.769615
0.764035
0.756968
0.748854
0.740815
0.734432
0.731189
0.731951
0.736791
0.745074
0.755583
0.766725
0.7768
0.784363
0.788462
0.788717
0.785274
0.778675
0.769758
0.759499
0.748905
0.738826
0.729841
0.72222
0.716001
0.711115
0.707495
0.70511
0.703911
0.703721
0.704206
0.704925
0.705499
0.705789
0.705902
0.7061
0.706612
0.707587
0.70912
0.711233
0.713791
0.716498
0.71904
0.721418
0.7241
0.72773
0.732549
0.737907
0.742444
0.744689
0.743662
0.739157
0.731703
0.722366
0.712501
0.703536
0.696832
0.693461
0.693978
0.698185
0.705118
0.713303
0.721116
0.72706
0.729975
0.729195
0.724661
0.716993
0.707337
0.697149
0.687865
0.680602
0.675926
0.673796
0.673628
0.674521
0.675528
0.675915
0.675358
0.674062
0.672777
0.672636
0.674816
0.680127
0.688745
0.700153
0.713397
0.727383
0.74119
0.754113
0.765673
0.775538
0.783418
0.789001
0.791983
0.792135
0.789382
0.78391
0.776239
0.76725
0.758079
0.749947
0.743757
0.739668
0.736933
0.734293
0.730701
0.725853
0.720041
0.713632
0.706618
0.698682
0.689683
0.680211
0.671778
0.666359
0.665412
0.669025
0.675812
0.683607
0.690328
0.694528
0.695587
0.693652
0.689501
0.684283
0.679225
0.675249
0.672704
0.671277
0.670272
0.669046
0.667421
0.665765
0.664844
0.665521
0.668415
0.673687
0.681004
0.689555
0.698227
0.705838
0.711455
0.714719
0.716044
0.716557
0.717661
0.720377
0.724838
0.730224
0.735342
0.739317
0.741889
0.743203
0.743455
0.742626
0.740585
0.737244
0.732764
0.727559
0.722219
0.717349
0.71342
0.710666
0.709123
0.708872
0.710128
0.712833
0.716273
0.719409
0.721741
0.723766
0.726436
0.730293
0.735059
0.739868
0.743739
0.745992
0.746338
0.744807
0.741615
0.737176
0.732141
0.727375
0.723675
0.721536
0.721187
0.722709
0.725935
0.730297
0.734977
0.739198
0.742356
0.744044
0.744062
0.742474
0.73957
0.735767
0.731508
0.72721
0.723194
0.719535
0.716021
0.712362
0.708437
0.704377
0.70051
0.697298
0.695358
0.6954
0.69807
0.703683
0.712045
0.722462
0.733922
0.74534
0.755688
0.764036
0.769552
0.771461
0.769108
0.762124
0.75059
0.735154
0.717023
0.697775
0.679052
0.662251
0.64846
0.638619
0.633704
0.634648
0.641789
0.654299
0.670183
0.686948
0.702353
0.7148
0.723383
0.727709
0.727713
0.72357
0.715699
0.704791
0.691888
0.678329
0.66557
0.654854
0.64701
0.642393
0.640974
0.642432
0.646218
0.65168
0.658253
0.665724
0.674258
0.68412
0.695228
0.706981
0.718526
0.729205
0.738745
0.747142
0.754357
0.760249
0.76473
0.767957
0.770306
0.772179
0.773773
0.774994
0.775569
0.775208
0.773663
0.770657
0.765827
0.758936
0.750332
0.741285
0.733629
0.728852
0.727379
0.728613
0.731597
0.735511
0.739872
0.74457
0.749922
0.756537
0.765022
0.775484
0.787161
0.798465
0.807435
0.812309
0.811919
0.805876
0.794674
0.7796
0.762618
0.746037
0.73198
0.721714
0.715268
0.711532
0.708834
0.705543
0.700504
0.693164
0.683619
0.672611
0.66148
0.651998
0.645921
0.644464
0.648016
0.65619
0.667868
0.6814
0.694938
0.706824
0.715876
0.72152
0.723823
0.723368
0.721058
0.717805
0.714369
0.711339
0.709136
0.708027
0.708094
0.709218
0.711064
0.71318
0.715144
0.716731
0.71797
0.719106
0.720424
0.722068
0.723981
0.726092
0.728496
0.73143
0.735004
0.738942
0.742576
0.745149
0.746113
0.745259
0.742689
0.738722
0.73381
0.728543
0.723623
0.719772
0.717684
0.717804
0.720208
0.724608
0.730435
0.736924
0.743168
0.748234
0.751348
0.752038
0.750232
0.746323
0.741175
0.736014
0.731867
0.728967
0.726741
0.724378
0.721377
0.717624
0.713095
0.707689
0.70152
0.695356
0.690752
0.689502
0.692716
0.700152
0.710397
0.721514
0.731706
0.739614
0.744448
0.746038
0.744877
0.742058
0.739057
0.737363
0.73795
0.740895
0.745396
0.750184
0.754051
0.756261
0.756648
0.755534
0.753662
0.752144
0.752195
0.754663
0.759664
0.766674
0.77487
0.783368
0.791259
0.797604
0.801517
0.802317
0.79963
0.793454
0.784138
0.772334
0.758908
0.744838
0.731097
0.718553
0.707869
0.69946
0.693437
0.689593
0.687498
0.686611
0.686413
0.686466
0.686443
0.686142
0.685455
0.68447
0.683693
0.684165
0.687106
0.693042
0.701183
0.709734
0.716885
0.721526
0.723463
0.723191
0.721483
0.718938
0.715739
0.711793
0.707283
0.703138
0.700988
0.702569
0.708916
0.719901
0.734346
0.750543
0.766765
0.781623
0.794155
0.803852
0.810556
0.814295
0.815159
0.813199
0.808428
0.800953
0.791083
0.779469
0.767097
0.755162
0.744795
0.736757
0.731229
0.727826
0.725796
0.724313
0.722698
0.720565
0.71785
0.714838
0.712222
0.711014
0.712181
0.716235
0.723025
0.731844
0.741711
0.751681
0.76097
0.769015
0.775428
0.77997
0.782547
0.783166
0.781876
0.778678
0.773457
0.766148
0.757066
0.747393
0.739327
0.735311
0.736504
0.741996
0.749547
0.756881
0.762346
0.76493
0.764142
0.759926
0.752658
0.743149
0.732474
0.721796
0.712075
0.703909
0.697475
0.692604
0.688886
0.685949
0.683773
0.682951
0.68454
0.689518
0.698143
0.709602
0.722276
0.734317
0.74417
0.750842
0.753958
0.753702
0.750734
0.746011
0.740573
0.735386
0.731209
0.728544
0.727552
0.727996
0.7292
0.73013
0.729578
0.726402
0.71988
0.710058
0.698088
0.686128
0.676584
0.670965
0.669368
0.671005
0.675119
0.681271
0.689036
0.697697
0.706215
0.713492
0.718724
0.721643
0.722578
0.722344
0.721988
0.722401
0.723896
0.726007
0.727631
0.727501
0.72477
0.71932
0.711743
0.703154
0.694793
0.687628
0.682103
0.678075
0.675067
0.67258
0.670332
0.668265
0.666409
0.664846
0.663735
0.663345
0.664025
0.666127
0.669805
0.674856
0.680609
0.686009
0.689871
0.691196
0.689529
0.685176
0.679302
0.673706
0.670362
0.670734
0.675227
0.683107
0.692885
0.702941
0.71199
0.719197
0.724143
0.726714
0.727046
0.725523
0.722748
0.719416
0.716076
0.713009
0.710194
0.7075
0.705082
0.703692
0.70452
0.708307
0.714377
0.72071
0.725018
0.725862
0.723042
0.717424
0.710524
0.704028
0.699358
0.697417
0.69856
0.702766
0.709786
0.719184
0.730311
0.742212
0.753658
0.763283
0.769928
0.772907
0.772234
0.768521
0.762652
0.75541
0.747223
0.738321
0.728951
0.719547
0.710709
0.703084
0.697187
0.693289
0.691414
0.69146
0.693299
0.696748
0.701464
0.706899
0.71244
0.717619
0.722176
0.725892
0.728322
0.7287
0.726048
0.71958
0.709205
0.69599
0.682268
0.671073
0.664857
0.664353
0.668689
0.676371
0.686094
0.696892
0.707879
0.71813
0.726784
0.733228
0.737258
0.739069
0.739228
0.738471
0.73745
0.736529
0.735687
0.734658
0.733155
0.731109
0.72873
0.726466
0.724862
0.724383
0.725292
0.727571
0.730924
0.734812
0.738527
0.741268
0.742193
0.740555
0.735925
0.728453
0.719107
0.709741
0.702688
0.699898
0.702054
0.708312
0.716907
0.72601
0.734291
0.741005
0.745764
0.748303
0.748421
0.746101
0.741598
0.735473
0.728343
0.72064
0.712489
0.703694
0.693831
0.682509
0.669902
0.657473
0.648238
0.645648
0.651444
0.664356
0.68118
0.698921
0.715853
0.731311
0.745076
0.756987
0.766755
0.774002
0.778302
0.779256
0.776691
0.770805
0.762282
0.752168
0.7417
0.732032
0.723975
0.717893
0.713629
0.710497
0.707418
0.703238
0.697169
0.689247
0.680625
0.673316
0.669338
0.669597
0.673432
0.679281
0.68581
0.692506
0.699479
0.706935
0.714737
0.722406
0.729313
0.734967
0.739154
0.7419
0.743322
0.743479
0.74233
0.739836
0.736065
0.731358
0.726328
0.721744
0.718296
0.716441
0.716325
0.717806
0.720631
0.724547
0.729335
0.734785
0.740605
0.746407
0.751713
0.756066
0.878708
0.878504
0.876074
0.871883
0.866461
0.860263
0.853581
0.846619
0.839659
0.833153
0.827773
0.824266
0.823101
0.824133
0.826334
0.827997
0.827203
0.822377
0.812732
0.798716
0.782301
0.766833
0.755904
0.751802
0.754847
0.763964
0.777474
0.793524
0.810238
0.825944
0.839277
0.849159
0.854621
0.854745
0.848882
0.837068
0.820423
0.80124
0.782521
0.767094
0.756568
0.750923
0.749147
0.750457
0.755002
0.763429
0.77567
0.790208
0.804612
0.816714
0.825347
0.830481
0.832801
0.833198
0.83232
0.83037
0.827207
0.822682
0.81703
0.811007
0.805526
0.801131
0.797614
0.794124
0.789714
0.783917
0.777015
0.769921
0.763834
0.759848
0.758646
0.760378
0.76474
0.771175
0.778938
0.786969
0.793766
0.797574
0.796904
0.791226
0.781376
0.769428
0.758038
0.749661
0.746036
0.747698
0.753494
0.760792
0.766626
0.76886
0.766712
0.760582
0.751593
0.74116
0.730639
0.721047
0.713019
0.70698
0.703249
0.701726
0.701424
0.700691
0.698171
0.693722
0.688475
0.684266
0.682895
0.685626
0.692896
0.70419
0.718033
0.73228
0.744584
0.752911
0.756036
0.753795
0.74727
0.738549
0.730053
0.723712
0.720413
0.720076
0.722
0.725294
0.72927
0.733828
0.739436
0.74668
0.755784
0.766375
0.777638
0.788673
0.798828
0.807811
0.815541
0.822012
0.827123
0.830574
0.831884
0.830526
0.826138
0.818762
0.809126
0.798803
0.79013
0.785727
0.787627
0.796369
0.810763
0.82832
0.846108
0.861397
0.872014
0.87648
0.874317
0.866504
0.856036
0.847501
0.844639
0.847655
0.853605
0.85924
0.862591
0.862645
0.85871
0.850427
0.837988
0.822328
0.805103
0.78851
0.77474
0.765315
0.760554
0.759566
0.760726
0.76235
0.763202
0.762721
0.761164
0.759393
0.758496
0.759346
0.762232
0.766693
0.771687
0.775923
0.778286
0.778124
0.775389
0.770575
0.764602
0.758608
0.753803
0.751292
0.751926
0.756149
0.763828
0.774155
0.785784
0.797073
0.806424
0.812624
0.815211
0.814643
0.812136
0.809174
0.806765
0.805148
0.803943
0.802525
0.800276
0.796752
0.79185
0.785956
0.779875
0.774659
0.771292
0.770317
0.771614
0.774414
0.777599
0.780029
0.780823
0.779565
0.776395
0.771952
0.767116
0.762752
0.759529
0.757828
0.757803
0.75945
0.762623
0.767004
0.772063
0.777086
0.781354
0.784399
0.78619
0.78703
0.787356
0.787562
0.78798
0.788948
0.79079
0.793692
0.797464
0.801384
0.804357
0.805425
0.804323
0.801749
0.799246
0.798579
0.800892
0.806181
0.81351
0.821708
0.829902
0.837582
0.844279
0.84925
0.851475
0.850112
0.844981
0.836753
0.826793
0.816794
0.808277
0.802186
0.798718
0.79753
0.798106
0.799924
0.802428
0.804927
0.806721
0.807336
0.806687
0.805061
0.80291
0.800618
0.798341
0.796042
0.793652
0.79125
0.789204
0.78805
0.788277
0.790169
0.793721
0.798652
0.804456
0.810428
0.815774
0.819769
0.821926
0.822181
0.821009
0.819385
0.818513
0.819377
0.82229
0.826733
0.831589
0.835695
0.838395
0.839818
0.840742
0.842147
0.844735
0.848524
0.852756
0.856021
0.856607
0.853059
0.84479
0.832648
0.818995
0.806885
0.798608
0.794593
0.79347
0.793113
0.79178
0.788736
0.784365
0.779859
0.776442
0.77464
0.77413
0.77421
0.774403
0.774664
0.775248
0.776476
0.778635
0.781961
0.786574
0.792305
0.798477
0.803958
0.807585
0.808713
0.807573
0.804956
0.801641
0.798031
0.794285
0.790598
0.787097
0.783596
0.779585
0.774507
0.768124
0.760735
0.753177
0.746729
0.742948
0.743263
0.748437
0.758146
0.770957
0.784783
0.797456
0.807199
0.81286
0.813995
0.810819
0.804191
0.795522
0.786536
0.778758
0.772969
0.769312
0.768095
0.770166
0.776294
0.786269
0.798833
0.812338
0.825354
0.836916
0.846476
0.853857
0.859172
0.862731
0.864908
0.86609
0.866614
0.86675
0.866669
0.866351
0.865577
0.86393
0.860895
0.85598
0.848852
0.839515
0.828494
0.816978
0.806699
0.799365
0.795851
0.795648
0.79725
0.799031
0.800025
0.800168
0.800076
0.800628
0.802369
0.805086
0.807731
0.808847
0.807228
0.802341
0.79439
0.784193
0.773046
0.762532
0.754248
0.749454
0.748817
0.752343
0.759481
0.76933
0.780807
0.792741
0.803963
0.813515
0.820811
0.825771
0.828656
0.829737
0.829156
0.827042
0.823813
0.820278
0.81744
0.816115
0.816598
0.818605
0.821418
0.824134
0.825851
0.825698
0.822792
0.816305
0.805729
0.791311
0.774308
0.756916
0.741735
0.730972
0.725901
0.726785
0.733099
0.743719
0.75701
0.770946
0.783472
0.79294
0.798415
0.799646
0.79687
0.79058
0.781495
0.770661
0.759683
0.750749
0.746188
0.74762
0.755184
0.767565
0.782617
0.79827
0.813025
0.82602
0.836827
0.845162
0.85079
0.853552
0.853391
0.850388
0.844756
0.836903
0.827443
0.817261
0.80741
0.79886
0.792243
0.787722
0.784984
0.783407
0.782306
0.78107
0.779264
0.776653
0.773339
0.769983
0.767879
0.768606
0.773231
0.781618
0.792448
0.803887
0.814334
0.822872
0.829292
0.833876
0.837115
0.83953
0.841679
0.844096
0.84725
0.851281
0.855845
0.860152
0.863217
0.864201
0.862712
0.858892
0.853343
0.846983
0.840914
0.836276
0.834108
0.835028
0.83889
0.844724
0.85104
0.856319
0.859419
0.859783
0.857473
0.853043
0.847248
0.840759
0.833935
0.826883
0.819657
0.812393
0.805252
0.798347
0.791623
0.784959
0.778395
0.772274
0.767236
0.764027
0.763239
0.765066
0.769212
0.77493
0.781193
0.786883
0.79099
0.792855
0.792336
0.789862
0.78633
0.782844
0.780286
0.779005
0.778692
0.778612
0.777991
0.776342
0.773692
0.770607
0.768129
0.76752
0.769814
0.775391
0.783766
0.793832
0.804327
0.814264
0.823071
0.830469
0.836384
0.84099
0.844689
0.847771
0.849914
0.850197
0.847817
0.842992
0.837162
0.832131
0.82891
0.827112
0.82539
0.822402
0.81759
0.811311
0.804474
0.798063
0.792912
0.78974
0.789125
0.791284
0.795793
0.801603
0.807482
0.812619
0.816815
0.820319
0.823474
0.826416
0.828877
0.830243
0.829719
0.826611
0.820568
0.81167
0.800452
0.787917
0.775556
0.7652
0.758715
0.757602
0.76261
0.773495
0.788954
0.806814
0.82456
0.840032
0.85191
0.859822
0.864191
0.865883
0.865844
0.864833
0.863231
0.861045
0.858021
0.853819
0.848164
0.840977
0.832353
0.822595
0.812192
0.801784
0.792085
0.783898
0.77802
0.77511
0.775483
0.778952
0.784826
0.792094
0.7997
0.80674
0.812573
0.816837
0.819408
0.820368
0.819911
0.818171
0.815
0.809938
0.802559
0.79312
0.782914
0.773914
0.767912
0.765653
0.766773
0.770323
0.775347
0.781092
0.786918
0.792207
0.796499
0.799698
0.802168
0.804692
0.808252
0.813682
0.821264
0.830469
0.840086
0.848683
0.855014
0.858274
0.858095
0.854469
0.84764
0.838073
0.826496
0.813927
0.801614
0.790877
0.782833
0.778122
0.776759
0.77825
0.781864
0.786823
0.792254
0.797043
0.799845
0.799399
0.795068
0.787327
0.777848
0.769058
0.763155
0.761215
0.762968
0.767303
0.7729
0.778591
0.783536
0.78727
0.78971
0.791057
0.791638
0.791703
0.791354
0.790545
0.789099
0.786793
0.783412
0.778915
0.77372
0.768847
0.765666
0.765141
0.767292
0.771373
0.776409
0.78155
0.786145
0.789645
0.791575
0.791581
0.78946
0.785194
0.778971
0.771215
0.762582
0.753982
0.746504
0.741288
0.739362
0.741403
0.747436
0.75667
0.767587
0.778418
0.787702
0.794644
0.79901
0.800801
0.800004
0.796666
0.791109
0.78404
0.776439
0.76929
0.763441
0.759431
0.757532
0.757826
0.76024
0.764547
0.770318
0.776979
0.783961
0.790944
0.798053
0.805802
0.814835
0.825509
0.837427
0.849313
0.859284
0.86539
0.866136
0.860828
0.849719
0.833927
0.815297
0.796067
0.778356
0.763728
0.753079
0.74689
0.745622
0.749751
0.759352
0.773668
0.791193
0.810095
0.82864
0.845438
0.859523
0.870346
0.877759
0.881891
0.882965
0.881149
0.876517
0.869094
0.858939
0.846341
0.832009
0.817149
0.803339
0.792185
0.784781
0.78144
0.781702
0.784701
0.789535
0.795443
0.801764
0.807887
0.813268
0.81749
0.820283
0.821514
0.821219
0.819588
0.816991
0.813902
0.810804
0.808128
0.806321
0.805859
0.807218
0.810684
0.816097
0.82279
0.829748
0.835813
0.839965
0.841417
0.839736
0.834913
0.827379
0.817995
0.807901
0.798374
0.790625
0.785579
0.783698
0.784942
0.788837
0.794682
0.801754
0.809369
0.816801
0.82332
0.828214
0.830918
0.831124
0.828867
0.824555
0.818874
0.812651
0.806773
0.8021
0.79934
0.798828
0.800335
0.803093
0.806008
0.807981
0.808181
0.806173
0.801999
0.796142
0.789371
0.782386
0.775589
0.769084
0.762979
0.757616
0.753497
0.750951
0.749793
0.749386
0.748973
0.748004
0.746259
0.743815
0.7409
0.737802
0.734872
0.732584
0.731568
0.732462
0.735614
0.740869
0.747523
0.75458
0.761224
0.767282
0.773355
0.780406
0.78899
0.798762
0.808653
0.817442
0.824218
0.828507
0.830212
0.82957
0.827161
0.823924
0.820997
0.81939
0.819595
0.821407
0.824104
0.826766
0.828572
0.829061
0.828123
0.826003
0.823168
0.820175
0.817541
0.815608
0.814434
0.813726
0.812944
0.811592
0.809533
0.807104
0.804949
0.803733
0.803806
0.804981
0.806538
0.807462
0.806862
0.804461
0.800968
0.797952
0.796918
0.798183
0.800596
0.8025
0.802799
0.801274
0.798302
0.794431
0.790085
0.785576
0.781284
0.777759
0.775586
0.775087
0.776069
0.777936
0.780159
0.782627
0.7857
0.790116
0.796659
0.805797
0.817327
0.830336
0.843325
0.854673
0.863104
0.86792
0.869058
0.866938
0.862188
0.855412
0.847162
0.838064
0.828888
0.820568
0.814049
0.810018
0.8087
0.80979
0.812531
0.816014
0.819414
0.822143
0.823872
0.824421
0.823633
0.82126
0.817123
0.8113
0.804266
0.796757
0.789397
0.782414
0.775739
0.769335
0.882345
0.874
0.86567
0.857902
0.850957
0.844929
0.84007
0.836961
0.836516
0.839537
0.845997
0.854797
0.864348
0.873611
0.88248
0.891322
0.900172
0.908499
0.915607
0.921114
0.925134
0.928069
0.930332
0.932227
0.933906
0.935464
0.936933
0.93829
0.939494
0.940471
0.941074
0.941004
0.939849
0.937287
0.933302
0.928252
0.922704
0.917221
0.912151
0.907618
0.903582
0.899899
0.896531
0.893705
0.891935
0.891566
0.892277
0.893059
0.892807
0.890963
0.887687
0.883688
0.879895
0.877148
0.875861
0.876072
0.877778
0.881236
0.886848
0.89462
0.903672
0.912308
0.918658
0.921452
0.920395
0.916118
0.909813
0.902784
0.89607
0.890159
0.884864
0.87935
0.872352
0.862591
0.849314
0.832871
0.81503
0.798845
0.787758
0.784257
0.788732
0.799513
0.813996
0.829802
0.845277
0.859379
0.871338
0.880389
0.885811
0.887128
0.884372
0.878295
0.870462
0.863079
0.858431
0.857979
0.86166
0.867971
0.874736
0.880068
0.882969
0.883457
0.882183
0.879893
0.876929
0.872969
0.867221
0.858921
0.847902
0.834801
0.820915
0.807777
0.796943
0.789904
0.788045
0.79242
0.803105
0.818722
0.836651
0.853891
0.867951
0.877411
0.881874
0.881702
0.877719
0.870942
0.862492
0.853545
0.845391
0.839407
0.836886
0.838653
0.844624
0.853695
0.864124
0.874215
0.882944
0.890279
0.897097
0.904675
0.913864
0.924348
0.934624
0.942773
0.947436
0.948353
0.946319
0.942711
0.939008
0.936336
0.935183
0.935253
0.93559
0.934888
0.931919
0.925948
0.917006
0.906076
0.894976
0.886009
0.881279
0.881892
0.887439
0.896217
0.905924
0.914419
0.92011
0.922007
0.919654
0.913162
0.90337
0.891919
0.880981
0.872508
0.867427
0.865343
0.865104
0.865594
0.866173
0.866696
0.867308
0.868332
0.870078
0.872739
0.876368
0.880816
0.885699
0.890521
0.894808
0.898166
0.900238
0.900722
0.899608
0.897318
0.894553
0.891871
0.889383
0.886917
0.884418
0.882198
0.880824
0.880768
0.882078
0.884264
0.886416
0.887373
0.885924
0.881099
0.872397
0.860098
0.84542
0.830578
0.818406
0.811625
0.81204
0.82006
0.83484
0.854766
0.877905
0.902261
0.925931
0.947185
0.964501
0.976681
0.982958
0.983146
0.977749
0.967907
0.95524
0.941533
0.928347
0.916759
0.907229
0.899712
0.893886
0.889285
0.885384
0.881557
0.877171
0.871801
0.865536
0.85919
0.854188
0.852114
0.854011
0.859817
0.868329
0.877677
0.885976
0.891865
0.894756
0.894821
0.892864
0.890031
0.887378
0.88549
0.884317
0.883295
0.881706
0.878995
0.874948
0.869681
0.863653
0.85781
0.853664
0.852801
0.856032
0.862907
0.872188
0.882546
0.892883
0.902272
0.909963
0.915497
0.918771
0.919847
0.918697
0.915076
0.908722
0.899665
0.888412
0.87594
0.863565
0.852752
0.844864
0.840731
0.840123
0.84163
0.843403
0.844215
0.843935
0.843249
0.842877
0.84308
0.843578
0.843846
0.843495
0.842508
0.841292
0.840731
0.842278
0.847663
0.857823
0.871779
0.886706
0.899459
0.907965
0.911469
0.910003
0.903794
0.893043
0.878107
0.859927
0.840582
0.823486
0.8126
0.810609
0.817368
0.830095
0.84502
0.858846
0.869383
0.875523
0.876994
0.873992
0.866934
0.856244
0.842316
0.82563
0.806944
0.78752
0.769231
0.754354
0.745101
0.743104
0.748983
0.76221
0.781296
0.804259
0.829086
0.853993
0.87752
0.898387
0.915411
0.927515
0.933868
0.934033
0.928087
0.916655
0.900869
0.882413
0.863494
0.846779
0.834898
0.829526
0.830575
0.836088
0.84317
0.849242
0.852833
0.853718
0.852697
0.851247
0.851076
0.853599
0.859388
0.867884
0.877546
0.886324
0.892321
0.894403
0.892532
0.887646
0.881157
0.874322
0.867794
0.861607
0.855379
0.848741
0.84163
0.834424
0.827861
0.822678
0.819151
0.816814
0.814843
0.812951
0.812067
0.814166
0.821098
0.832981
0.847647
0.861737
0.872238
0.877426
0.877099
0.872413
0.865556
0.859146
0.855401
0.855535
0.859606
0.866864
0.876168
0.886239
0.895716
0.903222
0.907515
0.907806
0.904067
0.897301
0.889442
0.882774
0.878854
0.877771
0.878284
0.878863
0.878753
0.878299
0.878587
0.880711
0.885106
0.891234
0.897909
0.903914
0.908483
0.911444
0.91301
0.91353
0.913323
0.912727
0.912032
0.911378
0.910754
0.910104
0.909349
0.908416
0.907198
0.905537
0.903409
0.90109
0.899171
0.898356
0.899104
0.901415
0.90482
0.908419
0.911037
0.911608
0.909864
0.906821
0.904331
0.903797
0.905206
0.907557
0.910097
0.913009
0.917047
0.92269
0.929644
0.936905
0.943206
0.947589
0.949708
0.949817
0.94844
0.945929
0.942191
0.936942
0.930451
0.924309
0.921329
0.923766
0.931183
0.940629
0.948909
0.95423
0.956336
0.95592
0.953875
0.950933
0.947428
0.943315
0.938284
0.93215
0.925152
0.918108
0.912244
0.908791
0.908523
0.911548
0.917314
0.924805
0.932861
0.940287
0.945962
0.948913
0.948538
0.944831
0.938412
0.930365
0.921921
0.914168
0.907878
0.903395
0.900731
0.899738
0.90023
0.902029
0.904946
0.908614
0.91243
0.915571
0.917208
0.916674
0.913471
0.907272
0.897975
0.886022
0.872784
0.860649
0.85252
0.850943
0.857379
0.871972
0.8936
0.920059
0.948295
0.974966
0.997154
1.01294
1.0216
1.02347
1.01974
1.01209
1.00224
0.991491
0.980464
0.969142
0.957318
0.945232
0.933995
0.925201
0.919908
0.917725
0.916891
0.915212
0.910898
0.903206
0.89304
0.88312
0.876504
0.874159
0.8744
0.874957
0.874797
0.874169
0.873769
0.874064
0.87503
0.876263
0.87732
0.877938
0.87817
0.878199
0.878101
0.877681
0.876492
0.874006
0.869933
0.86437
0.857766
0.850689
0.843598
0.836737
0.830198
0.824065
0.818554
0.814086
0.811193
0.810379
0.812001
0.816199
0.822992
0.832413
0.844523
0.859234
0.876004
0.893691
0.910687
0.925318
0.936302
0.943058
0.945726
0.944983
0.941661
0.936413
0.929508
0.920957
0.910841
0.899697
0.888678
0.879222
0.872453
0.868601
0.86706
0.866948
0.867614
0.868774
0.87034
0.872247
0.874361
0.876516
0.878522
0.880197
0.881474
0.882407
0.883221
0.88419
0.885505
0.887244
0.889334
0.89149
0.893104
0.893273
0.89107
0.886048
0.878833
0.871319
0.866126
0.865269
0.869024
0.875899
0.883631
0.890416
0.895531
0.899443
0.903408
0.908692
0.915762
0.923988
0.932227
0.939586
0.94563
0.950061
0.952494
0.952695
0.950857
0.947486
0.942994
0.937309
0.929933
0.920274
0.907964
0.892976
0.875634
0.856721
0.837631
0.820262
0.80645
0.797311
0.792964
0.792706
0.795455
0.800181
0.806248
0.813568
0.822482
0.833265
0.845576
0.858198
0.869457
0.878003
0.883485
0.886639
0.888847
0.891443
0.895167
0.899992
0.905411
0.910861
0.916049
0.921061
0.926253
0.931915
0.937854
0.943226
0.946871
0.947832
0.94574
0.94085
0.933775
0.925306
0.916269
0.907409
0.899426
0.892901
0.888123
0.884895
0.882442
0.879518
0.874781
0.867262
0.85682
0.844206
0.830925
0.818911
0.810191
0.806592
0.809419
0.819053
0.834528
0.853541
0.873269
0.891342
0.906285
0.91743
0.924723
0.928497
0.929297
0.927741
0.924379
0.919477
0.912861
0.903897
0.89182
0.876356
0.858415
0.840411
0.825821
0.818105
0.819518
0.830383
0.849022
0.87236
0.89685
0.919143
0.936589
0.947554
0.951613
0.949488
0.942863
0.933911
0.924737
0.916831
0.910876
0.907003
0.905286
0.906045
0.909564
0.915639
0.923284
0.930906
0.936769
0.939417
0.938145
0.933319
0.926359
0.919232
0.913488
0.909404
0.906035
0.902073
0.896627
0.889467
0.881014
0.872325
0.865031
0.860975
0.861677
0.867775
0.878876
0.893775
0.91086
0.928488
0.945202
0.959866
0.971627
0.97979
0.983739
0.982966
0.9772
0.966719
0.952611
0.9368
0.921625
0.909233
0.901099
0.8978
0.899093
0.904128
0.911715
0.920475
0.928995
0.935838
0.939663
0.939405
0.934511
0.925141
0.912098
0.896775
0.880984
0.866625
0.855154
0.847208
0.842767
0.841397
0.842315
0.844359
0.846209
0.846707
0.845347
0.84273
0.840831
0.842461
0.849626
0.861841
0.876255
0.889602
0.899878
0.906684
0.91063
0.912667
0.913725
0.914505
0.915364
0.916284
0.916887
0.916634
0.9151
0.912256
0.908695
0.905545
0.904221
0.905939
0.911196
0.919597
0.930017
0.940948
0.950759
0.957975
0.961461
0.960599
0.95529
0.945905
0.933173
0.918036
0.901597
0.885145
0.870175
0.858341
0.851097
0.849204
0.85233
0.859117
0.867779
0.876889
0.885847
0.894721
0.90371
0.912643
0.920948
0.927996
0.933418
0.937209
0.939648
0.941242
0.942624
0.944258
0.94607
0.947241
0.946397
0.942336
0.934926
0.925563
0.916938
0.911981
0.91278
0.919906
0.932009
0.945674
0.95657
0.961726
0.960835
0.955698
0.948812
0.942334
0.937646
0.935334
0.93516
0.93623
0.93747
0.938146
0.938157
0.937933
0.938099
0.938878
0.939788
0.939876
0.9383
0.934822
0.929939
0.924649
0.919962
0.916509
0.914317
0.91292
0.911659
0.909971
0.907563
0.904321
0.900202
0.895229
0.88952
0.883291
0.876772
0.870074
0.863111
0.855686
0.847679
0.839253
0.831169
0.824781
0.821713
0.82302
0.828495
0.836772
0.846196
0.85565
0.864645
0.872789
0.879438
0.883763
0.885049
0.882938
0.877645
0.870057
0.861727
0.854526
0.849878
0.848152
0.848558
0.849677
0.850161
0.849187
0.846664
0.843177
0.839796
0.837756
0.838209
0.841887
0.848731
0.857848
0.867841
0.877223
0.884587
0.888654
0.888388
0.883346
0.874051
0.862084
0.849673
0.839004
0.831627
0.82829
0.829034
0.833342
0.840189
0.848169
0.855825
0.862023
0.866201
0.868361
0.868962
0.868733
0.868329
0.868132
0.868216
0.868478
0.868856
0.869467
0.870609
0.87265
0.875794
0.879854
0.88411
0.887442
0.888612
0.88669
0.881437
0.873497
0.864342
0.855803
0.84916
0.844541
0.841218
0.838745
0.837632
0.839033
0.843614
0.819919
0.817819
0.81405
0.808361
0.800416
0.789779
0.775916
0.758223
0.736125
0.709115
0.676951
0.639847
0.598705
0.555208
0.511767
0.471204
0.436178
0.408683
0.389741
0.379341
0.376647
0.380282
0.38862
0.400017
0.41299
0.426311
0.439034
0.450508
0.460356
0.468431
0.474731
0.479354
0.48239
0.483884
0.483827
0.482199
0.479031
0.474459
0.468767
0.462396
0.45588
0.449812
0.444817
0.441463
0.440179
0.441113
0.444044
0.448423
0.453533
0.458672
0.463258
0.466884
0.469289
0.470376
0.470187
0.468932
0.466956
0.464704
0.462642
0.461162
0.460524
0.460803
0.461903
0.463607
0.465645
0.467745
0.469666
0.471212
0.472223
0.472571
0.472142
0.470859
0.468676
0.465623
0.461859
0.457683
0.453542
0.449897
0.447083
0.445188
0.444043
0.443346
0.442823
0.442299
0.44166
0.440799
0.439568
0.437837
0.435615
0.433101
0.430655
0.428707
0.427627
0.427636
0.428771
0.430891
0.433734
0.436976
0.440269
0.443269
0.445663
0.447155
0.447527
0.446662
0.44461
0.44159
0.437972
0.434197
0.430709
0.427851
0.425827
0.424687
0.424374
0.424788
0.425818
0.42737
0.429366
0.431731
0.434356
0.437042
0.439481
0.441295
0.442153
0.441939
0.440891
0.439602
0.438906
0.439603
0.44218
0.44665
0.452542
0.459078
0.465386
0.47074
0.474699
0.477153
0.478279
0.478445
0.478075
0.477548
0.477102
0.476791
0.476514
0.476094
0.475315
0.473983
0.471985
0.469332
0.466165
0.462759
0.459448
0.456592
0.454432
0.45304
0.452292
0.451916
0.451629
0.451246
0.450745
0.450262
0.450029
0.450318
0.451356
0.453262
0.456009
0.459389
0.46304
0.46649
0.469226
0.47078
0.470799
0.469126
0.465887
0.461503
0.456628
0.451946
0.447964
0.444852
0.442455
0.440455
0.438596
0.436853
0.435459
0.434819
0.435337
0.437246
0.440454
0.444543
0.448871
0.452776
0.455731
0.457441
0.457869
0.457172
0.455638
0.453569
0.451232
0.448778
0.446278
0.443802
0.441448
0.439405
0.437962
0.437444
0.438157
0.440311
0.443941
0.44887
0.454716
0.460959
0.467022
0.472353
0.476499
0.479155
0.480146
0.479427
0.477089
0.473337
0.468496
0.463014
0.457385
0.452102
0.447587
0.444095
0.441695
0.440278
0.439609
0.439426
0.439507
0.439737
0.440093
0.440626
0.441423
0.44254
0.443976
0.445623
0.447301
0.448783
0.44985
0.450352
0.450233
0.449539
0.448425
0.447135
0.445942
0.4451
0.444798
0.445116
0.446011
0.447329
0.448826
0.450211
0.451233
0.451719
0.451607
0.450952
0.449895
0.448603
0.447222
0.445826
0.444444
0.443067
0.441691
0.440329
0.439013
0.437774
0.436633
0.435593
0.434668
0.433887
0.433328
0.433105
0.433358
0.434225
0.435756
0.437908
0.440527
0.44336
0.446141
0.448647
0.450747
0.45242
0.453702
0.454657
0.455349
0.455813
0.456078
0.456243
0.456494
0.457117
0.45839
0.460427
0.46309
0.466012
0.468736
0.470823
0.471923
0.471804
0.470279
0.467216
0.462559
0.456377
0.448963
0.44091
0.433094
0.426545
0.4222
0.420598
0.421708
0.424929
0.429299
0.433768
0.437425
0.439606
0.439956
0.438439
0.435294
0.430982
0.426113
0.421336
0.417222
0.414192
0.412468
0.412072
0.41287
0.414641
0.417101
0.419937
0.422846
0.425558
0.427889
0.429743
0.43112
0.432092
0.432763
0.433233
0.433552
0.433642
0.433282
0.432162
0.430005
0.426709
0.422428
0.417565
0.412698
0.408456
0.405387
0.403868
0.404043
0.405817
0.408877
0.412773
0.416988
0.421011
0.424417
0.426896
0.428283
0.428575
0.427944
0.426721
0.425326
0.424187
0.423663
0.424
0.425323
0.427695
0.431118
0.435509
0.440719
0.446518
0.4526
0.458614
0.464196
0.469027
0.472863
0.475538
0.476975
0.477158
0.476139
0.474046
0.4711
0.467589
0.463847
0.460194
0.456851
0.453897
0.451256
0.448738
0.446131
0.443314
0.440298
0.437214
0.434235
0.4315
0.429034
0.426748
0.424484
0.422114
0.419634
0.417173
0.415016
0.413522
0.413009
0.413642
0.41538
0.418035
0.421374
0.425217
0.429481
0.434195
0.439435
0.445259
0.451657
0.458509
0.465594
0.472559
0.478995
0.484495
0.488713
0.491441
0.492652
0.492478
0.49116
0.488943
0.485998
0.482346
0.477872
0.472386
0.465702
0.45773
0.448588
0.43867
0.428661
0.419481
0.41211
0.407387
0.405773
0.407228
0.411242
0.417021
0.423704
0.430534
0.436944
0.442549
0.447084
0.450378
0.452377
0.453156
0.45293
0.452042
0.450883
0.449808
0.449013
0.448537
0.448254
0.447946
0.447387
0.446428
0.445006
0.443154
0.44096
0.438495
0.435783
0.43278
0.429427
0.425712
0.421725
0.41767
0.413869
0.410705
0.408548
0.407639
0.408042
0.409638
0.412172
0.415355
0.418952
0.4228
0.426792
0.430873
0.434976
0.439005
0.442835
0.446324
0.449311
0.451655
0.453227
0.453935
0.453723
0.452526
0.450292
0.446986
0.442607
0.437234
0.431017
0.424221
0.417211
0.410404
0.4042
0.398935
0.394841
0.392057
0.390633
0.39058
0.391877
0.394455
0.398171
0.402784
0.407954
0.413292
0.418403
0.422953
0.426724
0.429602
0.431543
0.432561
0.432657
0.43182
0.430044
0.42738
0.423958
0.420023
0.415909
0.412012
0.408707
0.406277
0.404883
0.404571
0.405294
0.406927
0.409317
0.412258
0.415453
0.418524
0.421061
0.422706
0.42324
0.422635
0.421039
0.418723
0.416034
0.413334
0.410979
0.409278
0.408455
0.408624
0.409755
0.411659
0.41404
0.416588
0.419086
0.421482
0.423876
0.426438
0.429286
0.432376
0.435526
0.438466
0.440918
0.44267
0.443609
0.443746
0.443204
0.442165
0.440808
0.43927
0.437628
0.435918
0.434137
0.432248
0.430168
0.427809
0.425091
0.421984
0.418509
0.414717
0.410704
0.406589
0.402497
0.398539
0.394794
0.391286
0.388033
0.385073
0.382471
0.380301
0.378618
0.377439
0.376737
0.376435
0.376431
0.376657
0.377102
0.37782
0.378887
0.380339
0.38215
0.384227
0.38643
0.38863
0.390754
0.392858
0.395111
0.397789
0.401179
0.405455
0.410591
0.416321
0.422179
0.427623
0.432144
0.435368
0.437083
0.43724
0.435935
0.433332
0.429647
0.425138
0.4201
0.414854
0.409739
0.405096
0.401216
0.398315
0.396472
0.395642
0.395681
0.396403
0.397616
0.399153
0.40089
0.402723
0.40459
0.406489
0.408481
0.410649
0.413039
0.415623
0.418254
0.420683
0.422602
0.423707
0.423772
0.422694
0.420534
0.417509
0.41393
0.410147
0.406482
0.403192
0.400437
0.398269
0.396647
0.395456
0.394537
0.393694
0.392736
0.391505
0.389902
0.387915
0.385633
0.383237
0.380957
0.379037
0.377685
0.377013
0.377037
0.377703
0.378963
0.380792
0.383192
0.386169
0.389669
0.393563
0.397655
0.401708
0.405516
0.40894
0.411951
0.414621
0.417119
0.419654
0.42242
0.425535
0.428997
0.432661
0.436271
0.439501
0.442031
0.443638
0.444235
0.443886
0.442811
0.441359
0.439952
0.439
0.438848
0.439699
0.441574
0.444318
0.447652
0.45126
0.45485
0.458197
0.461148
0.463554
0.465249
0.46604
0.465719
0.464126
0.461179
0.456951
0.451686
0.445817
0.439902
0.434544
0.430269
0.427389
0.425915
0.425632
0.426233
0.427448
0.429084
0.431014
0.433079
0.43502
0.436554
0.437487
0.437781
0.437573
0.437119
0.43674
0.436706
0.437202
0.438288
0.439891
0.441829
0.443881
0.44588
0.447735
0.449444
0.451086
0.452782
0.454653
0.456785
0.459199
0.461838
0.464539
0.467072
0.469162
0.470526
0.470883
0.469992
0.467722
0.464089
0.45926
0.4536
0.447624
0.441897
0.436945
0.433124
0.430576
0.42923
0.428843
0.429107
0.429717
0.430444
0.43115
0.431826
0.432559
0.433497
0.434823
0.436692
0.439178
0.442213
0.445537
0.448705
0.45117
0.452398
0.451991
0.449778
0.445912
0.440892
0.435512
0.430694
0.427238
0.425566
0.425592
0.426903
0.429045
0.43177
0.435054
0.438966
0.443483
0.448377
0.453226
0.457519
0.460805
0.462787
0.463357
0.46258
0.460649
0.4578
0.454243
0.450123
0.445486
0.440303
0.434568
0.428427
0.422262
0.416707
0.412521
0.410391
0.410715
0.413478
0.418317
0.424643
0.43178
0.439022
0.445725
0.451344
0.455492
0.457976
0.458808
0.458186
0.456446
0.453981
0.451166
0.448285
0.445503
0.44288
0.440411
0.438109
0.436052
0.434408
0.433388
0.433178
0.433858
0.435363
0.437499
0.440037
0.442779
0.44559
0.448407
0.451226
0.454034
0.456789
0.45939
0.461691
0.463521
0.464713
0.465117
0.46459
0.463008
0.460297
0.456418
0.451373
0.445228
0.43811
0.430233
0.421938
0.413708
0.406191
0.40014
0.396286
0.395155
0.396875
0.401125
0.407207
0.414204
0.421214
0.427507
0.432627
0.436421
0.439024
0.440753
0.441977
0.442975
0.443845
0.444466
0.444599
0.444003
0.44251
0.440072
0.43673
0.432614
0.427905
0.422848
0.417766
0.413074
0.409299
0.407
0.406659
0.408509
0.41239
0.41772
0.423633
0.429193
0.433623
0.43646
0.437565
0.437111
0.435485
0.433178
0.430676
0.428402
0.426678
0.425741
0.425747
0.426776
0.428849
0.431901
0.435764
0.440172
0.444777
0.449178
0.452978
0.455845
0.457564
0.458099
0.457574
0.456264
0.45455
0.452854
0.451496
0.450646
0.450233
0.45
0.449612
0.44884
0.447712
0.446575
0.446039
0.44669
0.448776
0.452021
0.455711
0.459026
0.461321
0.462283
0.461926
0.460446
0.458075
0.455045
0.451529
0.447646
0.443489
0.439121
0.434594
0.429922
0.4251
0.420119
0.414979
0.40973
0.404511
0.399569
0.39525
0.39195
0.39007
0.389897
0.391579
0.395049
0.400058
0.406181
0.412922
0.419765
0.426239
0.431959
0.436645
0.440105
0.442224
0.442952
0.442283
0.440283
0.437121
0.4331
0.42868
0.424388
0.420706
0.417952
0.416254
0.415585
0.415877
0.417064
0.419072
0.421801
0.425065
0.428605
0.432093
0.435187
0.437559
0.438951
0.439204
0.438256
0.436148
0.433008
0.429027
0.424454
0.419582
0.414741
