0.793197
0.769832
0.730577
0.676746
0.610385
0.534706
0.454249
0.374706
0.302407
0.243354
0.202092
0.180747
0.178701
0.19294
0.218893
0.251419
0.28567
0.317651
0.344453
0.364348
0.376719
0.381907
0.381026
0.375821
0.368314
0.360655
0.354784
0.352225
0.353898
0.360035
0.37024
0.383597
0.398911
0.414903
0.430469
0.444765
0.457268
0.46776
0.476177
0.482499
0.486608
0.488337
0.487449
0.483741
0.477065
0.467441
0.455122
0.44066
0.424819
0.408537
0.392852
0.378841
0.367481
0.359477
0.355244
0.354812
0.357845
0.363755
0.371755
0.380951
0.390419
0.399326
0.407029
0.413112
0.417402
0.419882
0.420644
0.419917
0.418033
0.415398
0.412516
0.40996
0.408262
0.407784
0.408707
0.411073
0.414732
0.41941
0.424764
0.430358
0.435663
0.440144
0.443321
0.444888
0.444762
0.443063
0.440091
0.436234
0.43185
0.427278
0.422717
0.41819
0.413666
0.408953
0.403766
0.397862
0.391098
0.383484
0.375279
0.367004
0.359393
0.353283
0.349453
0.348411
0.350281
0.354805
0.361463
0.369647
0.378868
0.388867
0.399563
0.410972
0.423009
0.435348
0.44738
0.45831
0.467275
0.473613
0.476873
0.476876
0.473752
0.467852
0.459724
0.450014
0.439423
0.428684
0.418405
0.409154
0.401404
0.395489
0.391539
0.389408
0.388796
0.389236
0.390204
0.391208
0.391872
0.391968
0.391434
0.390395
0.389123
0.387981
0.387375
0.387653
0.38905
0.391617
0.395158
0.399246
0.40329
0.406612
0.408583
0.408768
0.407035
0.40357
0.398798
0.393317
0.387756
0.382727
0.378796
0.376464
0.376187
0.378394
0.383386
0.391273
0.401877
0.414617
0.428592
0.442727
0.455886
0.466985
0.475131
0.479731
0.480557
0.477686
0.47151
0.462608
0.45176
0.439777
0.427441
0.415438
0.404295
0.394434
0.386114
0.379501
0.374682
0.371616
0.370158
0.370063
0.370945
0.372279
0.373446
0.37389
0.373224
0.371377
0.368696
0.36586
0.363776
0.36338
0.365539
0.370897
0.379787
0.392147
0.407475
0.424856
0.443106
0.460922
0.477086
0.490632
0.500879
0.507429
0.510123
0.508974
0.504099
0.495683
0.483998
0.469473
0.452692
0.434447
0.415631
0.397103
0.379649
0.363852
0.350161
0.338917
0.33045
0.325084
0.323054
0.324447
0.32913
0.336727
0.346713
0.358495
0.371507
0.385195
0.399012
0.412402
0.424752
0.435416
0.443777
0.449343
0.451835
0.45125
0.447831
0.442021
0.434483
0.426018
0.417415
0.40938
0.402512
0.397233
0.393791
0.392217
0.392388
0.39399
0.396568
0.399601
0.402599
0.40513
0.406882
0.407759
0.407918
0.407716
0.407703
0.408351
0.409936
0.412442
0.4156
0.418951
0.421955
0.424159
0.425389
0.425739
0.425653
0.425677
0.426334
0.428011
0.430847
0.434704
0.43922
0.443881
0.448092
0.451214
0.452573
0.451498
0.447368
0.439694
0.428323
0.413651
0.396743
0.379358
0.363704
0.351926
0.345468
0.344735
0.349158
0.357601
0.368774
0.381446
0.394494
0.406874
0.417648
0.42609
0.43175
0.434418
0.434189
0.431348
0.426408
0.41999
0.412771
0.405373
0.398358
0.392236
0.387456
0.384386
0.383346
0.38452
0.387877
0.393158
0.399815
0.407075
0.414115
0.420167
0.424628
0.427195
0.42782
0.426662
0.424046
0.420376
0.416098
0.41162
0.407378
0.403867
0.401478
0.400443
0.40075
0.402119
0.404133
0.406337
0.40834
0.409935
0.411185
0.412302
0.41355
0.415218
0.417488
0.420379
0.423751
0.427296
0.430585
0.433086
0.434356
0.43408
0.4321
0.428458
0.423387
0.417262
0.410527
0.40372
0.397355
0.391957
0.387898
0.385341
0.384245
0.384313
0.385127
0.386251
0.387339
0.388189
0.388682
0.388796
0.388622
0.388316
0.388143
0.38841
0.389484
0.391723
0.395329
0.400319
0.406502
0.413513
0.420952
0.428435
0.435606
0.442124
0.447636
0.451798
0.454315
0.454874
0.453314
0.449634
0.444043
0.436939
0.42888
0.420457
0.412257
0.404789
0.398468
0.393592
0.390302
0.388567
0.388211
0.388909
0.390207
0.391675
0.392856
0.393399
0.393034
0.391596
0.389
0.385247
0.380518
0.375148
0.369649
0.364698
0.361089
0.359595
0.360874
0.365274
0.372794
0.383066
0.395406
0.408905
0.422572
0.435454
0.446745
0.455863
0.462416
0.466181
0.46715
0.465459
0.461418
0.455434
0.448037
0.439796
0.431323
0.423221
0.416056
0.410299
0.406274
0.404104
0.40367
0.404711
0.406926
0.40998
0.413536
0.417172
0.420473
0.422944
0.424178
0.423806
0.421618
0.417594
0.411879
0.404809
0.396861
0.38862
0.380712
0.373757
0.368292
0.364724
0.363257
0.363825
0.366134
0.369733
0.374127
0.378853
0.383596
0.388192
0.392629
0.396933
0.401057
0.40499
0.408748
0.412454
0.416273
0.420394
0.424847
0.429528
0.434219
0.438603
0.442411
0.445422
0.447502
0.448574
0.448563
0.447395
0.444974
0.441229
0.436223
0.430201
0.423543
0.416813
0.410662
0.405626
0.402151
0.400443
0.400476
0.40203
0.404709
0.408009
0.411367
0.414269
0.416341
0.4174
0.417476
0.416795
0.415719
0.414604
0.413712
0.413116
0.412755
0.412461
0.412122
0.411668
0.411157
0.410637
0.41012
0.40956
0.408852
0.407889
0.406646
0.405161
0.403489
0.401712
0.399841
0.397798
0.395502
0.392878
0.389958
0.386938
0.384132
0.381894
0.380549
0.380338
0.381427
0.383914
0.387819
0.393034
0.399328
0.406328
0.413566
0.420479
0.426509
0.431155
0.433989
0.434726
0.433257
0.429708
0.424505
0.418326
0.412038
0.40652
0.402533
0.400514
0.400455
0.401981
0.404545
0.407507
0.41028
0.412442
0.413778
0.414175
0.413664
0.412344
0.410369
0.407873
0.404953
0.401673
0.398096
0.39436
0.390579
0.386998
0.383908
0.381649
0.380611
0.381175
0.383747
0.388652
0.396043
0.405706
0.417022
0.428966
0.440273
0.449741
0.456481
0.46014
0.46091
0.459356
0.456214
0.452198
0.447828
0.443343
0.438738
0.433853
0.428559
0.422832
0.416826
0.410905
0.405494
0.400982
0.397612
0.395372
0.393991
0.393029
0.391925
0.390172
0.387406
0.383489
0.378545
0.373004
0.367608
0.363276
0.361019
0.361715
0.36594
0.373783
0.384774
0.397921
0.411948
0.425587
0.437816
0.447825
0.455083
0.459235
0.460085
0.457587
0.451909
0.443516
0.433175
0.421856
0.410654
0.400589
0.392464
0.386712
0.383409
0.382309
0.382962
0.384943
0.387945
0.391745
0.396138
0.400849
0.40546
0.40949
0.412478
0.414114
0.414312
0.413265
0.411346
0.40908
0.407014
0.405635
0.405328
0.40628
0.408533
0.411966
0.416322
0.421191
0.426064
0.430379
0.433608
0.43528
0.435023
0.432627
0.428048
0.421329
0.412677
0.402463
0.391226
0.379685
0.368694
0.359217
0.352208
0.348479
0.348603
0.352769
0.36074
0.371894
0.385315
0.399873
0.4144
0.427787
0.439111
0.447669
0.453081
0.455345
0.454732
0.45174
0.446972
0.441042
0.434541
0.427906
0.421429
0.415269
0.409454
0.403916
0.398603
0.393596
0.389212
0.385867
0.384006
0.383896
0.385486
0.38848
0.392407
0.396725
0.400909
0.404522
0.407219
0.408815
0.409252
0.408607
0.407058
0.404923
0.402514
0.400242
0.398544
0.397822
0.398373
0.40034
0.403694
0.408233
0.413599
0.419309
0.424799
0.429483
0.432849
0.434503
0.434195
0.431907
0.427833
0.422392
0.416112
0.409528
0.403174
0.397465
0.392759
0.389383
0.387599
0.387532
0.389152
0.392167
0.396174
0.400678
0.405218
0.40942
0.413038
0.416011
0.418416
0.420346
0.421878
0.423047
0.423784
0.423964
0.423369
0.421788
0.419047
0.415075
0.40989
0.403693
0.396869
0.390051
0.384004
0.379547
0.377431
0.378259
0.382275
0.389367
0.399066
0.410555
0.422833
0.434851
0.44557
0.454068
0.459613
0.46167
0.459953
0.454457
0.445515
0.433779
0.420172
0.405875
0.392204
0.380432
0.371627
0.366506
0.36533
0.367895
0.373582
0.381495
0.390649
0.400079
0.409001
0.416875
0.423406
0.428506
0.43222
0.434667
0.435976
0.436233
0.435535
0.433967
0.431612
0.428539
0.424801
0.420485
0.415727
0.410766
0.405939
0.401667
0.398388
0.396466
0.396157
0.397565
0.400624
0.405133
0.410717
0.416908
0.423117
0.428714
0.433017
0.435443
0.435492
0.432889
0.427625
0.419972
0.410471
0.399851
0.388993
0.378831
0.370224
0.363852
0.360098
0.359062
0.360622
0.364511
0.37042
0.37802
0.386978
0.396921
0.407399
0.417825
0.427534
0.435825
0.442094
0.445903
0.447061
0.445621
0.441906
0.43642
0.429829
0.422903
0.416365
0.41085
0.406743
0.40427
0.403457
0.404141
0.406048
0.408815
0.412072
0.415404
0.418458
0.420932
0.42247
0.422789
0.421685
0.419081
0.414976
0.409482
0.402858
0.395459
0.387776
0.38044
0.374155
0.369663
0.367595
0.368348
0.372015
0.378295
0.386539
0.395915
0.40554
0.414573
0.422332
0.428306
0.432116
0.433529
0.432453
0.428971
0.423356
0.416072
0.407763
0.39924
0.391394
0.385027
0.380733
0.378797
0.379274
0.38201
0.386753
0.393257
0.401208
0.410298
0.420101
0.430124
0.439818
0.448655
0.45618
0.461999
0.465765
0.467157
0.465872
0.461747
0.454772
0.445228
0.433679
0.420977
0.408181
0.396529
0.387221
0.381208
0.37897
0.380298
0.384336
0.389738
0.39504
0.398923
0.400525
0.399629
0.396647
0.3925
0.388405
0.38551
0.384691
0.386387
0.390595
0.396947
0.404789
0.413329
0.421738
0.429193
0.435035
0.438737
0.439983
0.438749
0.435262
0.429976
0.42346
0.416375
0.409323
0.402767
0.39704
0.39229
0.388562
0.385868
0.384276
0.383914
0.384914
0.387344
0.391154
0.396172
0.402143
0.408769
0.415763
0.422779
0.429443
0.435247
0.439697
0.442321
0.442791
0.441016
0.43717
0.43166
0.425049
0.417926
0.410774
0.403978
0.397867
0.392681
0.388632
0.385906
0.384624
0.384838
0.386478
0.389413
0.393461
0.398436
0.404144
0.410287
0.41642
0.422
0.426413
0.429091
0.429648
0.427948
0.424083
0.41838
0.411333
0.403586
0.784504
0.759493
0.727698
0.69198
0.65566
0.622046
0.594063
0.573684
0.561742
0.557871
0.560814
0.568714
0.579407
0.590613
0.600261
0.606938
0.61007
0.610045
0.608009
0.605288
0.602996
0.601672
0.601362
0.601832
0.602878
0.604366
0.60627
0.608608
0.611354
0.61442
0.617818
0.621737
0.626416
0.632002
0.638344
0.645006
0.651237
0.656115
0.658721
0.658273
0.654323
0.646723
0.635678
0.621599
0.605087
0.586929
0.568126
0.54988
0.533583
0.520738
0.512809
0.511017
0.516003
0.527655
0.544991
0.566219
0.589177
0.611915
0.633005
0.65157
0.667056
0.678992
0.686861
0.69023
0.688979
0.683435
0.674358
0.662871
0.650334
0.63815
0.627616
0.619785
0.615415
0.614844
0.617875
0.623742
0.631164
0.638754
0.645298
0.649956
0.652345
0.652392
0.650142
0.645555
0.638686
0.629801
0.619451
0.608432
0.597698
0.588234
0.580828
0.576079
0.574436
0.576066
0.58089
0.588583
0.598522
0.609814
0.62137
0.632073
0.640917
0.647128
0.650342
0.650628
0.648449
0.644536
0.639805
0.635224
0.631528
0.629095
0.627959
0.627867
0.628406
0.629114
0.629518
0.629093
0.627305
0.623757
0.618293
0.611128
0.602854
0.594413
0.586885
0.58122
0.578011
0.577332
0.578743
0.581419
0.58439
0.586795
0.587968
0.587638
0.585903
0.583156
0.580003
0.57705
0.574744
0.57324
0.572334
0.571654
0.570896
0.570119
0.569815
0.570705
0.573353
0.578005
0.584491
0.592564
0.60209
0.612963
0.624933
0.637505
0.649869
0.661099
0.670245
0.676413
0.678867
0.677027
0.670754
0.660552
0.647544
0.633433
0.620184
0.609552
0.602744
0.600288
0.601988
0.606964
0.613957
0.621594
0.628652
0.634129
0.637296
0.637602
0.63477
0.62895
0.620747
0.611334
0.602198
0.594697
0.589648
0.587162
0.586814
0.588041
0.590355
0.593353
0.596757
0.600361
0.604112
0.608167
0.61286
0.618502
0.625171
0.632682
0.640506
0.647911
0.654129
0.658579
0.660945
0.661241
0.659923
0.657735
0.65565
0.654585
0.655174
0.6575
0.661202
0.665614
0.669818
0.672931
0.674062
0.672414
0.6675
0.659124
0.647446
0.63287
0.616014
0.597776
0.579352
0.562349
0.548595
0.53973
0.536701
0.53949
0.547145
0.558189
0.571087
0.584598
0.597829
0.610175
0.621153
0.63021
0.63686
0.640822
0.642151
0.641255
0.638866
0.635735
0.632529
0.629626
0.627143
0.625065
0.623394
0.622202
0.621564
0.621458
0.621705
0.622003
0.622092
0.62188
0.621482
0.62114
0.621051
0.621275
0.621681
0.621929
0.621606
0.620295
0.617706
0.613779
0.608886
0.60381
0.599562
0.596991
0.596532
0.598172
0.601539
0.606109
0.611451
0.617317
0.623559
0.629984
0.636284
0.641988
0.646605
0.649803
0.651621
0.65248
0.653118
0.654227
0.656211
0.658892
0.66156
0.663249
0.663007
0.66007
0.65404
0.644943
0.633183
0.619446
0.604546
0.589373
0.574852
0.562077
0.552276
0.54666
0.546226
0.55158
0.5628
0.579421
0.60037
0.623809
0.647185
0.667486
0.681743
0.687644
0.68413
0.671699
0.652457
0.62975
0.607417
0.588792
0.575922
0.56938
0.568608
0.572358
0.579122
0.587397
0.595767
0.603032
0.608223
0.610629
0.609976
0.606417
0.60059
0.593634
0.587112
0.582769
0.582239
0.586734
0.596727
0.611939
0.631381
0.653374
0.675809
0.696391
0.712934
0.723651
0.727439
0.723902
0.713438
0.697282
0.677292
0.655671
0.634624
0.616017
0.601164
0.590736
0.584887
0.583381
0.585605
0.590738
0.597849
0.605966
0.614157
0.62156
0.627292
0.630641
0.631112
0.628585
0.623413
0.616351
0.608349
0.600325
0.592897
0.586378
0.580968
0.576982
0.574925
0.57532
0.578494
0.584176
0.591377
0.598678
0.604756
0.608819
0.610876
0.611485
0.611473
0.611551
0.612077
0.613117
0.614459
0.615875
0.617297
0.61891
0.621067
0.624113
0.628149
0.632971
0.638075
0.642885
0.646888
0.649732
0.651292
0.651626
0.650876
0.649292
0.647179
0.644747
0.641967
0.638491
0.633663
0.627032
0.618642
0.609229
0.600243
0.593466
0.590518
0.592229
0.598313
0.607556
0.618234
0.628725
0.637759
0.644479
0.648394
0.649198
0.646808
0.641422
0.633534
0.623927
0.613492
0.60312
0.593592
0.585451
0.578993
0.574226
0.570832
0.568429
0.567062
0.567335
0.570319
0.576886
0.587103
0.600104
0.614388
0.628409
0.640916
0.651145
0.658584
0.662894
0.663941
0.661748
0.656517
0.648613
0.638575
0.627162
0.615299
0.604052
0.594326
0.586685
0.581355
0.578395
0.577807
0.57966
0.584022
0.590853
0.599935
0.610739
0.622408
0.633954
0.644437
0.653206
0.65985
0.664161
0.666061
0.665545
0.662705
0.65773
0.651078
0.643372
0.635401
0.627901
0.621492
0.616497
0.612948
0.610722
0.609587
0.609303
0.609615
0.610167
0.61058
0.610484
0.609592
0.60768
0.604628
0.600351
0.59482
0.588167
0.580757
0.5734
0.567335
0.564014
0.564685
0.569849
0.578893
0.590133
0.601525
0.611402
0.618954
0.624318
0.62825
0.631765
0.635768
0.640785
0.646737
0.652975
0.658462
0.662038
0.66287
0.660577
0.655357
0.64799
0.639664
0.631653
0.624851
0.619604
0.615853
0.613339
0.611923
0.611597
0.612427
0.614427
0.617475
0.621342
0.625575
0.629542
0.632575
0.634003
0.633456
0.630841
0.626485
0.621091
0.615606
0.611002
0.608033
0.6071
0.60825
0.611353
0.616257
0.62272
0.63045
0.638939
0.647368
0.654563
0.659202
0.66009
0.656569
0.648787
0.637728
0.624963
0.612239
0.601186
0.592996
0.588365
0.587457
0.589874
0.594568
0.600146
0.605004
0.607768
0.607567
0.604289
0.598553
0.591592
0.584769
0.579162
0.575319
0.573264
0.572723
0.573526
0.575821
0.580159
0.587153
0.597071
0.609472
0.623153
0.636441
0.647717
0.655897
0.660755
0.662838
0.663136
0.662621
0.661938
0.661197
0.660053
0.657847
0.654013
0.648397
0.64131
0.633498
0.626065
0.620131
0.616473
0.615343
0.616427
0.618914
0.621831
0.624254
0.625527
0.625352
0.623823
0.621313
0.618341
0.615429
0.612854
0.610631
0.608451
0.605908
0.60275
0.598922
0.59462
0.590223
0.58618
0.583048
0.581443
0.582016
0.585298
0.591517
0.600505
0.61148
0.623152
0.633829
0.641761
0.645566
0.644494
0.638647
0.628894
0.616743
0.604046
0.592648
0.584063
0.579303
0.578848
0.582702
0.590463
0.601393
0.614488
0.628575
0.642466
0.655028
0.66521
0.672131
0.675197
0.674045
0.668796
0.66005
0.648928
0.636963
0.625846
0.616983
0.6111
0.608086
0.60692
0.606113
0.604174
0.600119
0.593699
0.585482
0.576637
0.568628
0.562854
0.560287
0.561277
0.565519
0.5722
0.580355
0.589172
0.598152
0.607046
0.615771
0.624114
0.631568
0.637276
0.640201
0.63958
0.635287
0.628062
0.619493
0.611643
0.606332
0.604552
0.606173
0.610306
0.615715
0.621326
0.626421
0.630668
0.63404
0.636664
0.638711
0.640292
0.64138
0.641881
0.641722
0.640966
0.639801
0.638466
0.637075
0.635562
0.6336
0.630692
0.626355
0.62043
0.613275
0.605827
0.599482
0.595602
0.595025
0.597784
0.603223
0.610343
0.618114
0.625575
0.631839
0.636144
0.63789
0.636714
0.632678
0.626241
0.618306
0.610176
0.603275
0.598992
0.598236
0.601178
0.607169
0.615035
0.623548
0.631755
0.638902
0.644122
0.646418
0.645018
0.63988
0.631743
0.622022
0.612433
0.604546
0.599429
0.597523
0.598524
0.601542
0.605273
0.608393
0.609866
0.609248
0.606813
0.603493
0.600521
0.598987
0.599387
0.601593
0.604983
0.608816
0.612495
0.615875
0.619306
0.623466
0.629085
0.636591
0.645654
0.655101
0.663
0.667304
0.666482
0.659879
0.647873
0.631707
0.613278
0.59488
0.578801
0.566949
0.560472
0.559537
0.563437
0.570891
0.580379
0.590403
0.599674
0.607096
0.611851
0.613524
0.612126
0.608275
0.60312
0.598228
0.595275
0.595584
0.599744
0.607379
0.617333
0.628189
0.638721
0.648108
0.655852
0.661571
0.664696
0.66459
0.660732
0.653138
0.64263
0.630748
0.619297
0.60982
0.603037
0.598779
0.596349
0.595008
0.594479
0.59512
0.597711
0.602964
0.610936
0.620853
0.631318
0.640707
0.64762
0.651266
0.651497
0.648818
0.644094
0.638344
0.632555
0.62747
0.623595
0.621067
0.619807
0.619564
0.619991
0.620923
0.622373
0.624377
0.626861
0.629474
0.631522
0.632133
0.630478
0.625982
0.618473
0.608126
0.595539
0.581661
0.567846
0.555655
0.546518
0.541452
0.5409
0.544778
0.552626
0.563833
0.577747
0.593697
0.610881
0.628336
0.644891
0.659244
0.670175
0.6766
0.677865
0.67381
0.664917
0.652173
0.636945
0.620779
0.605243
0.591735
0.581355
0.574866
0.572616
0.574548
0.580218
0.588709
0.598749
0.608803
0.617324
0.623077
0.625224
0.623458
0.618113
0.610226
0.601358
0.593467
0.588574
0.588525
0.594469
0.6064
0.622898
0.641369
0.658781
0.672403
0.680395
0.682018
0.677545
0.667964
0.654756
0.639731
0.624723
0.611393
0.601077
0.594651
0.592595
0.595154
0.602426
0.614236
0.629767
0.647087
0.663208
0.674919
0.679741
0.676773
0.666791
0.65205
0.635713
0.621237
0.611558
0.608351
0.611653
0.620022
0.631098
0.642376
0.651727
0.657638
0.659343
0.656721
0.650166
0.640442
0.628435
0.615051
0.601124
0.587479
0.574993
0.564568
0.557157
0.553536
0.554071
0.558597
0.566378
0.576197
0.586612
0.596163
0.603653
0.608386
0.610227
0.609473
0.606778
0.60306
0.599381
0.596766
0.595922
0.597062
0.599991
0.60429
0.609496
0.615199
0.621005
0.62641
0.630826
0.633664
0.634368
0.632604
0.628407
0.622221
0.614921
0.607696
0.601934
0.598836
0.599064
0.602624
0.6089
0.616839
0.625284
0.633222
0.639804
0.644364
0.646562
0.646584
0.645303
0.644257
0.645192
0.649217
0.656275
0.66501
0.673442
0.679743
0.682577
0.681142
0.675095
0.664553
0.650003
0.632242
0.612295
0.591414
0.570972
0.552453
0.537245
0.526435
0.520601
0.794599
0.785571
0.773245
0.758442
0.74269
0.728115
0.716868
0.710561
0.70987
0.714572
0.72382
0.736531
0.751701
0.768342
0.785349
0.801358
0.814812
0.824249
0.828654
0.827644
0.821429
0.810652
0.796176
0.779228
0.761793
0.746679
0.737037
0.734838
0.739438
0.747883
0.756578
0.76272
0.764821
0.762658
0.757099
0.750023
0.74393
0.741212
0.743332
0.750368
0.761061
0.77322
0.784459
0.792749
0.796785
0.796151
0.791311
0.783558
0.774738
0.766959
0.762072
0.761113
0.764109
0.770442
0.779424
0.790318
0.801776
0.811597
0.817305
0.81709
0.810542
0.798652
0.783696
0.768745
0.75676
0.74971
0.748016
0.75063
0.755559
0.760758
0.764648
0.766353
0.765245
0.760836
0.75291
0.741855
0.728697
0.715013
0.702557
0.693025
0.687923
0.688451
0.695379
0.708706
0.727444
0.749707
0.773129
0.795255
0.814175
0.82872
0.838484
0.843365
0.843444
0.838994
0.830664
0.819707
0.808189
0.798566
0.792806
0.791741
0.794799
0.800511
0.807238
0.813476
0.817932
0.819383
0.816782
0.809353
0.796996
0.780295
0.760583
0.739799
0.720224
0.70406
0.692698
0.686374
0.684239
0.684907
0.687161
0.690623
0.695848
0.703965
0.715888
0.731596
0.749817
0.7684
0.785088
0.798254
0.807325
0.812739
0.815571
0.817026
0.817934
0.818622
0.818792
0.817805
0.814919
0.809431
0.800972
0.789601
0.775854
0.76091
0.746422
0.734197
0.725913
0.72279
0.725252
0.732757
0.743891
0.756579
0.76879
0.778989
0.786606
0.79207
0.796274
0.799994
0.803424
0.806162
0.807629
0.807339
0.804942
0.800381
0.793972
0.786427
0.778749
0.771934
0.766704
0.763397
0.761998
0.762346
0.764121
0.766962
0.770272
0.773313
0.775398
0.776245
0.775973
0.77499
0.773719
0.772477
0.77137
0.77033
0.769209
0.767883
0.766326
0.764639
0.762945
0.761003
0.758235
0.753814
0.747228
0.738729
0.729436
0.720884
0.714607
0.711892
0.713726
0.720497
0.731519
0.744957
0.758547
0.77039
0.779366
0.785121
0.787885
0.78822
0.786903
0.784688
0.782269
0.780139
0.778592
0.777834
0.777885
0.778595
0.779712
0.780845
0.781623
0.781812
0.781338
0.780378
0.77932
0.778714
0.778974
0.780071
0.781525
0.782515
0.782199
0.779896
0.775352
0.768774
0.760849
0.752581
0.745292
0.740425
0.739147
0.741657
0.746798
0.752329
0.755945
0.756345
0.753696
0.749377
0.745297
0.743153
0.743971
0.748176
0.755616
0.765578
0.776848
0.787903
0.797259
0.803714
0.806552
0.805722
0.801836
0.796016
0.789503
0.783309
0.77809
0.774296
0.772357
0.772751
0.775837
0.781683
0.789932
0.799766
0.810113
0.819774
0.827321
0.831239
0.830028
0.822523
0.808091
0.786846
0.759733
0.728675
0.696515
0.666703
0.6429
0.628337
0.625098
0.633688
0.652819
0.679785
0.711145
0.743568
0.77427
0.801277
0.823305
0.839432
0.848887
0.851063
0.845519
0.832406
0.81278
0.788733
0.76308
0.738895
0.718865
0.704837
0.697634
0.697261
0.703205
0.71466
0.730578
0.749671
0.770569
0.792158
0.813756
0.834771
0.853917
0.868942
0.877439
0.878026
0.870958
0.857934
0.841216
0.822726
0.80356
0.784253
0.765357
0.747927
0.733453
0.723455
0.718711
0.718747
0.722001
0.726508
0.730657
0.733607
0.735465
0.736955
0.739062
0.742664
0.748153
0.755371
0.763694
0.772313
0.780447
0.787638
0.793728
0.79869
0.802152
0.803335
0.801302
0.795461
0.785845
0.773247
0.758897
0.744144
0.730156
0.71808
0.709139
0.704576
0.705234
0.711177
0.721687
0.735446
0.750912
0.766752
0.78215
0.796745
0.810424
0.822764
0.832989
0.840358
0.84471
0.846561
0.846816
0.84631
0.845559
0.844816
0.844016
0.842802
0.840428
0.835881
0.828284
0.817117
0.802516
0.785289
0.766803
0.748583
0.731674
0.716391
0.702377
0.689015
0.675982
0.663591
0.652745
0.644483
0.639718
0.639088
0.643068
0.651969
0.665702
0.683698
0.705116
0.728965
0.754217
0.779726
0.804237
0.826473
0.845329
0.859995
0.869844
0.874428
0.873388
0.866545
0.853966
0.836112
0.813973
0.789127
0.763765
0.740393
0.721335
0.708209
0.701688
0.70153
0.706862
0.71638
0.728705
0.742591
0.757133
0.771787
0.786203
0.799856
0.811914
0.821433
0.827705
0.830588
0.830376
0.827553
0.822326
0.814569
0.80424
0.791927
0.77896
0.767085
0.757847
0.751986
0.749517
0.749742
0.751606
0.753924
0.755829
0.757178
0.758633
0.761333
0.766189
0.773238
0.781452
0.789065
0.794098
0.795149
0.791817
0.784908
0.776091
0.767305
0.760149
0.755429
0.753174
0.752847
0.753763
0.755254
0.756773
0.757847
0.758116
0.757422
0.755836
0.753509
0.75053
0.746863
0.742453
0.737239
0.731304
0.725013
0.719202
0.715119
0.71412
0.717164
0.724354
0.734868
0.747304
0.760155
0.772236
0.782881
0.792008
0.799948
0.80723
0.814321
0.8214
0.828255
0.834266
0.83851
0.839911
0.837479
0.83081
0.820394
0.807613
0.794411
0.782751
0.77418
0.769612
0.769071
0.771789
0.776326
0.780987
0.78404
0.784079
0.780295
0.772788
0.762664
0.75174
0.741855
0.734246
0.72923
0.726357
0.724897
0.724273
0.724288
0.725374
0.728533
0.734825
0.744786
0.757671
0.77128
0.782796
0.78992
0.791679
0.788586
0.782221
0.77451
0.767021
0.760542
0.755025
0.750019
0.74518
0.740603
0.73713
0.735999
0.738368
0.74482
0.755133
0.768313
0.782912
0.797345
0.810105
0.81973
0.824959
0.825047
0.820308
0.812395
0.803693
0.796197
0.790482
0.785751
0.780673
0.774317
0.766769
0.758817
0.751483
0.745592
0.741644
0.739928
0.740627
0.743752
0.748844
0.755053
0.761351
0.767092
0.772298
0.777561
0.783613
0.790816
0.798781
0.806294
0.811621
0.812876
0.808495
0.797749
0.781159
0.760709
0.739646
0.721869
0.710529
0.707145
0.711367
0.721375
0.734678
0.748665
0.76121
0.770971
0.777481
0.781121
0.782779
0.783388
0.78342
0.782937
0.781768
0.779854
0.777642
0.775971
0.775809
0.777638
0.781228
0.785962
0.791538
0.798249
0.806274
0.814878
0.822282
0.826436
0.825823
0.819762
0.808513
0.793059
0.774849
0.755513
0.736605
0.719535
0.705652
0.696397
0.693061
0.696184
0.705231
0.718868
0.735876
0.755911
0.779155
0.80505
0.83118
0.853886
0.869633
0.876159
0.872731
0.860167
0.840698
0.817872
0.795866
0.777956
0.764941
0.75498
0.745194
0.73348
0.719344
0.703949
0.689763
0.679648
0.675721
0.678408
0.686282
0.696919
0.70798
0.717977
0.726456
0.733761
0.740548
0.747306
0.754158
0.760725
0.76625
0.769912
0.771059
0.769323
0.764902
0.758532
0.751611
0.746059
0.743846
0.746392
0.753839
0.76474
0.776598
0.786884
0.793927
0.797192
0.796978
0.793768
0.788085
0.78065
0.772492
0.764763
0.75828
0.75334
0.749946
0.748044
0.747735
0.749404
0.753474
0.760171
0.769169
0.779479
0.78957
0.79782
0.803021
0.80466
0.802871
0.798326
0.792012
0.784901
0.777878
0.771527
0.765924
0.76068
0.75517
0.748848
0.741632
0.734012
0.726971
0.721748
0.719344
0.720205
0.724195
0.730773
0.739283
0.749159
0.759827
0.77047
0.780048
0.787538
0.792291
0.794339
0.794281
0.792904
0.790782
0.78817
0.785103
0.781494
0.777328
0.77273
0.767934
0.763303
0.7594
0.756868
0.756174
0.757415
0.760214
0.763761
0.767263
0.77021
0.772479
0.774265
0.775809
0.777094
0.777689
0.776996
0.774429
0.769492
0.761927
0.751881
0.740185
0.728378
0.718442
0.712263
0.711285
0.716013
0.725836
0.739082
0.753443
0.766462
0.776195
0.781728
0.783391
0.782444
0.780653
0.779774
0.780998
0.784632
0.790129
0.796182
0.801099
0.803195
0.801068
0.793871
0.781429
0.764396
0.744312
0.723422
0.704281
0.689286
0.680284
0.678318
0.683581
0.695493
0.712859
0.734071
0.757165
0.779939
0.800249
0.816391
0.827464
0.833366
0.834492
0.831685
0.826048
0.818693
0.810737
0.803128
0.796531
0.79103
0.786219
0.781367
0.77579
0.769253
0.762324
0.756123
0.751836
0.750223
0.751675
0.756396
0.764511
0.775728
0.788923
0.801998
0.812322
0.817408
0.815564
0.806267
0.79024
0.769296
0.746007
0.723213
0.70351
0.688777
0.67994
0.676796
0.678342
0.6832
0.689918
0.697177
0.704062
0.710205
0.715787
0.721456
0.72795
0.735752
0.744832
0.754764
0.764861
0.77426
0.782168
0.787968
0.791299
0.79203
0.790131
0.785765
0.779266
0.771244
0.76265
0.754611
0.748114
0.743628
0.740982
0.739469
0.738252
0.736889
0.735676
0.735629
0.737997
0.743751
0.753222
0.765962
0.780915
0.796623
0.811362
0.823283
0.830746
0.832689
0.828903
0.820142
0.808016
0.794455
0.781285
0.769971
0.761471
0.756127
0.753763
0.753954
0.756504
0.761633
0.769736
0.780993
0.794836
0.809884
0.824192
0.835663
0.842399
0.843114
0.837252
0.824946
0.806954
0.78446
0.758973
0.73224
0.706289
0.683483
0.666231
0.656597
0.655638
0.662963
0.676891
0.694869
0.714081
0.731713
0.745416
0.753647
0.75589
0.752769
0.74578
0.737042
0.728988
0.723966
0.723477
0.727761
0.735581
0.744731
0.753001
0.758823
0.761542
0.761286
0.758703
0.754675
0.750207
0.746122
0.742895
0.740676
0.739457
0.739304
0.74038
0.742862
0.746934
0.752752
0.760311
0.769263
0.778839
0.787985
0.795591
0.800563
0.802174
0.800299
0.795716
0.79009
0.785688
0.784367
0.786699
0.791959
0.798799
0.806082
0.81327
0.820314
0.827259
0.833893
0.839393
0.842298
0.840815
0.833511
0.820037
0.801402
0.779572
0.756647
0.73437
0.714171
0.697361
0.684829
0.676869
0.673231
0.673525
0.677631
0.685669
0.697599
0.712673
0.729413
0.745873
0.760275
0.771615
0.779822
0.785473
0.789131
0.791057
0.791188
0.789507
0.786259
0.781981
0.777283
0.772751
0.76891
0.766282
0.765179
0.765471
0.766391
0.766685
0.765058
0.760767
0.754292
0.747588
0.743672
0.745445
0.754318
0.769625
0.78915
0.818649
0.836779
0.851691
0.862354
0.868173
0.86869
0.863673
0.853277
0.838152
0.819615
0.799465
0.779716
0.762148
0.74794
0.737456
0.730313
0.72573
0.722892
0.721226
0.720374
0.720277
0.720961
0.722493
0.724946
0.72843
0.733011
0.73864
0.745214
0.752492
0.760126
0.767572
0.774
0.778352
0.779797
0.778273
0.774669
0.770461
0.766835
0.764209
0.762344
0.760812
0.759508
0.758758
0.759345
0.762245
0.768298
0.777791
0.79017
0.803936
0.81685
0.82654
0.831058
0.829366
0.82158
0.808829
0.792749
0.775149
0.757538
0.741029
0.72639
0.71438
0.705697
0.700955
0.70034
0.70333
0.70873
0.715016
0.720754
0.725125
0.728236
0.730959
0.734529
0.740044
0.748193
0.759247
0.773191
0.789462
0.806806
0.82328
0.836778
0.845797
0.849809
0.849338
0.845621
0.840148
0.834207
0.828667
0.823722
0.81909
0.814105
0.808092
0.800454
0.79074
0.778825
0.765272
0.751656
0.740454
0.734165
0.733809
0.738473
0.745948
0.753993
0.76118
0.766945
0.771079
0.773391
0.773607
0.77146
0.766685
0.759286
0.749627
0.73868
0.727994
0.719426
0.714435
0.713551
0.716338
0.721811
0.72883
0.736405
0.743522
0.749069
0.751849
0.750983
0.746169
0.738072
0.728448
0.719831
0.714792
0.7151
0.72133
0.733029
0.74913
0.768442
0.78978
0.811823
0.833036
0.851726
0.866268
0.875486
0.878935
0.876944
0.870491
0.860871
0.849354
0.836968
0.824374
0.811843
0.799307
0.786605
0.7736
0.760405
0.747516
0.735761
0.726372
0.720796
0.720369
0.725779
0.736695
0.751562
0.767843
0.782531
0.792785
0.796619
0.793287
0.78345
0.768888
0.751912
0.734849
0.719814
0.708732
0.703326
0.704686
0.712792
0.726432
0.743552
0.761759
0.778904
0.793266
0.80353
0.808745
0.808553
0.803233
0.79374
0.781539
0.768128
0.75479
0.742381
0.731305
0.721825
0.714102
0.708298
0.704616
0.703105
0.703655
0.70593
0.709498
0.714162
0.720058
0.727493
0.736454
0.746354
0.756364
0.76591
0.774853
0.783317
0.791345
0.798685
0.804944
0.809922
0.813683
0.816505
0.818679
0.820473
0.82227
0.824542
0.827471
0.830624
0.833015
0.833502
0.831163
0.825622
0.817194
0.80687
0.796166
0.786704
0.779626
0.775233
0.773115
0.772533
0.772851
0.773472
0.773382
0.771288
0.766163
0.757702
0.746473
0.733688
0.720903
0.709658
0.701157
0.696191
0.694887
0.696687
0.700544
0.705337
0.7102
0.714739
0.718871
0.722662
0.726059
0.728868
0.731063
0.733401
0.737625
0.746004
0.760246
0.780457
0.804835
0.830204
0.853099
0.870727
0.881468
0.884971
0.881947
0.873825
0.86247
0.849923
0.838169
0.828723
0.822173
0.81791
0.814344
0.809683
0.802563
0.792396
0.779346
0.764263
0.748395
0.733255
0.720396
0.711282
0.70705
0.708258
0.714649
0.725052
0.737742
0.750911
0.763226
0.773908
0.782654
0.789318
0.793631
0.795356
0.79465
0.792138
0.788693
0.785027
0.781458
0.778045
0.774831
0.772066
0.770224
0.769766
0.770856
0.773128
0.775838
0.777978
0.778508
0.77654
0.771478
0.763218
0.752317
0.740072
0.7284
0.719357
0.714498
0.714377
0.718441
0.725273
0.733311
0.741302
0.748544
0.754958
0.760734
0.76603
0.770819
0.774848
0.777872
0.779823
0.780893
0.781398
0.781652
0.781752
0.781605
0.781055
0.780086
0.778965
0.778191
0.778397
0.780095
0.783563
0.78886
0.795818
0.803948
0.812296
0.819475
0.823912
0.824413
0.820575
0.812801
0.802172
0.79008
0.777973
0.767164
0.758601
0.752853
0.750031
0.74975
0.75107
0.752738
0.753445
0.752108
0.748361
0.742661
0.736062
0.730005
0.725843
0.724471
0.726029
0.729895
0.734891
0.73967
0.743045
0.744399
0.743818
0.742063
0.740431
0.740378
0.743164
0.749447
0.75905
0.771174
0.78477
0.798802
0.81228
0.824142
0.833279
0.838688
0.839537
0.835484
0.826885
0.81472
0.800407
0.785568
0.771675
0.75975
0.750482
0.744358
0.741599
0.741905
0.744231
0.746986
0.74839
0.747048
0.742574
0.735785
0.7285
0.722942
0.721003
0.723704
0.731244
0.743135
0.75837
0.7754
0.792205
0.806579
0.816582
0.821056
0.819974
0.814479
0.806566
0.798482
0.791958
0.787727
0.785461
0.784147
0.782666
0.780123
0.77601
0.770106
0.762419
0.753263
0.743311
0.73365
0.725684
0.720548
0.718644
0.719281
0.720972
0.722098
0.721638
0.719593
0.717134
0.716136
0.718502
0.72535
0.73672
0.751554
0.768034
0.784076
0.798053
0.809215
0.817851
0.824854
0.831193
0.837267
0.842647
0.846079
0.845901
0.840746
0.830094
0.814694
0.796642
0.77898
0.764861
0.756621
0.755063
0.759485
0.768
0.778258
0.788108
0.795921
0.800774
0.802358
0.801006
0.797477
0.792664
0.787131
0.780854
0.773501
0.76484
0.755057
0.744886
0.735316
0.727183
0.720981
0.716833
0.714679
0.714585
0.71672
0.721303
0.728444
0.737879
0.74891
0.760413
0.770998
0.779265
0.784066
0.784828
0.781637
0.775246
0.766857
0.758167
0.751153
0.747747
0.749314
0.756142
0.767265
0.780707
0.794203
0.805837
0.814369
0.819278
0.820655
0.818969
0.814795
0.808696
0.80103
0.791804
0.780756
0.767514
0.751796
0.733743
0.713976
0.693749
0.674799
0.659246
0.649484
0.647517
0.654166
0.668547
0.688344
0.710647
0.732786
0.752851
0.769691
0.782776
0.792058
0.797888
0.800748
0.801272
0.799991
0.797502
0.794361
0.79113
0.788244
0.785959
0.784304
0.7833
0.783061
0.783986
0.786635
0.791423
0.798384
0.806833
0.815383
0.822225
0.825676
0.824698
0.819315
0.810605
0.800282
0.790245
0.781987
0.77627
0.773028
0.771489
0.770475
0.768852
0.765846
0.761106
0.754784
0.747421
0.73981
0.73287
0.727531
0.724681
0.725111
0.729263
0.736941
0.747122
0.758198
0.76848
0.776536
0.781603
0.783638
0.783092
0.780674
0.777022
0.772514
0.767239
0.760982
0.753452
0.744361
0.733564
0.721371
0.70858
0.696743
0.688015
0.684882
0.689361
0.702327
0.722991
0.748978
0.777044
0.80391
0.826817
0.843942
0.854552
0.859046
0.858658
0.855022
0.849691
0.843794
0.837863
0.831864
0.825279
0.817403
0.807582
0.795473
0.781123
0.765102
0.748458
0.732555
0.718717
0.707935
0.700586
0.696427
0.694948
0.695626
0.698184
0.702608
0.709085
0.717847
0.728795
0.741486
0.755169
0.768895
0.781808
0.793278
0.802933
0.810686
0.816668
0.821093
0.824013
0.825158
0.823976
0.819742
0.811872
0.800066
0.78446
0.765728
0.745134
0.724521
0.706162
0.692412
0.684965
0.684347
0.689664
0.698945
0.709736
0.719882
0.727936
0.733441
0.736825
0.739167
0.741929
0.746477
0.75375
0.763947
0.776372
0.789613
0.801961
0.811858
0.818265
0.820891
0.820098
0.816694
0.811569
0.805449
0.798844
0.79212
0.785741
0.780213
0.775941
0.773007
0.77119
0.770209
0.770037
0.771088
0.774048
0.779398
0.787083
0.796225
0.80537
0.812916
0.817638
0.819115
0.817941
0.815466
0.813142
0.811879
0.811584
0.811163
0.809017
0.803725
0.794468
0.781218
0.764648
0.745984
0.726695
0.708432
0.692831
0.681336
0.675071
0.674698
0.680341
0.691541
0.707414
0.72679
0.748335
0.770573
0.791949
0.810851
0.825789
0.835477
0.839275
0.837489
0.831419
0.82295
0.813975
0.805745
0.798673
0.79245
0.786595
0.780815
0.775021
0.769108
0.762687
0.75511
0.745697
0.73409
0.720518
0.705925
0.691977
0.680834
0.674721
0.675374
0.68351
0.69856
0.718824
0.742007
0.765718
0.787888
0.807035
0.822254
0.833314
0.840575
0.844843
0.847025
0.847842
0.847703
0.846731
0.844725
0.841266
0.836247
0.830396
0.825528
0.82368
0.825788
0.830906
0.836489
0.839301
0.83658
0.826934
0.810726
0.789725
0.766332
0.742867
0.721441
0.704047
0.692554
0.688397
0.691926
0.702174
0.717152
0.734631
0.752794
0.770365
0.78643
0.799898
0.809355
0.813488
0.811555
0.803479
0.789952
0.772305
0.75261
0.733235
0.716292
0.70309
0.694138
0.689652
0.689842
0.695118
0.705597
0.720914
0.740111
0.761839
0.784581
0.806857
0.827322
0.844821
0.858441
0.867456
0.871202
0.869163
0.86114
0.847316
0.828478
0.806148
0.782413
0.759685
0.740461
0.726831
0.720229
0.720994
0.727914
0.738518
0.74998
0.760095
0.767488
0.771418
0.771726
0.768875
0.76387
0.757812
0.751683
0.74636
0.742758
0.741948
0.744975
0.752556
0.764817
0.781071
0.799837
0.819076
0.836462
0.849728
0.856777
0.856061
0.846974
0.830135
0.807583
0.782393
0.757894
0.736937
0.721153
0.711035
0.706331
0.706451
0.710681
0.718181
0.727962
0.738842
0.749711
0.759545
0.767722
0.773885
0.777846
0.779564
0.779158
0.776854
0.77301
0.76802
0.762225
0.75602
0.749964
0.744844
0.741511
0.740734
0.742877
0.747841
0.755204
0.764397
0.774756
0.78542
0.795291
0.803277
0.808454
0.810262
0.808547
0.803635
0.796345
0.787883
0.779679
0.77301
0.768603
0.766472
0.766042
0.766484
0.767287
0.768653
0.771504
0.776923
0.785572
0.797178
0.810433
0.823371
0.833851
0.8398
0.839375
0.831247
0.814999
0.791616
0.763936
0.736519
0.714607
0.701953
0.699002
0.703336
0.711752
0.722035
0.733218
0.745157
0.757793
0.77063
0.782589
0.792326
0.798874
0.801969
0.80209
0.800049
0.796718
0.792849
0.789125
0.785995
0.783819
0.782666
0.782284
0.782137
0.781623
0.780454
0.778761
0.777081
0.775958
0.775553
0.775489
0.775059
0.773577
0.770638
0.76613
0.760054
0.752493
0.743851
0.735214
0.728318
0.725077
0.726896
0.73407
0.745696
0.760069
0.775305
0.789972
0.803249
0.814854
0.824683
0.832361
0.836982
0.837335
0.832288
0.821359
0.805214
0.785976
0.766905
0.751495
0.742123
0.739247
0.741423
0.746356
0.751884
0.756579
0.75978
0.76157
0.762503
0.763385
0.765005
0.767814
0.771805
0.776667
0.78186
0.786822
0.790974
0.7937
0.794381
0.792517
0.78766
0.779359
0.767179
0.782432
0.760341
0.736818
0.71467
0.69638
0.683548
0.67678
0.676098
0.68125
0.691731
0.706712
0.725015
0.745249
0.765985
0.785924
0.803938
0.819073
0.830547
0.83772
0.840337
0.838732
0.833791
0.82698
0.819973
0.814426
0.811494
0.811383
0.813194
0.815155
0.81541
0.812907
0.807904
0.801801
0.796354
0.792692
0.790861
0.790106
0.78939
0.787797
0.784712
0.779903
0.773567
0.766484
0.760066
0.75605
0.75605
0.760891
0.770187
0.78225
0.794655
0.805005
0.811893
0.815258
0.8163
0.817001
0.819084
0.823023
0.827638
0.830625
0.829951
0.824971
0.816672
0.806885
0.797266
0.78867
0.781182
0.7743
0.76735
0.759772
0.75148
0.74287
0.734717
0.727985
0.72369
0.722862
0.726541
0.735577
0.750173
0.769394
0.79105
0.811903
0.828459
0.837678
0.837592
0.827696
0.809184
0.784873
0.758701
0.735063
0.717989
0.710676
0.714626
0.729006
0.750496
0.774451
0.796535
0.813769
0.824728
0.829131
0.82734
0.820143
0.808698
0.794772
0.780829
0.769836
0.764603
0.766966
0.777241
0.794226
0.815743
0.839334
0.862633
0.88363
0.900579
0.911958
0.916503
0.913244
0.901775
0.882397
0.856036
0.824217
0.788867
0.752247
0.716774
0.684886
0.658772
0.640312
0.630978
0.631687
0.642584
0.662677
0.689783
0.720719
0.751917
0.780088
0.802907
0.819351
0.829813
0.835953
0.840095
0.844254
0.84945
0.855333
0.860756
0.864586
0.866117
0.865124
0.861756
0.856313
0.849185
0.840758
0.831344
0.821075
0.809812
0.797266
0.783229
0.767865
0.751883
0.736632
0.724024
0.716193
0.714905
0.720871
0.73346
0.750758
0.770084
0.788684
0.804134
0.814722
0.81952
0.818283
0.811342
0.799379
0.783481
0.765201
0.746671
0.730334
0.718462
0.712451
0.712455
0.71742
0.725559
0.735135
0.744908
0.75441
0.763819
0.773647
0.784387
0.796259
0.809108
0.8223
0.834878
0.845671
0.853369
0.856843
0.855496
0.849672
0.840509
0.829476
0.817498
0.804951
0.792207
0.7804
0.771459
0.767446
0.769538
0.777565
0.790165
0.805405
0.821242
0.835877
0.847834
0.856138
0.860465
0.860928
0.857924
0.851898
0.843298
0.832453
0.819598
0.805027
0.789224
0.773085
0.758037
0.745777
0.737543
0.733545
0.732873
0.733734
0.734124
0.732461
0.728076
0.721506
0.714518
0.709515
0.708734
0.713443
0.723442
0.737293
0.752908
0.768152
0.781358
0.791538
0.798325
0.8019
0.802895
0.802325
0.801414
0.801453
0.803617
0.808607
0.816339
0.825853
0.835423
0.843008
0.846709
0.84526
0.838552
0.827791
0.815329
0.803928
0.795704
0.791267
0.789721
0.78944
0.788985
0.787591
0.785167
0.782194
0.77961
0.778576
0.779965
0.784142
0.790891
0.799765
0.810068
0.820697
0.830157
0.836686
0.839033
0.836923
0.831133
0.823337
0.815638
0.809888
0.807117
0.80716
0.808717
0.809799
0.808455
0.803387
0.794263
0.781757
0.76747
0.753533
0.742161
0.735031
0.732825
0.735223
0.741215
0.749498
0.758874
0.768438
0.777504
0.785312
0.791146
0.79419
0.793743
0.789471
0.781765
0.771917
0.761872
0.753782
0.749366
0.749502
0.754164
0.762698
0.774188
0.787653
0.802094
0.816358
0.829099
0.838796
0.844097
0.844547
0.840921
0.835103
0.82958
0.826502
0.82707
0.831364
0.838493
0.846871
0.854614
0.85985
0.861002
0.856762
0.846254
0.829245
0.806392
0.779589
0.752132
0.728237
0.711695
0.704092
0.704387
0.709948
0.718225
0.72761
0.737254
0.746569
0.754844
0.761409
0.765855
0.768165
0.769
0.769672
0.771853
0.776914
0.785341
0.796669
0.80971
0.822896
0.834685
0.84356
0.848221
0.847779
0.842095
0.832047
0.819504
0.806978
0.796904
0.790858
0.789177
0.791217
0.795945
0.802478
0.810223
0.818552
0.826354
0.832022
0.833949
0.830989
0.822972
0.810792
0.796019
0.780483
0.766218
0.755235
0.749015
0.747752
0.750082
0.753404
0.754789
0.75211
0.744956
0.735044
0.725991
0.721969
0.725682
0.737033
0.753481
0.771674
0.788976
0.803953
0.816058
0.825208
0.831467
0.835217
0.837185
0.838364
0.839658
0.841673
0.844617
0.848044
0.850683
0.85089
0.847478
0.840396
0.830691
0.820075
0.810117
0.801764
0.795156
0.78986
0.785211
0.780714
0.776129
0.771315
0.765995
0.759638
0.751549
0.741316
0.729179
0.716233
0.704271
0.695405
0.691839
0.695378
0.706863
0.725759
0.750084
0.776865
0.802929
0.825588
0.843032
0.854385
0.859666
0.859567
0.855282
0.848298
0.840078
0.831842
0.824295
0.817774
0.812396
0.808271
0.805511
0.804155
0.803801
0.803352
0.801299
0.796059
0.78655
0.772614
0.755198
0.736131
0.717647
0.701916
0.690685
0.68517
0.686173
0.693971
0.70826
0.728016
0.751565
0.776878
0.801848
0.824447
0.84283
0.855684
0.862582
0.864228
0.862152
0.858077
0.853342
0.848528
0.84366
0.838637
0.833473
0.82853
0.824518
0.822207
0.821914
0.823193
0.825092
0.826724
0.827518
0.827055
0.824673
0.819474
0.810502
0.797192
0.779786
0.759541
0.73873
0.720211
0.706751
0.700274
0.701353
0.709262
0.722387
0.738755
0.756384
0.773613
0.789206
0.802437
0.813009
0.820929
0.826417
0.829837
0.831577
0.832026
0.83159
0.830599
0.829267
0.827946
0.826987
0.82677
0.827512
0.829064
0.830698
0.831136
0.828706
0.821967
0.810129
0.793289
0.772214
0.748144
0.722957
0.699507
0.681662
0.673084
0.675465
0.687633
0.706347
0.727885
0.749061
0.767568
0.782004
0.79177
0.797043
0.798671
0.798054
0.796714
0.795945
0.796472
0.798267
0.800751
0.803339
0.805901
0.809066
0.813961
0.821322
0.830627
0.83998
0.846968
0.849958
0.848742
0.844206
0.837489
0.829346
0.820196
0.810493
0.801007
0.792692
0.786389
0.782532
0.78087
0.780627
0.780936
0.781242
0.78156
0.782354
0.784039
0.786708
0.790035
0.793373
0.795998
0.797397
0.797323
0.795826
0.793353
0.790626
0.788529
0.787827
0.788818
0.791061
0.793415
0.794529
0.793293
0.789228
0.782676
0.774628
0.766441
0.759557
0.755216
0.75412
0.756296
0.761137
0.767683
0.775051
0.782746
0.790811
0.79967
0.809788
0.821213
0.833206
0.844167
0.85192
0.854387
0.850207
0.839204
0.822445
0.802097
0.780928
0.761681
0.746625
0.737057
0.733173
0.734112
0.738253
0.743741
0.748968
0.752977
0.755678
0.757661
0.759724
0.762267
0.765059
0.767595
0.769623
0.771445
0.773706
0.777018
0.78144
0.786398
0.790969
0.794414
0.7967
0.798457
0.800541
0.803398
0.806682
0.809366
0.810338
0.808992
0.805397
0.800359
0.79523
0.791404
0.789834
0.790576
0.792759
0.794971
0.795883
0.794675
0.791219
0.785873
0.779346
0.772481
0.76609
0.760791
0.757019
0.755011
0.754711
0.755808
0.757761
0.760005
0.762358
0.765422
0.770575
0.778941
0.790269
0.802825
0.814334
0.822983
0.827728
0.828228
0.824853
0.818657
0.811182
0.804056
0.798533
0.795378
0.794897
0.797046
0.801653
0.808401
0.816789
0.826115
0.835388
0.843423
0.849085
0.851392
0.849729
0.843962
0.834318
0.82118
0.804875
0.785611
0.763722
0.739949
0.715632
0.692782
0.673787
0.661102
0.656806
0.662321
0.677872
0.702096
0.732134
0.764075
0.79388
0.818245
0.835079
0.843674
0.844431
0.83861
0.827803
0.813831
0.798398
0.783009
0.768879
0.756923
0.747817
0.742083
0.740229
0.742663
0.749434
0.760016
0.773279
0.78769
0.801662
0.814005
0.824156
0.832153
0.838392
0.843313
0.847055
0.849331
0.849539
0.84701
0.841434
0.832853
0.821517
0.807826
0.79241
0.776076
0.759874
0.745001
0.732712
0.724295
0.720871
0.723235
0.731616
0.745481
0.763492
0.783608
0.803372
0.82034
0.832506
0.838517
0.837845
0.830773
0.818303
0.802081
0.784228
0.767076
0.752981
0.743931
0.741095
0.744599
0.753404
0.765727
0.779397
0.792318
0.80276
0.809587
0.812292
0.810957
0.806088
0.798348
0.788328
0.776555
0.763488
0.749595
0.735532
0.722221
0.710901
0.703027
0.700099
0.703337
0.713279
0.729562
0.750739
0.774399
0.797656
0.817723
0.832779
0.842465
0.847829
0.850598
0.852217
0.853113
0.852861
0.850896
0.847051
0.841708
0.835555
0.829307
0.823345
0.817663
0.811976
0.805864
0.798847
0.790526
0.780887
0.770632
0.76135
0.755029
0.753069
0.755575
0.761576
0.769968
0.780219
0.792193
0.805447
0.818851
0.830658
0.839153
0.843283
0.842968
0.839071
0.832799
0.825206
0.816791
0.807547
0.797224
0.785726
0.773252
0.760503
0.748851
0.74024
0.736893
0.740421
0.750984
0.767007
0.785824
0.80461
0.820929
0.833011
0.839937
0.841624
0.838622
0.831533
0.820523
0.80552
0.786904
0.766163
0.745948
0.729536
0.719819
0.7184
0.725177
0.738544
0.756115
0.775441
0.794503
0.811929
0.826827
0.838632
0.846984
0.851794
0.853174
0.851437
0.847105
0.840848
0.833268
0.824895
0.816174
0.807487
0.799069
0.791032
0.783322
0.775869
0.768738
0.762314
0.757454
0.755243
0.756706
0.762466
0.772509
0.786043
0.801594
0.81717
0.830679
0.840342
0.844922
0.843919
0.837614
0.82682
0.812673
0.796473
0.779499
0.763166
0.749036
0.738694
0.733529
0.734398
0.741358
0.753538
0.769176
0.785898
0.801076
0.8123
0.817798
0.816599
0.808697
0.79501
0.777162
0.757105
0.73696
0.718755
0.704301
0.694964
0.691589
0.694662
0.704336
0.720441
0.742208
0.768072
0.795703
0.822192
0.844565
0.860343
0.867753
0.866144
0.855948
0.838689
0.816664
0.792745
0.769925
0.75094
0.738051
0.732864
0.735945
0.74644
0.762124
0.780244
0.798462
0.815326
0.830069
0.842139
0.850875
0.855337
0.854382
0.847145
0.833491
0.814022
0.790226
0.76421
0.738336
0.714936
0.696149
0.683809
0.679378
0.683678
0.696534
0.716354
0.740373
0.765519
0.789244
0.810193
0.8282
0.843966
0.858484
0.872343
0.885201
0.895607
0.901289
0.899827
0.88964
0.87063
0.844576
0.814917
0.785859
0.76159
0.745274
0.738475
