1.6487
1.64411
1.63592
1.62361
1.60652
1.58379
1.55435
1.51701
1.47064
1.41428
1.34747
1.27071
1.18587
1.09638
1.00714
0.92384
0.851855
0.795198
0.755923
0.734007
0.727766
0.734421
0.750696
0.773268
0.799137
0.825814
0.851374
0.874487
0.894375
0.910721
0.923508
0.932914
0.939111
0.942183
0.942108
0.938849
0.932474
0.923259
0.911787
0.898948
0.885823
0.873611
0.86357
0.856845
0.854294
0.856211
0.862147
0.870995
0.881315
0.891695
0.900962
0.908293
0.913168
0.915383
0.915029
0.912527
0.908568
0.90405
0.89991
0.896933
0.89564
0.89618
0.89836
0.901745
0.905792
0.909952
0.913743
0.916768
0.918707
0.919301
0.918328
0.915631
0.911125
0.904876
0.897208
0.888729
0.880332
0.872945
0.86723
0.863365
0.861004
0.859541
0.858431
0.857317
0.855975
0.854185
0.851652
0.848125
0.843626
0.838559
0.833653
0.829767
0.827644
0.827727
0.830085
0.834435
0.840242
0.846855
0.853569
0.85969
0.864581
0.86765
0.868452
0.866757
0.862667
0.856625
0.849374
0.841807
0.834812
0.829082
0.825027
0.822749
0.822137
0.822992
0.82509
0.828245
0.8323
0.837101
0.842428
0.847876
0.85283
0.856534
0.858328
0.85799
0.856006
0.853569
0.852355
0.853957
0.859344
0.868532
0.880566
0.893877
0.906715
0.917622
0.92571
0.930758
0.933117
0.933524
0.932828
0.931788
0.930876
0.930203
0.92957
0.928622
0.926931
0.92411
0.919939
0.914447
0.907923
0.900921
0.894118
0.888236
0.883758
0.88083
0.879202
0.878333
0.877659
0.876812
0.875751
0.874749
0.874266
0.874848
0.87694
0.880779
0.886301
0.893082
0.90039
0.907274
0.912703
0.915739
0.915678
0.91221
0.905597
0.896692
0.886809
0.877324
0.869257
0.862949
0.858094
0.85406
0.850345
0.846899
0.844194
0.843034
0.844222
0.848216
0.854817
0.863177
0.872004
0.879966
0.886001
0.889523
0.890451
0.889102
0.886055
0.881915
0.877219
0.872272
0.867226
0.862229
0.857486
0.853384
0.850511
0.849518
0.851022
0.855442
0.862844
0.872863
0.884728
0.897387
0.909679
0.920487
0.928904
0.934306
0.93634
0.934917
0.930216
0.922653
0.912884
0.901808
0.890421
0.879716
0.87054
0.863406
0.858452
0.855462
0.853966
0.853441
0.853448
0.853756
0.854322
0.855247
0.856703
0.858804
0.861539
0.864693
0.867904
0.870714
0.872687
0.873524
0.87311
0.871543
0.869135
0.866377
0.863813
0.861957
0.861185
0.861658
0.863288
0.86576
0.868587
0.871186
0.873051
0.873836
0.873418
0.871908
0.869588
0.866794
0.863819
0.860816
0.857846
0.854896
0.851962
0.849077
0.846308
0.843719
0.841354
0.839221
0.837347
0.835791
0.834707
0.834323
0.834918
0.836758
0.839946
0.844388
0.84977
0.855585
0.861295
0.866454
0.870802
0.87429
0.876995
0.879045
0.880569
0.881634
0.882305
0.882779
0.883432
0.884837
0.887545
0.89178
0.897259
0.903241
0.908808
0.913077
0.915346
0.915149
0.912114
0.905978
0.896634
0.884232
0.869373
0.853251
0.837636
0.824593
0.815998
0.812922
0.815297
0.821908
0.830819
0.839925
0.847395
0.85189
0.852703
0.849757
0.843536
0.834963
0.825262
0.815738
0.807536
0.801505
0.798085
0.797324
0.798954
0.802527
0.807475
0.813165
0.81899
0.824406
0.82904
0.8327
0.835382
0.837229
0.838449
0.839238
0.839697
0.839669
0.838713
0.836214
0.831622
0.82475
0.815912
0.805934
0.795977
0.787314
0.781043
0.77792
0.778236
0.781793
0.787961
0.795828
0.804356
0.812512
0.819442
0.824517
0.827407
0.828107
0.826964
0.824644
0.821991
0.819865
0.818989
0.819855
0.822719
0.827706
0.834814
0.843872
0.854577
0.866458
0.878892
0.891169
0.902555
0.912404
0.920224
0.925679
0.928613
0.928994
0.926927
0.922674
0.916682
0.909531
0.901893
0.894416
0.887542
0.881432
0.875935
0.870673
0.865229
0.859359
0.853092
0.84669
0.8405
0.834801
0.829643
0.824845
0.820099
0.815151
0.809994
0.804896
0.800432
0.797325
0.796214
0.797426
0.800885
0.806216
0.812953
0.820739
0.829405
0.839013
0.849709
0.861605
0.874674
0.888667
0.903128
0.917346
0.930489
0.941734
0.950383
0.956012
0.958564
0.958301
0.955699
0.951252
0.945294
0.93787
0.928756
0.917571
0.903954
0.887736
0.869167
0.849051
0.828774
0.810189
0.795267
0.78569
0.78238
0.785248
0.793271
0.804852
0.818261
0.831976
0.844855
0.856118
0.865229
0.871844
0.875853
0.877406
0.876936
0.875128
0.87277
0.870565
0.868906
0.867865
0.867189
0.866439
0.865159
0.863053
0.859995
0.856056
0.851413
0.846211
0.840502
0.83421
0.827223
0.819528
0.811315
0.803004
0.795248
0.788819
0.78446
0.782655
0.783528
0.786839
0.79207
0.798643
0.806077
0.814042
0.822318
0.830784
0.839298
0.847666
0.855627
0.862891
0.869127
0.87405
0.877396
0.878978
0.87868
0.876373
0.871953
0.865347
0.856561
0.845756
0.83324
0.819549
0.805423
0.791702
0.77919
0.768564
0.760293
0.754654
0.751755
0.751611
0.754182
0.759327
0.766755
0.77598
0.78632
0.796988
0.807192
0.816267
0.823769
0.829474
0.833293
0.83525
0.83535
0.833571
0.829903
0.824448
0.817474
0.809474
0.801124
0.793218
0.786509
0.781568
0.778716
0.778043
0.779453
0.782694
0.787455
0.793319
0.799684
0.805789
0.810808
0.814026
0.815005
0.81369
0.810379
0.80562
0.80011
0.794583
0.789751
0.786239
0.784497
0.784752
0.786946
0.790699
0.79542
0.800489
0.805472
0.810266
0.815072
0.820222
0.825949
0.832164
0.838495
0.844398
0.849319
0.852825
0.85469
0.854939
0.853814
0.85168
0.848893
0.845728
0.842338
0.838797
0.8351
0.831171
0.826848
0.821956
0.816337
0.809935
0.802795
0.79502
0.78681
0.778403
0.770056
0.761993
0.754369
0.747238
0.740636
0.734641
0.729383
0.72501
0.721627
0.719269
0.717876
0.717291
0.717311
0.7178
0.718736
0.720226
0.722419
0.725392
0.729087
0.73332
0.737812
0.742303
0.74665
0.750968
0.755597
0.761087
0.768007
0.776702
0.787106
0.798681
0.810485
0.821425
0.830479
0.836895
0.840245
0.840435
0.837659
0.832248
0.824646
0.815377
0.805042
0.794297
0.783832
0.774339
0.766412
0.760489
0.756736
0.755065
0.755191
0.756738
0.759325
0.762614
0.766347
0.770316
0.774386
0.778546
0.782908
0.787629
0.79279
0.79832
0.80392
0.80908
0.813179
0.815607
0.81591
0.813887
0.809663
0.80368
0.796567
0.789029
0.781713
0.775142
0.769634
0.765299
0.762054
0.75967
0.757825
0.75613
0.754198
0.751715
0.748481
0.744474
0.739874
0.735044
0.730449
0.726578
0.72385
0.72249
0.722534
0.723874
0.72642
0.730125
0.734994
0.741036
0.748142
0.756048
0.764362
0.772604
0.780359
0.787347
0.79351
0.798992
0.80413
0.809339
0.815006
0.821368
0.828416
0.83586
0.843186
0.84974
0.854887
0.858179
0.859448
0.858822
0.856751
0.853934
0.851217
0.849426
0.849247
0.851085
0.854977
0.860611
0.86742
0.874768
0.882067
0.888864
0.894846
0.89971
0.903121
0.904688
0.903997
0.900727
0.894719
0.886121
0.875432
0.863523
0.851517
0.840625
0.831903
0.825973
0.822859
0.822134
0.823181
0.825464
0.828597
0.832326
0.836327
0.840082
0.843025
0.844769
0.845246
0.844728
0.843735
0.842906
0.842787
0.843744
0.845899
0.849101
0.852987
0.857116
0.861154
0.864913
0.868395
0.871751
0.875225
0.87905
0.883399
0.888303
0.893643
0.899087
0.904168
0.908332
0.911005
0.911628
0.909719
0.905018
0.897566
0.887704
0.876179
0.864025
0.852385
0.842317
0.834538
0.829337
0.826569
0.825752
0.826267
0.827502
0.828994
0.830467
0.831899
0.833459
0.835441
0.838208
0.842062
0.847148
0.853325
0.860061
0.866467
0.871443
0.873921
0.873108
0.868667
0.860917
0.850871
0.840126
0.830535
0.823704
0.820469
0.82066
0.823445
0.827913
0.833566
0.840349
0.848392
0.857636
0.867617
0.877479
0.886198
0.892863
0.896883
0.898034
0.896451
0.892521
0.886717
0.879462
0.87105
0.861579
0.851
0.83931
0.82682
0.814308
0.803052
0.794586
0.790284
0.790942
0.796527
0.806308
0.819092
0.833517
0.848162
0.861725
0.87311
0.881534
0.886607
0.888355
0.887174
0.883739
0.878841
0.873234
0.867489
0.861942
0.856715
0.851803
0.847237
0.843174
0.839954
0.837999
0.83768
0.839153
0.842283
0.846683
0.85189
0.857504
0.863252
0.869007
0.874755
0.880465
0.88605
0.891302
0.895925
0.899574
0.901916
0.902645
0.901477
0.898165
0.892563
0.884595
0.874276
0.861743
0.847263
0.831273
0.814471
0.797838
0.782683
0.770517
0.762811
0.760608
0.76416
0.772807
0.785139
0.799312
0.813508
0.82626
0.836644
0.844356
0.849659
0.853186
0.855675
0.85768
0.859393
0.860575
0.860748
0.859433
0.8563
0.851257
0.844395
0.835977
0.826376
0.816091
0.805777
0.796274
0.788642
0.784005
0.783326
0.787061
0.79488
0.805608
0.817505
0.828685
0.837594
0.8433
0.845528
0.844622
0.841361
0.836727
0.831695
0.827117
0.823642
0.821745
0.821745
0.823805
0.827964
0.834095
0.841858
0.850718
0.859971
0.868813
0.876449
0.882207
0.885663
0.886742
0.885699
0.883087
0.879675
0.876308
0.873633
0.871983
0.871221
0.870832
0.87015
0.86872
0.866602
0.864494
0.863615
0.865129
0.869522
0.876233
0.883826
0.890654
0.895426
0.89752
0.896955
0.89412
0.889481
0.883496
0.876512
0.868765
0.860445
0.851677
0.842568
0.833149
0.823412
0.813342
0.802944
0.792327
0.781775
0.77179
0.763069
0.756409
0.752617
0.752268
0.755652
0.762638
0.772714
0.785031
0.798585
0.812342
0.825349
0.836833
0.846229
0.853147
0.857358
0.858761
0.857347
0.853249
0.846815
0.838662
0.829714
0.821037
0.813597
0.808037
0.804607
0.803263
0.80386
0.806266
0.810332
0.815848
0.822436
0.829566
0.836578
0.842778
0.847508
0.850247
0.850679
0.848677
0.84433
0.837898
0.82977
0.820452
0.810537
0.800694
1.63278
1.60699
1.57484
1.53804
1.4982
1.45674
1.41509
1.37482
1.33775
1.30579
1.28076
1.26416
1.25693
1.25943
1.27139
1.29195
1.31961
1.35228
1.38726
1.42148
1.45177
1.47534
1.49004
1.49468
1.48914
1.47448
1.45295
1.42774
1.40233
1.37936
1.35965
1.34231
1.3257
1.3087
1.29129
1.27443
1.2596
1.24848
1.24282
1.24411
1.25321
1.26985
1.29255
1.31881
1.34561
1.37017
1.39049
1.40546
1.41468
1.41806
1.41563
1.40755
1.39432
1.37701
1.35727
1.33715
1.31873
1.30361
1.29252
1.28539
1.28174
1.28109
1.28329
1.28858
1.29734
1.30984
1.32607
1.3456
1.36751
1.39039
1.41221
1.43063
1.44323
1.44793
1.44355
1.43017
1.40939
1.38431
1.35914
1.33812
1.32394
1.31673
1.31469
1.31596
1.31981
1.32644
1.3357
1.34629
1.35574
1.3614
1.3615
1.35605
1.34703
1.33755
1.33015
1.32567
1.32342
1.32234
1.32209
1.32334
1.32744
1.33599
1.35023
1.37038
1.39503
1.42121
1.44504
1.46289
1.47208
1.4713
1.4609
1.44282
1.42028
1.39683
1.37525
1.35716
1.34327
1.33391
1.32923
1.32909
1.33299
1.33992
1.34845
1.35689
1.36355
1.36701
1.36624
1.36065
1.35018
1.33561
1.31914
1.30462
1.29661
1.29801
1.30826
1.32425
1.34259
1.361
1.37821
1.39328
1.40518
1.41275
1.41517
1.41238
1.40534
1.39602
1.38698
1.38072
1.37892
1.38204
1.38941
1.39951
1.41032
1.41983
1.42631
1.42857
1.42596
1.41833
1.40588
1.38908
1.36862
1.34532
1.32011
1.2941
1.26859
1.24516
1.22551
1.21113
1.2031
1.20188
1.20746
1.21954
1.23776
1.26164
1.29032
1.32217
1.35471
1.38495
1.40995
1.42726
1.43529
1.43345
1.42227
1.40346
1.3798
1.35454
1.33066
1.31024
1.29416
1.28246
1.275
1.27194
1.27386
1.28124
1.29407
1.31154
1.33236
1.35518
1.37875
1.40169
1.42266
1.44027
1.45355
1.46206
1.46601
1.46602
1.46284
1.457
1.44856
1.43723
1.42291
1.4065
1.39026
1.37739
1.37084
1.37235
1.38207
1.3987
1.4198
1.44216
1.46238
1.47756
1.48577
1.48627
1.47935
1.46608
1.44816
1.42754
1.40625
1.38599
1.36792
1.35259
1.34007
1.33023
1.32292
1.31809
1.31562
1.31516
1.31604
1.31736
1.31839
1.31883
1.31892
1.31918
1.32008
1.32192
1.32489
1.32904
1.3341
1.33948
1.34455
1.34932
1.35472
1.36203
1.37171
1.38244
1.39149
1.39591
1.39375
1.38461
1.36957
1.35076
1.3309
1.31287
1.2994
1.29262
1.29364
1.30205
1.3159
1.33222
1.34777
1.35953
1.36519
1.3634
1.35407
1.33845
1.31885
1.29819
1.27936
1.26459
1.25504
1.2506
1.25014
1.25184
1.25382
1.25464
1.25365
1.25127
1.24901
1.24915
1.25402
1.26524
1.28314
1.30665
1.33386
1.36257
1.3909
1.41744
1.44121
1.46153
1.4778
1.48941
1.49572
1.49628
1.49094
1.48009
1.46479
1.44681
1.42843
1.41212
1.39966
1.39137
1.38575
1.38027
1.37284
1.36287
1.35093
1.33776
1.32335
1.30707
1.28866
1.26933
1.25214
1.24102
1.23889
1.2459
1.25926
1.27463
1.28785
1.29602
1.2979
1.29381
1.28529
1.27465
1.26435
1.25622
1.25097
1.24796
1.24582
1.24325
1.23993
1.23658
1.23476
1.23618
1.24208
1.25277
1.26756
1.28482
1.30233
1.31769
1.32907
1.33574
1.33854
1.33973
1.34212
1.34773
1.35682
1.36773
1.37807
1.3861
1.3913
1.39395
1.39445
1.39275
1.38861
1.38186
1.37284
1.36238
1.35167
1.34193
1.33411
1.32867
1.32568
1.3253
1.32798
1.33357
1.34063
1.3471
1.35197
1.35624
1.3618
1.36972
1.37941
1.38915
1.39697
1.40152
1.40222
1.39913
1.39271
1.38378
1.37365
1.36408
1.35665
1.35235
1.35165
1.3547
1.36117
1.3699
1.37925
1.38768
1.39396
1.39728
1.39725
1.39399
1.38808
1.38037
1.37174
1.36303
1.35488
1.34745
1.34031
1.33289
1.32495
1.31677
1.30901
1.30259
1.29875
1.29891
1.30435
1.3157
1.33255
1.3535
1.37652
1.39941
1.42011
1.43675
1.44764
1.45124
1.44622
1.43187
1.40835
1.37698
1.34021
1.30123
1.26334
1.22937
1.20151
1.18166
1.17178
1.17374
1.18818
1.21341
1.24541
1.27916
1.31017
1.33522
1.35248
1.36116
1.36112
1.35272
1.33679
1.31474
1.28867
1.26129
1.23552
1.21386
1.19799
1.18862
1.18571
1.18862
1.19625
1.2073
1.22063
1.23582
1.25319
1.27327
1.29587
1.31978
1.34329
1.36507
1.38457
1.40178
1.4166
1.42874
1.43802
1.44476
1.4497
1.45363
1.45696
1.45948
1.46065
1.45989
1.45669
1.45052
1.44065
1.42663
1.40918
1.39087
1.37538
1.36569
1.36264
1.36504
1.37098
1.37882
1.3876
1.3971
1.40795
1.42135
1.43852
1.45964
1.48316
1.50587
1.52385
1.53356
1.53267
1.52041
1.49778
1.4674
1.4332
1.39983
1.37153
1.35084
1.3378
1.33018
1.32463
1.3179
1.30769
1.29289
1.27371
1.25165
1.2294
1.21052
1.19851
1.1958
1.20315
1.21977
1.2434
1.27072
1.29803
1.322
1.34026
1.35167
1.35635
1.35549
1.35088
1.34438
1.3375
1.33143
1.32702
1.32481
1.32496
1.32723
1.33095
1.33523
1.3392
1.34244
1.34499
1.34735
1.35008
1.35347
1.35741
1.36174
1.36667
1.37266
1.37991
1.38787
1.3952
1.40038
1.40231
1.40058
1.39541
1.38744
1.37758
1.36702
1.35717
1.3495
1.34539
1.34573
1.35066
1.35962
1.37145
1.38461
1.39727
1.40757
1.41393
1.41542
1.41189
1.40413
1.39387
1.38355
1.37523
1.36936
1.36478
1.35989
1.3537
1.34597
1.33667
1.3256
1.31301
1.30046
1.29107
1.28843
1.29476
1.30954
1.32994
1.35209
1.37238
1.38809
1.39763
1.40068
1.39822
1.39246
1.38635
1.38287
1.38397
1.38978
1.39871
1.40821
1.41588
1.42025
1.42101
1.41879
1.41511
1.41218
1.41245
1.41758
1.42781
1.44207
1.4587
1.47593
1.49191
1.50475
1.51269
1.51434
1.50895
1.49653
1.47779
1.45403
1.42701
1.39868
1.37102
1.34577
1.32426
1.30733
1.29519
1.28743
1.28319
1.28139
1.28096
1.28105
1.281
1.28041
1.27906
1.27715
1.27569
1.27676
1.28281
1.29484
1.31127
1.32848
1.34286
1.35218
1.35608
1.35554
1.35211
1.34699
1.34056
1.33264
1.32362
1.31539
1.31122
1.31458
1.32753
1.3498
1.37901
1.41173
1.44449
1.4745
1.49982
1.51941
1.53294
1.54047
1.54216
1.53812
1.52837
1.51314
1.49307
1.46948
1.44437
1.42013
1.39906
1.38267
1.37133
1.36427
1.36
1.35687
1.35352
1.34918
1.34375
1.33778
1.33268
1.33046
1.33305
1.34146
1.35537
1.37334
1.3934
1.41365
1.43251
1.44883
1.46185
1.47107
1.4763
1.47756
1.47494
1.46844
1.45786
1.44306
1.42472
1.40521
1.38896
1.38085
1.38316
1.39405
1.40905
1.42359
1.43437
1.43936
1.43758
1.42892
1.41414
1.39487
1.37327
1.35167
1.33201
1.31546
1.30239
1.29247
1.28487
1.27886
1.27442
1.27274
1.27592
1.28592
1.30324
1.32622
1.35161
1.37571
1.3954
1.4087
1.41484
1.4142
1.40812
1.39849
1.38742
1.37684
1.36827
1.36271
1.36049
1.36113
1.36326
1.36482
1.36338
1.35666
1.34323
1.32321
1.29894
1.27474
1.25544
1.24405
1.24076
1.24401
1.25228
1.26468
1.28036
1.29786
1.31509
1.32983
1.34048
1.34649
1.34852
1.34821
1.34763
1.34857
1.35165
1.3559
1.35913
1.35881
1.35326
1.34225
1.32697
1.30968
1.29285
1.27844
1.26731
1.25919
1.25313
1.24812
1.24362
1.23949
1.2358
1.23271
1.23054
1.22982
1.23127
1.23556
1.24301
1.2532
1.26477
1.2756
1.28333
1.28595
1.28259
1.27386
1.26211
1.25096
1.24436
1.24522
1.25435
1.27025
1.28995
1.31019
1.3284
1.3429
1.35286
1.35805
1.35873
1.35568
1.35012
1.34342
1.33671
1.33052
1.32485
1.31943
1.31458
1.31184
1.31358
1.32127
1.33352
1.34629
1.355
1.35678
1.35124
1.34013
1.32647
1.31364
1.3045
1.30084
1.30338
1.31207
1.3264
1.34551
1.36806
1.39213
1.41525
1.43466
1.44804
1.45403
1.45264
1.44511
1.43321
1.41852
1.4019
1.38383
1.36482
1.34574
1.32783
1.31238
1.30042
1.2925
1.28867
1.28871
1.29237
1.29926
1.30869
1.31954
1.33058
1.34087
1.34987
1.35715
1.3618
1.36228
1.35666
1.34337
1.32228
1.29556
1.2679
1.24541
1.23297
1.23205
1.24089
1.25651
1.27629
1.29828
1.32069
1.34165
1.35942
1.37275
1.38123
1.38525
1.38594
1.38475
1.383
1.3814
1.37991
1.37802
1.37514
1.37117
1.36651
1.36209
1.359
1.35816
1.3601
1.36478
1.3716
1.37946
1.38695
1.39244
1.39426
1.3909
1.38153
1.36645
1.34763
1.32881
1.31465
1.30906
1.31339
1.32594
1.34316
1.36142
1.37803
1.3915
1.40105
1.40613
1.40633
1.40163
1.39254
1.38017
1.36578
1.35022
1.33374
1.31598
1.29609
1.27331
1.24803
1.22321
1.2049
1.19999
1.2119
1.23807
1.27206
1.30788
1.34208
1.3733
1.4011
1.42514
1.44481
1.45937
1.46795
1.46976
1.46448
1.45251
1.43525
1.4148
1.39365
1.37413
1.35785
1.34556
1.33692
1.33056
1.32431
1.31586
1.30364
1.28774
1.27048
1.25589
1.24799
1.24859
1.25635
1.26816
1.28136
1.29493
1.30909
1.32424
1.34009
1.35567
1.36972
1.38124
1.3898
1.39546
1.39842
1.39882
1.39657
1.39159
1.38402
1.37456
1.36445
1.35523
1.34829
1.34455
1.3443
1.34726
1.35292
1.36079
1.37041
1.38136
1.39304
1.40468
1.4153
1.42398
1.65417
1.65362
1.64856
1.63993
1.6288
1.61608
1.60236
1.58807
1.57378
1.5604
1.5493
1.54197
1.53934
1.54111
1.54521
1.54822
1.54631
1.53633
1.51673
1.48845
1.45545
1.42445
1.40263
1.39454
1.40082
1.41929
1.44658
1.47898
1.5127
1.54439
1.57129
1.59123
1.60226
1.60252
1.59073
1.56698
1.53353
1.49499
1.45739
1.42639
1.40521
1.3938
1.39016
1.39275
1.40186
1.41879
1.44335
1.4725
1.50135
1.52557
1.54284
1.55309
1.55768
1.55841
1.55655
1.55251
1.54601
1.53677
1.52526
1.513
1.50182
1.49282
1.48555
1.47832
1.46926
1.45743
1.44343
1.42909
1.41683
1.40883
1.40646
1.41
1.41885
1.43187
1.44755
1.46374
1.47741
1.48503
1.48363
1.47215
1.45227
1.42817
1.40516
1.38816
1.38064
1.38368
1.39493
1.40914
1.42038
1.42439
1.41963
1.4069
1.38846
1.36715
1.34567
1.32607
1.30961
1.29716
1.28936
1.286
1.28508
1.28331
1.27801
1.2689
1.25828
1.24982
1.24713
1.25275
1.26752
1.2904
1.31842
1.34726
1.3722
1.38915
1.39566
1.39141
1.37857
1.36131
1.34448
1.33195
1.32548
1.32493
1.3289
1.33563
1.34375
1.35309
1.36458
1.3794
1.39796
1.41953
1.44246
1.46493
1.48565
1.504
1.51983
1.5331
1.5436
1.55072
1.5535
1.55089
1.54218
1.52747
1.50826
1.48771
1.47052
1.46194
1.46601
1.4838
1.51287
1.54824
1.58402
1.61474
1.63604
1.64498
1.64061
1.62495
1.60401
1.58699
1.58131
1.58733
1.59917
1.61031
1.61684
1.61671
1.60855
1.59164
1.56638
1.53468
1.49988
1.46638
1.43857
1.41951
1.40981
1.40768
1.40987
1.41302
1.41465
1.41365
1.41053
1.40702
1.40528
1.40705
1.4129
1.42189
1.43193
1.44043
1.44516
1.44484
1.43936
1.42973
1.41781
1.40588
1.39637
1.3915
1.39297
1.40165
1.41725
1.43815
1.46164
1.4844
1.50324
1.51574
1.52097
1.51986
1.51485
1.50891
1.50404
1.50072
1.4982
1.49524
1.4906
1.48341
1.47347
1.46157
1.44931
1.43881
1.43203
1.43005
1.43261
1.43817
1.4445
1.44931
1.45085
1.44829
1.44192
1.43303
1.42339
1.41473
1.40838
1.40512
1.40523
1.40871
1.41526
1.42423
1.43453
1.44475
1.45342
1.45963
1.46331
1.46507
1.46579
1.46625
1.46714
1.46913
1.47288
1.47876
1.48638
1.4943
1.50033
1.50258
1.50053
1.49559
1.49086
1.48987
1.49488
1.50586
1.52094
1.53775
1.55454
1.57028
1.58399
1.59419
1.59882
1.59622
1.58602
1.5696
1.5497
1.52973
1.51272
1.50057
1.49366
1.49132
1.49249
1.49612
1.50108
1.50597
1.5094
1.5104
1.50883
1.50525
1.5006
1.49564
1.49072
1.48577
1.48067
1.4756
1.4713
1.46885
1.46923
1.473
1.48014
1.49008
1.50179
1.51387
1.52469
1.53282
1.53728
1.53795
1.53577
1.5327
1.53114
1.53305
1.53903
1.54804
1.55784
1.5661
1.57152
1.57437
1.5762
1.57897
1.58409
1.59156
1.59985
1.60614
1.607
1.59953
1.58258
1.55789
1.5302
1.50563
1.48876
1.48043
1.47791
1.47693
1.47404
1.46777
1.45889
1.44978
1.44288
1.43921
1.43812
1.43822
1.43856
1.43905
1.44021
1.44268
1.44705
1.45378
1.46311
1.47468
1.48713
1.49819
1.5055
1.50779
1.50552
1.50027
1.49358
1.48626
1.47863
1.47108
1.46388
1.45664
1.44837
1.43795
1.42493
1.40993
1.39463
1.38162
1.37401
1.37465
1.38505
1.40454
1.43023
1.45792
1.48327
1.50271
1.51394
1.51607
1.50954
1.4961
1.47857
1.46042
1.44471
1.433
1.42561
1.42316
1.42738
1.43978
1.45993
1.48531
1.5126
1.53895
1.56242
1.5819
1.59702
1.60801
1.61548
1.62018
1.62287
1.62424
1.62482
1.62495
1.62459
1.62329
1.62021
1.61433
1.60464
1.59049
1.57189
1.5499
1.5269
1.50638
1.49173
1.48469
1.48424
1.48736
1.49081
1.49269
1.49286
1.49258
1.4936
1.49698
1.50229
1.5074
1.50941
1.5059
1.49581
1.47957
1.45884
1.43622
1.4149
1.39809
1.38833
1.38694
1.39394
1.40823
1.428
1.45107
1.4751
1.49771
1.517
1.53178
1.54187
1.5478
1.5501
1.54905
1.5449
1.53849
1.53146
1.52581
1.52314
1.52406
1.52797
1.53343
1.53864
1.54179
1.54112
1.53489
1.52144
1.49979
1.47045
1.43599
1.40083
1.37019
1.3485
1.3383
1.34011
1.35287
1.3743
1.4011
1.42921
1.45448
1.47361
1.48472
1.48731
1.48186
1.46936
1.45125
1.42965
1.4078
1.39009
1.38117
1.38427
1.39966
1.42468
1.45506
1.48663
1.51642
1.54268
1.56454
1.58144
1.59288
1.59854
1.5983
1.59232
1.58103
1.56525
1.54623
1.52575
1.50592
1.4887
1.47535
1.4662
1.46063
1.45739
1.4551
1.45256
1.44889
1.44363
1.437
1.43033
1.42621
1.42781
1.43724
1.4542
1.47605
1.49911
1.52018
1.53742
1.55042
1.55973
1.56633
1.57127
1.57565
1.58056
1.58691
1.595
1.60411
1.61266
1.61868
1.62051
1.61736
1.60953
1.59823
1.58533
1.57302
1.56362
1.55919
1.56097
1.56865
1.58029
1.59288
1.6034
1.60953
1.61018
1.60546
1.59648
1.58474
1.57159
1.55774
1.54341
1.5287
1.51391
1.49934
1.48523
1.47148
1.45784
1.44441
1.43189
1.42158
1.41496
1.41322
1.41675
1.42494
1.4363
1.44875
1.46004
1.46817
1.4718
1.47065
1.4656
1.45845
1.45139
1.44621
1.44359
1.44291
1.4427
1.44143
1.43814
1.43288
1.4268
1.422
1.421
1.42587
1.43733
1.45442
1.47489
1.49622
1.51642
1.53435
1.54943
1.56152
1.57096
1.57855
1.58487
1.58927
1.5899
1.58518
1.57557
1.56397
1.55399
1.54763
1.5441
1.54071
1.53478
1.52521
1.51272
1.49913
1.48641
1.47624
1.47005
1.46901
1.47353
1.48276
1.49459
1.50655
1.51702
1.5256
1.53278
1.53925
1.54525
1.55026
1.55304
1.552
1.54575
1.53362
1.51577
1.49329
1.46822
1.44354
1.42296
1.4102
1.40827
1.41867
1.44087
1.47225
1.50844
1.5444
1.57577
1.59993
1.61611
1.62516
1.6288
1.62892
1.62702
1.62387
1.61948
1.61334
1.60476
1.59322
1.57854
1.56093
1.54102
1.51978
1.49851
1.47864
1.4618
1.44959
1.44333
1.44365
1.45016
1.46148
1.4756
1.49039
1.50404
1.51529
1.52339
1.52812
1.52963
1.52833
1.52447
1.51777
1.50732
1.49228
1.47319
1.45265
1.43462
1.42266
1.41825
1.42065
1.42795
1.43824
1.45
1.46194
1.47282
1.48171
1.48842
1.49368
1.49906
1.50652
1.51771
1.53317
1.55183
1.57125
1.58855
1.60124
1.6077
1.60719
1.5997
1.58574
1.56624
1.54269
1.51716
1.49216
1.47035
1.45398
1.44433
1.44144
1.4443
1.45145
1.46132
1.47215
1.48169
1.48725
1.48631
1.47761
1.46211
1.44318
1.42568
1.41401
1.4103
1.41399
1.42286
1.43426
1.44585
1.45594
1.46361
1.46868
1.47156
1.47289
1.47319
1.47266
1.47119
1.46845
1.46399
1.45737
1.44852
1.43828
1.4287
1.42251
1.42163
1.42607
1.43433
1.44447
1.45477
1.46394
1.47088
1.47463
1.47449
1.47007
1.46134
1.44869
1.433
1.41558
1.39828
1.38328
1.37289
1.36916
1.37343
1.38574
1.40448
1.42658
1.4485
1.46729
1.48134
1.49019
1.49381
1.49218
1.48539
1.4741
1.45974
1.44429
1.42973
1.41777
1.40951
1.40549
1.4059
1.41059
1.41909
1.43057
1.44385
1.45781
1.47181
1.48609
1.50167
1.51984
1.54127
1.56516
1.58892
1.60878
1.62082
1.62207
1.61114
1.58857
1.55663
1.51904
1.48031
1.44469
1.41533
1.39403
1.38179
1.37951
1.38814
1.40782
1.43698
1.47259
1.51095
1.54857
1.58264
1.61121
1.63317
1.64823
1.65663
1.65881
1.65512
1.64572
1.63065
1.61007
1.58456
1.55557
1.52554
1.49763
1.47507
1.46005
1.45319
1.45355
1.45943
1.469
1.48074
1.49333
1.50554
1.51627
1.52469
1.53025
1.53268
1.53205
1.52875
1.52351
1.51729
1.51105
1.50565
1.50198
1.50101
1.50369
1.51058
1.52136
1.53468
1.54852
1.56055
1.56873
1.5715
1.56799
1.5582
1.543
1.52413
1.50387
1.48479
1.46932
1.45931
1.45568
1.45835
1.46636
1.4783
1.49271
1.50822
1.52334
1.53661
1.5466
1.55215
1.55266
1.54819
1.53957
1.52816
1.51565
1.50382
1.49439
1.48879
1.4877
1.49066
1.49612
1.50189
1.50578
1.50612
1.50205
1.49363
1.48185
1.46825
1.45421
1.44056
1.42749
1.41524
1.40449
1.39626
1.39118
1.38888
1.38807
1.38725
1.38532
1.38184
1.37695
1.37114
1.36498
1.35917
1.35468
1.35277
1.35472
1.36121
1.37193
1.38546
1.39981
1.41335
1.42574
1.43818
1.45259
1.47005
1.48986
1.50986
1.52761
1.54129
1.54996
1.55341
1.55212
1.54727
1.54074
1.53482
1.53151
1.53179
1.53526
1.54048
1.5456
1.549
1.54976
1.54767
1.54323
1.53738
1.53123
1.52582
1.52181
1.51932
1.51776
1.51603
1.51316
1.50887
1.50385
1.49938
1.4968
1.4968
1.49899
1.50194
1.50361
1.50222
1.49724
1.49009
1.48392
1.48171
1.48408
1.48873
1.49236
1.49278
1.48957
1.4835
1.47565
1.46689
1.45784
1.44927
1.44227
1.43802
1.43714
1.43923
1.4431
1.4477
1.45282
1.45918
1.46826
1.48163
1.50021
1.52358
1.5499
1.57616
1.59909
1.61616
1.62595
1.62834
1.62418
1.61472
1.60116
1.58464
1.56639
1.54798
1.53129
1.51821
1.51012
1.50746
1.50961
1.51506
1.52198
1.52871
1.53408
1.53741
1.53834
1.53654
1.53152
1.52293
1.51092
1.49646
1.48103
1.46588
1.45149
1.43772
1.42453
1.63493
1.61786
1.60086
1.58505
1.57095
1.55876
1.549
1.54282
1.54206
1.5483
1.56146
1.57932
1.59871
1.61755
1.63562
1.65363
1.67164
1.68857
1.70303
1.71425
1.72246
1.72846
1.73309
1.73696
1.74036
1.7435
1.74644
1.74915
1.75155
1.75348
1.75467
1.7545
1.75216
1.74701
1.73902
1.72892
1.71783
1.70687
1.69676
1.68771
1.67967
1.67233
1.66563
1.66003
1.65655
1.65587
1.65734
1.65893
1.65843
1.65474
1.64821
1.64024
1.63271
1.62729
1.62483
1.62539
1.62896
1.63607
1.6475
1.66324
1.6815
1.69886
1.7116
1.71715
1.71496
1.70628
1.69352
1.67928
1.66565
1.6536
1.64275
1.63144
1.61714
1.5973
1.57044
1.53731
1.50145
1.46901
1.44687
1.43997
1.44907
1.47081
1.49997
1.53179
1.56296
1.59136
1.61545
1.63367
1.64457
1.64721
1.64165
1.62941
1.61365
1.59878
1.58939
1.58838
1.59561
1.60807
1.6214
1.63185
1.63743
1.63816
1.63536
1.6305
1.62426
1.61598
1.60407
1.58704
1.56456
1.53793
1.50979
1.48323
1.46137
1.44722
1.44355
1.45246
1.47408
1.5056
1.54177
1.57654
1.60493
1.62408
1.63321
1.63303
1.6252
1.61176
1.59499
1.57724
1.56112
1.5494
1.54468
1.54859
1.56094
1.57952
1.60082
1.62146
1.63937
1.6545
1.66861
1.68422
1.70302
1.72436
1.74521
1.76174
1.77124
1.77321
1.76926
1.76213
1.75479
1.74948
1.74717
1.74726
1.74782
1.74625
1.74008
1.72788
1.70973
1.68761
1.66519
1.64709
1.63751
1.63864
1.64964
1.66708
1.68634
1.70313
1.71427
1.71776
1.7127
1.69934
1.67936
1.65609
1.63387
1.61662
1.6062
1.60182
1.60117
1.60205
1.60317
1.60425
1.60559
1.60783
1.61157
1.6172
1.62481
1.63407
1.64422
1.65422
1.66314
1.67016
1.67457
1.67575
1.6737
1.66927
1.66386
1.65859
1.65368
1.64879
1.64383
1.63942
1.63669
1.6366
1.63921
1.64354
1.64777
1.64956
1.64649
1.63664
1.61904
1.59426
1.56478
1.53506
1.51081
1.49746
1.49861
1.51508
1.54515
1.58558
1.63247
1.6818
1.72974
1.77279
1.80789
1.83262
1.84544
1.84599
1.83528
1.8156
1.79022
1.76272
1.73624
1.71294
1.69374
1.67856
1.66675
1.65737
1.64939
1.64154
1.63256
1.62162
1.6089
1.59605
1.58594
1.58172
1.58547
1.59705
1.61404
1.63267
1.64918
1.66084
1.66647
1.66643
1.66233
1.65646
1.65095
1.64696
1.6444
1.64215
1.63877
1.63319
1.62497
1.61437
1.60232
1.59072
1.5826
1.58113
1.58791
1.60201
1.62095
1.64206
1.66312
1.68225
1.69795
1.70929
1.71605
1.71834
1.71611
1.70886
1.69608
1.67785
1.65518
1.63008
1.60517
1.58341
1.56753
1.55918
1.55788
1.56082
1.56429
1.56585
1.56524
1.56384
1.56307
1.56344
1.56439
1.56488
1.56412
1.5621
1.55965
1.55854
1.56169
1.57254
1.59294
1.62089
1.65071
1.6761
1.69291
1.69965
1.69636
1.68352
1.66154
1.63117
1.59432
1.55521
1.52069
1.4987
1.49456
1.50795
1.53327
1.56298
1.59047
1.61135
1.6234
1.62608
1.61976
1.60528
1.5835
1.55522
1.52142
1.48367
1.44452
1.40776
1.37796
1.35958
1.35586
1.36803
1.39502
1.43382
1.48044
1.53081
1.58135
1.62908
1.67144
1.706
1.73061
1.74359
1.74407
1.73221
1.70927
1.67756
1.64048
1.60246
1.56889
1.54502
1.5342
1.53623
1.54719
1.56129
1.57337
1.58052
1.5823
1.5803
1.5775
1.5773
1.58253
1.59429
1.61144
1.63087
1.64847
1.66044
1.6645
1.66061
1.65064
1.63742
1.62348
1.61013
1.59744
1.58466
1.57107
1.55655
1.54187
1.52851
1.51795
1.51071
1.50587
1.50179
1.4979
1.49608
1.50028
1.51415
1.5379
1.56716
1.59521
1.61603
1.6262
1.62534
1.61577
1.60191
1.58901
1.5815
1.58181
1.59006
1.60475
1.62358
1.64398
1.66321
1.6785
1.68736
1.6882
1.68097
1.66767
1.65218
1.63906
1.6314
1.62937
1.63049
1.63172
1.63158
1.63078
1.63151
1.63595
1.64495
1.65743
1.67101
1.68325
1.69262
1.69877
1.70211
1.70333
1.70309
1.70205
1.70078
1.69959
1.69844
1.69722
1.69577
1.69395
1.69155
1.68823
1.68398
1.67933
1.67548
1.67384
1.6753
1.67986
1.68657
1.69363
1.69868
1.6996
1.6959
1.68961
1.68445
1.68323
1.6859
1.69047
1.69545
1.70121
1.70925
1.72052
1.73441
1.7489
1.76147
1.77019
1.77439
1.77456
1.77176
1.76669
1.75915
1.7486
1.7356
1.72335
1.71748
1.72247
1.73739
1.75633
1.77292
1.78359
1.78783
1.78703
1.78298
1.77714
1.77019
1.76202
1.75204
1.73987
1.726
1.71209
1.70057
1.6939
1.69363
1.69994
1.71172
1.72693
1.74323
1.75824
1.76969
1.77565
1.77492
1.76749
1.75461
1.73846
1.72152
1.70597
1.69336
1.68438
1.67906
1.67711
1.67816
1.68184
1.68775
1.69514
1.7028
1.70906
1.71224
1.71102
1.70439
1.69172
1.67282
1.64861
1.62187
1.59741
1.58105
1.57789
1.59085
1.62018
1.66363
1.71676
1.77342
1.82692
1.8714
1.90302
1.92032
1.92399
1.91639
1.90091
1.88096
1.85919
1.83682
1.81382
1.7898
1.76526
1.74243
1.72451
1.7136
1.70889
1.70684
1.70308
1.69404
1.67826
1.6576
1.63751
1.62409
1.61926
1.61962
1.62065
1.6203
1.61908
1.61835
1.61904
1.62109
1.62369
1.62594
1.62731
1.6279
1.62807
1.62797
1.62718
1.62482
1.61982
1.61162
1.60041
1.5871
1.57283
1.55853
1.54468
1.5315
1.51915
1.50809
1.49917
1.49347
1.49201
1.49549
1.5042
1.51818
1.53748
1.5622
1.59216
1.62623
1.66211
1.69655
1.7262
1.74848
1.76223
1.76774
1.76635
1.75973
1.74918
1.73526
1.718
1.69757
1.67509
1.65287
1.63381
1.62015
1.61234
1.60918
1.60889
1.61019
1.6125
1.61564
1.61947
1.62373
1.62808
1.63213
1.63552
1.63812
1.64005
1.64174
1.64375
1.64646
1.65002
1.65428
1.65866
1.66195
1.66233
1.65796
1.64796
1.63363
1.61876
1.60859
1.60715
1.61496
1.62901
1.64478
1.65868
1.66926
1.67747
1.6858
1.69678
1.71132
1.72814
1.74494
1.75993
1.77223
1.78124
1.78617
1.78655
1.78277
1.77583
1.76656
1.75482
1.7396
1.71973
1.69451
1.66388
1.62854
1.59007
1.55131
1.51606
1.48801
1.4694
1.46046
1.45979
1.4652
1.47465
1.48684
1.5016
1.51959
1.54134
1.56613
1.59151
1.61413
1.6313
1.64231
1.64866
1.65311
1.65833
1.66578
1.67541
1.68622
1.69709
1.70743
1.71743
1.72779
1.73909
1.75092
1.7616
1.76879
1.7706
1.76629
1.75638
1.74209
1.72502
1.70682
1.68898
1.6729
1.65975
1.65009
1.64352
1.63846
1.63242
1.62272
1.60742
1.58626
1.56077
1.53399
1.50979
1.49226
1.48505
1.49077
1.51016
1.54126
1.57944
1.61902
1.65528
1.68524
1.70757
1.72216
1.72967
1.73119
1.72796
1.72108
1.71108
1.69763
1.67945
1.65505
1.62391
1.5879
1.55189
1.52286
1.50772
1.51098
1.53322
1.57106
1.61829
1.6678
1.71284
1.7481
1.77031
1.7786
1.77445
1.76123
1.7433
1.72488
1.70897
1.69695
1.68909
1.68555
1.687
1.69398
1.70608
1.72131
1.73647
1.74809
1.75324
1.75053
1.74071
1.72662
1.71222
1.7006
1.6923
1.68543
1.67739
1.66642
1.65207
1.6352
1.61793
1.60354
1.59573
1.59752
1.61016
1.63286
1.66318
1.69787
1.73362
1.7675
1.79722
1.82105
1.83758
1.84558
1.84403
1.83239
1.81124
1.7828
1.75093
1.72034
1.69535
1.67891
1.67218
1.67469
1.68471
1.69986
1.71736
1.73437
1.74799
1.75552
1.75482
1.74478
1.72574
1.69931
1.6683
1.63635
1.60728
1.584
1.5678
1.55865
1.55569
1.55735
1.56132
1.56495
1.56595
1.5633
1.55825
1.55474
1.55838
1.57315
1.59801
1.62724
1.65431
1.67521
1.68915
1.69735
1.7017
1.70406
1.70583
1.70773
1.70972
1.71104
1.71062
1.70762
1.70201
1.69498
1.6888
1.68631
1.68993
1.70064
1.71763
1.73862
1.76059
1.78024
1.79462
1.80146
1.79953
1.78864
1.76954
1.74372
1.7131
1.6799
1.64673
1.61661
1.59286
1.57839
1.57472
1.58116
1.59497
1.61258
1.63112
1.64939
1.6675
1.68583
1.70402
1.7209
1.73522
1.74624
1.75396
1.75894
1.7622
1.765
1.76827
1.77187
1.77413
1.77233
1.76406
1.7491
1.73027
1.71295
1.70301
1.70459
1.71882
1.74294
1.7701
1.79164
1.80166
1.79958
1.78902
1.77499
1.76182
1.75228
1.74754
1.74711
1.74922
1.75171
1.75311
1.75322
1.7529
1.75337
1.75508
1.75703
1.75732
1.75426
1.74739
1.73769
1.72717
1.71784
1.71095
1.70656
1.70373
1.70114
1.69768
1.69276
1.68614
1.67775
1.66762
1.656
1.64331
1.63001
1.61633
1.6021
1.58693
1.5706
1.55346
1.53705
1.5241
1.51787
1.52044
1.5314
1.54801
1.56695
1.586
1.60416
1.62064
1.63415
1.64301
1.64581
1.64183
1.6315
1.61662
1.60029
1.58625
1.57733
1.57426
1.57544
1.57803
1.57932
1.57768
1.57293
1.56625
1.55977
1.55597
1.55714
1.56473
1.57861
1.59696
1.61698
1.63568
1.65026
1.65814
1.65727
1.64679
1.62776
1.60338
1.57814
1.55641
1.54131
1.53432
1.53555
1.54393
1.55741
1.57317
1.58827
1.60046
1.60859
1.61269
1.61366
1.61297
1.61193
1.61131
1.61125
1.61155
1.61211
1.61316
1.6153
1.61927
1.62547
1.6335
1.64192
1.64847
1.65066
1.64664
1.63593
1.61983
1.60129
1.58397
1.57042
1.56092
1.55402
1.54885
1.54647
1.54917
1.55826
1.6487
1.64411
1.63592
1.62361
1.60652
1.58379
1.55435
1.51701
1.47064
1.41428
1.34747
1.27071
1.18587
1.09638
1.00714
0.92384
0.851855
0.795198
0.755923
0.734007
0.727766
0.734421
0.750696
0.773268
0.799137
0.825814
0.851374
0.874487
0.894375
0.910721
0.923508
0.932914
0.939111
0.942183
0.942108
0.938849
0.932474
0.923259
0.911787
0.898948
0.885823
0.873611
0.86357
0.856845
0.854294
0.856211
0.862147
0.870995
0.881315
0.891695
0.900962
0.908293
0.913168
0.915383
0.915029
0.912527
0.908568
0.90405
0.89991
0.896933
0.89564
0.89618
0.89836
0.901745
0.905792
0.909952
0.913743
0.916768
0.918707
0.919301
0.918328
0.915631
0.911125
0.904876
0.897208
0.888729
0.880332
0.872945
0.86723
0.863365
0.861004
0.859541
0.858431
0.857317
0.855975
0.854185
0.851652
0.848125
0.843626
0.838559
0.833653
0.829767
0.827644
0.827727
0.830085
0.834435
0.840242
0.846855
0.853569
0.85969
0.864581
0.86765
0.868452
0.866757
0.862667
0.856625
0.849374
0.841807
0.834812
0.829082
0.825027
0.822749
0.822137
0.822992
0.82509
0.828245
0.8323
0.837101
0.842428
0.847876
0.85283
0.856534
0.858328
0.85799
0.856006
0.853569
0.852355
0.853957
0.859344
0.868532
0.880566
0.893877
0.906715
0.917622
0.92571
0.930758
0.933117
0.933524
0.932828
0.931788
0.930876
0.930203
0.92957
0.928622
0.926931
0.92411
0.919939
0.914447
0.907923
0.900921
0.894118
0.888236
0.883758
0.88083
0.879202
0.878333
0.877659
0.876812
0.875751
0.874749
0.874266
0.874848
0.87694
0.880779
0.886301
0.893082
0.90039
0.907274
0.912703
0.915739
0.915678
0.91221
0.905597
0.896692
0.886809
0.877324
0.869257
0.862949
0.858094
0.85406
0.850345
0.846899
0.844194
0.843034
0.844222
0.848216
0.854817
0.863177
0.872004
0.879966
0.886001
0.889523
0.890451
0.889102
0.886055
0.881915
0.877219
0.872272
0.867226
0.862229
0.857486
0.853384
0.850511
0.849518
0.851022
0.855442
0.862844
0.872863
0.884728
0.897387
0.909679
0.920487
0.928904
0.934306
0.93634
0.934917
0.930216
0.922653
0.912884
0.901808
0.890421
0.879716
0.87054
0.863406
0.858452
0.855462
0.853966
0.853441
0.853448
0.853756
0.854322
0.855247
0.856703
0.858804
0.861539
0.864693
0.867904
0.870714
0.872687
0.873524
0.87311
0.871543
0.869135
0.866377
0.863813
0.861957
0.861185
0.861658
0.863288
0.86576
0.868587
0.871186
0.873051
0.873836
0.873418
0.871908
0.869588
0.866794
0.863819
0.860816
0.857846
0.854896
0.851962
0.849077
0.846308
0.843719
0.841354
0.839221
0.837347
0.835791
0.834707
0.834323
0.834918
0.836758
0.839946
0.844388
0.84977
0.855585
0.861295
0.866454
0.870802
0.87429
0.876995
0.879045
0.880569
0.881634
0.882305
0.882779
0.883432
0.884837
0.887545
0.89178
0.897259
0.903241
0.908808
0.913077
0.915346
0.915149
0.912114
0.905978
0.896634
0.884232
0.869373
0.853251
0.837636
0.824593
0.815998
0.812922
0.815297
0.821908
0.830819
0.839925
0.847395
0.85189
0.852703
0.849757
0.843536
0.834963
0.825262
0.815738
0.807536
0.801505
0.798085
0.797324
0.798954
0.802527
0.807475
0.813165
0.81899
0.824406
0.82904
0.8327
0.835382
0.837229
0.838449
0.839238
0.839697
0.839669
0.838713
0.836214
0.831622
0.82475
0.815912
0.805934
0.795977
0.787314
0.781043
0.77792
0.778236
0.781793
0.787961
0.795828
0.804356
0.812512
0.819442
0.824517
0.827407
0.828107
0.826964
0.824644
0.821991
0.819865
0.818989
0.819855
0.822719
0.827706
0.834814
0.843872
0.854577
0.866458
0.878892
0.891169
0.902555
0.912404
0.920224
0.925679
0.928613
0.928994
0.926927
0.922674
0.916682
0.909531
0.901893
0.894416
0.887542
0.881432
0.875935
0.870673
0.865229
0.859359
0.853092
0.84669
0.8405
0.834801
0.829643
0.824845
0.820099
0.815151
0.809994
0.804896
0.800432
0.797325
0.796214
0.797426
0.800885
0.806216
0.812953
0.820739
0.829405
0.839013
0.849709
0.861605
0.874674
0.888667
0.903128
0.917346
0.930489
0.941734
0.950383
0.956012
0.958564
0.958301
0.955699
0.951252
0.945294
0.93787
0.928756
0.917571
0.903954
0.887736
0.869167
0.849051
0.828774
0.810189
0.795267
0.78569
0.78238
0.785248
0.793271
0.804852
0.818261
0.831976
0.844855
0.856118
0.865229
0.871844
0.875853
0.877406
0.876936
0.875128
0.87277
0.870565
0.868906
0.867865
0.867189
0.866439
0.865159
0.863053
0.859995
0.856056
0.851413
0.846211
0.840502
0.83421
0.827223
0.819528
0.811315
0.803004
0.795248
0.788819
0.78446
0.782655
0.783528
0.786839
0.79207
0.798643
0.806077
0.814042
0.822318
0.830784
0.839298
0.847666
0.855627
0.862891
0.869127
0.87405
0.877396
0.878978
0.87868
0.876373
0.871953
0.865347
0.856561
0.845756
0.83324
0.819549
0.805423
0.791702
0.77919
0.768564
0.760293
0.754654
0.751755
0.751611
0.754182
0.759327
0.766755
0.77598
0.78632
0.796988
0.807192
0.816267
0.823769
0.829474
0.833293
0.83525
0.83535
0.833571
0.829903
0.824448
0.817474
0.809474
0.801124
0.793218
0.786509
0.781568
0.778716
0.778043
0.779453
0.782694
0.787455
0.793319
0.799684
0.805789
0.810808
0.814026
0.815005
0.81369
0.810379
0.80562
0.80011
0.794583
0.789751
0.786239
0.784497
0.784752
0.786946
0.790699
0.79542
0.800489
0.805472
0.810266
0.815072
0.820222
0.825949
0.832164
0.838495
0.844398
0.849319
0.852825
0.85469
0.854939
0.853814
0.85168
0.848893
0.845728
0.842338
0.838797
0.8351
0.831171
0.826848
0.821956
0.816337
0.809935
0.802795
0.79502
0.78681
0.778403
0.770056
0.761993
0.754369
0.747238
0.740636
0.734641
0.729383
0.72501
0.721627
0.719269
0.717876
0.717291
0.717311
0.7178
0.718736
0.720226
0.722419
0.725392
0.729087
0.73332
0.737812
0.742303
0.74665
0.750968
0.755597
0.761087
0.768007
0.776702
0.787106
0.798681
0.810485
0.821425
0.830479
0.836895
0.840245
0.840435
0.837659
0.832248
0.824646
0.815377
0.805042
0.794297
0.783832
0.774339
0.766412
0.760489
0.756736
0.755065
0.755191
0.756738
0.759325
0.762614
0.766347
0.770316
0.774386
0.778546
0.782908
0.787629
0.79279
0.79832
0.80392
0.80908
0.813179
0.815607
0.81591
0.813887
0.809663
0.80368
0.796567
0.789029
0.781713
0.775142
0.769634
0.765299
0.762054
0.75967
0.757825
0.75613
0.754198
0.751715
0.748481
0.744474
0.739874
0.735044
0.730449
0.726578
0.72385
0.72249
0.722534
0.723874
0.72642
0.730125
0.734994
0.741036
0.748142
0.756048
0.764362
0.772604
0.780359
0.787347
0.79351
0.798992
0.80413
0.809339
0.815006
0.821368
0.828416
0.83586
0.843186
0.84974
0.854887
0.858179
0.859448
0.858822
0.856751
0.853934
0.851217
0.849426
0.849247
0.851085
0.854977
0.860611
0.86742
0.874768
0.882067
0.888864
0.894846
0.89971
0.903121
0.904688
0.903997
0.900727
0.894719
0.886121
0.875432
0.863523
0.851517
0.840625
0.831903
0.825973
0.822859
0.822134
0.823181
0.825464
0.828597
0.832326
0.836327
0.840082
0.843025
0.844769
0.845246
0.844728
0.843735
0.842906
0.842787
0.843744
0.845899
0.849101
0.852987
0.857116
0.861154
0.864913
0.868395
0.871751
0.875225
0.87905
0.883399
0.888303
0.893643
0.899087
0.904168
0.908332
0.911005
0.911628
0.909719
0.905018
0.897566
0.887704
0.876179
0.864025
0.852385
0.842317
0.834538
0.829337
0.826569
0.825752
0.826267
0.827502
0.828994
0.830467
0.831899
0.833459
0.835441
0.838208
0.842062
0.847148
0.853325
0.860061
0.866467
0.871443
0.873921
0.873108
0.868667
0.860917
0.850871
0.840126
0.830535
0.823704
0.820469
0.82066
0.823445
0.827913
0.833566
0.840349
0.848392
0.857636
0.867617
0.877479
0.886198
0.892863
0.896883
0.898034
0.896451
0.892521
0.886717
0.879462
0.87105
0.861579
0.851
0.83931
0.82682
0.814308
0.803052
0.794586
0.790284
0.790942
0.796527
0.806308
0.819092
0.833517
0.848162
0.861725
0.87311
0.881534
0.886607
0.888355
0.887174
0.883739
0.878841
0.873234
0.867489
0.861942
0.856715
0.851803
0.847237
0.843174
0.839954
0.837999
0.83768
0.839153
0.842283
0.846683
0.85189
0.857504
0.863252
0.869007
0.874755
0.880465
0.88605
0.891302
0.895925
0.899574
0.901916
0.902645
0.901477
0.898165
0.892563
0.884595
0.874276
0.861743
0.847263
0.831273
0.814471
0.797838
0.782683
0.770517
0.762811
0.760608
0.76416
0.772807
0.785139
0.799312
0.813508
0.82626
0.836644
0.844356
0.849659
0.853186
0.855675
0.85768
0.859393
0.860575
0.860748
0.859433
0.8563
0.851257
0.844395
0.835977
0.826376
0.816091
0.805777
0.796274
0.788642
0.784005
0.783326
0.787061
0.79488
0.805608
0.817505
0.828685
0.837594
0.8433
0.845528
0.844622
0.841361
0.836727
0.831695
0.827117
0.823642
0.821745
0.821745
0.823805
0.827964
0.834095
0.841858
0.850718
0.859971
0.868813
0.876449
0.882207
0.885663
0.886742
0.885699
0.883087
0.879675
0.876308
0.873633
0.871983
0.871221
0.870832
0.87015
0.86872
0.866602
0.864494
0.863615
0.865129
0.869522
0.876233
0.883826
0.890654
0.895426
0.89752
0.896955
0.89412
0.889481
0.883496
0.876512
0.868765
0.860445
0.851677
0.842568
0.833149
0.823412
0.813342
0.802944
0.792327
0.781775
0.77179
0.763069
0.756409
0.752617
0.752268
0.755652
0.762638
0.772714
0.785031
0.798585
0.812342
0.825349
0.836833
0.846229
0.853147
0.857358
0.858761
0.857347
0.853249
0.846815
0.838662
0.829714
0.821037
0.813597
0.808037
0.804607
0.803263
0.80386
0.806266
0.810332
0.815848
0.822436
0.829566
0.836578
0.842778
0.847508
0.850247
0.850679
0.848677
0.84433
0.837898
0.82977
0.820452
0.810537
0.800694
