0.0599677
0.0599679
0.0599684
0.0599692
0.0599701
0.0599712
0.0599726
0.0599741
0.0599759
0.0599779
0.0599801
0.0599826
0.0599853
0.0599882
0.0599913
0.0599947
0.0599984
0.0600023
0.0600064
0.0600109
0.0600156
0.0600206
0.0600259
0.0600315
0.0600375
0.0600437
0.0600502
0.0600571
0.0600643
0.0600718
0.0600797
0.0600879
0.0600966
0.0601056
0.060115
0.0601248
0.060135
0.0601457
0.0601569
0.0601685
0.0601805
0.0601931
0.0602062
0.0602199
0.0602341
0.0602489
0.0602643
0.0602803
0.060297
0.0603144
0.0603324
0.0603513
0.0603708
0.0603912
0.0604124
0.0604345
0.0604574
0.0604813
0.0605062
0.0605321
0.0605591
0.0605871
0.0606163
0.0606468
0.0606784
0.0607114
0.0607457
0.0607815
0.0608187
0.0608574
0.0608977
0.0609397
0.0609834
0.061029
0.0610764
0.0611257
0.0611771
0.0612305
0.0612862
0.0613441
0.0614044
0.0614671
0.0615323
0.0616002
0.0616708
0.0617441
0.0618204
0.0618996
0.0619819
0.0620674
0.0621559
0.0622478
0.0623428
0.0624411
0.0625425
0.062647
0.0627544
0.0628644
0.0629767
0.0630907
0.0632059
0.0633215
0.0634366
0.0635499
0.0636603
0.0637664
0.0638669
0.0639606
0.0640464
0.0641238
0.0641925
0.0642528
0.0643045
0.0643474
0.0643795
0.0643977
0.0643966
0.0643702
0.0643126
0.0642209
0.0640974
0.0639528
0.0638068
0.0636872
0.0636238
0.0636402
0.0637461
0.0639338
0.0641812
0.0644578
0.0647323
0.0649788
0.0651813
0.0653365
0.0654518
0.0655392
0.0656071
0.0656549
0.065673
0.0656491
0.0655761
0.065458
0.0653105
0.0651571
0.0650229
0.0649285
0.0648874
0.0649056
0.0649839
0.0651187
0.0653023
0.0655236
0.0657698
0.0660284
0.0662884
0.0665402
0.0667746
0.0669835
0.0671596
0.0672979
0.0673955
0.0674519
0.0674684
0.0674478
0.0673945
0.0673139
0.0672126
0.067098
0.0669776
0.0668582
0.066745
0.0666422
0.066554
0.0664865
0.0664484
0.0664496
0.0664972
0.0665913
0.0667225
0.0668741
0.0670266
0.0671631
0.0672719
0.0673475
0.0673896
0.0674013
0.0673882
0.067357
0.0673153
0.0672706
0.0672304
0.0672012
0.0671885
0.0671958
0.0672246
0.0672742
0.0673415
0.0674221
0.0675104
0.067601
0.0676886
0.0677691
0.0678393
0.0678973
0.067942
0.0679729
0.0679902
0.0679939
0.0679841
0.0679601
0.067921
0.0678652
0.0677913
0.0676987
0.0675892
0.0674679
0.0673444
0.0672317
0.0671447
0.0670957
0.0670917
0.0671313
0.0672051
0.0672979
0.0673916
0.0674688
0.067515
0.0675221
0.0674912
0.0674349
0.0673777
0.0673501
0.0673783
0.0674723
0.0676211
0.067798
0.0679715
0.0681151
0.0682125
0.0682569
0.0682502
0.0682015
0.0681268
0.068048
0.0679892
0.0679709
0.0680017
0.0680752
0.0681715
0.0682647
0.0683311
0.0683548
0.0683306
0.0682642
0.0681709
0.0680724
0.0679908
0.0679431
0.0679367
0.0679693
0.0680327
0.0681172
0.0682143
0.0683173
0.0684202
0.0685177
0.0686053
0.0686799
0.0687405
0.068788
0.0688252
0.0688555
0.0688822
0.0689071
0.0689303
0.0689495
0.0689605
0.0689574
0.0689344
0.0688866
0.0688117
0.0687109
0.0685904
0.0684609
0.0683372
0.0682365
0.0681743
0.0681615
0.0682008
0.0682863
0.0684057
0.0685438
0.0686866
0.0688234
0.0689482
0.0690582
0.0691535
0.0692356
0.0693066
0.0693687
0.0694242
0.0694751
0.069523
0.0695693
0.0696151
0.0696608
0.0697061
0.0697497
0.0697891
0.0698206
0.0698393
0.069839
0.0698133
0.0697563
0.0696644
0.0695387
0.0693872
0.0692252
0.0690739
0.0689556
0.0688879
0.0688818
0.0689408
0.0690625
0.0692376
0.0694483
0.06967
0.0698753
0.0700398
0.070145
0.0701794
0.0701371
0.0700163
0.0698191
0.0695525
0.0692302
0.0688737
0.0685116
0.0681765
0.0679012
0.067715
0.0676396
0.0676835
0.0678375
0.0680749
0.0683595
0.0686564
0.0689391
0.0691909
0.0694037
0.0695746
0.0697044
0.0697955
0.0698519
0.0698776
0.0698771
0.069855
0.0698159
0.0697644
0.0697055
0.0696442
0.0695856
0.0695345
0.069495
0.0694698
0.0694602
0.0694656
0.0694842
0.0695134
0.0695501
0.0695913
0.0696348
0.0696788
0.0697223
0.0697649
0.0698064
0.0698469
0.0698867
0.0699259
0.0699646
0.0700026
0.0700396
0.070075
0.0701076
0.0701359
0.0701576
0.0701691
0.0701658
0.070141
0.0700858
0.0699883
0.0698344
0.0696094
0.0693033
0.0689218
0.0685007
0.068115
0.0678627
0.0678173
0.0679794
0.0682767
0.0686113
0.0689072
0.0691259
0.0692582
0.0693097
0.0692919
0.0692188
0.069107
0.0689775
0.0688559
0.0687691
0.0687391
0.0687757
0.0688739
0.069016
0.0691783
0.0693388
0.0694805
0.0695936
0.0696737
0.0697203
0.0697351
0.0697201
0.0696765
0.0696037
0.0694982
0.0693534
0.0691612
0.0689144
0.0686126
0.0682702
0.0679233
0.0676306
0.0674603
0.0674616
0.0676383
0.0679436
0.0683043
0.068651
0.0689382
0.0691456
0.0692714
0.0693231
0.069312
0.0692501
0.0691491
0.0690218
0.068883
0.0687499
0.0686412
0.0685733
0.068556
0.0685892
0.0686628
0.0687608
0.0688666
0.0689663
0.0690513
0.0691171
0.0691626
0.0691881
0.0691942
0.0691812
0.0691484
0.0690945
0.0690173
0.0689143
0.0687833
0.0686234
0.0684363
0.0682284
0.0680117
0.067804
0.0676253
0.0674926
0.067413
0.0673809
0.0673805
0.0673918
0.0673975
0.0673869
0.0673575
0.0673135
0.0672631
0.0672158
0.067179
0.0671566
0.0671488
0.0671539
0.0671713
0.0672033
0.0672552
0.0673327
0.0674385
0.0675689
0.0677141
0.0678602
0.0679932
0.0681017
0.0681781
0.0682191
0.068224
0.0681944
0.0681331
0.0680438
0.0679319
0.0678043
0.0676703
0.0675408
0.0674275
0.0673406
0.0672863
0.0672654
0.0672734
0.0673017
0.0673406
0.067381
0.0674161
0.067442
0.0674568
0.0674604
0.0674537
0.0674381
0.0674152
0.0673868
0.0673542
0.0673186
0.067281
0.0672422
0.0672025
0.0671623
0.0671223
0.0670832
0.0670466
0.0670145
0.0669897
0.0669747
0.0669715
0.0669808
0.0670012
0.0670298
0.0670625
0.067095
0.0671242
0.0671484
0.067168
0.0671851
0.0672027
0.067223
0.0672472
0.0672739
0.0672994
0.0673185
0.0673251
0.0673137
0.0672808
0.0672253
0.06715
0.0670613
0.0669692
0.0668854
0.066821
0.0667835
0.0667751
0.0667927
0.0668295
0.0668784
0.0669346
0.0669965
0.0670656
0.067145
0.0672374
0.067343
0.067459
0.0675799
0.0676988
0.067809
0.0679056
0.0679859
0.0680498
0.0680992
0.0681373
0.0681679
0.0681946
0.0682198
0.0682446
0.0682686
0.0682901
0.0683064
0.0683144
0.0683111
0.0682929
0.0682555
0.0681924
0.068093
0.0679426
0.0677237
0.0674248
0.0670582
0.0666811
0.0663998
0.0663283
0.066512
0.0668904
0.0673406
0.0677521
0.0680651
0.0682642
0.0683592
0.0683694
0.0683173
0.0682266
0.0681207
0.068021
0.0679417
0.0678866
0.0678488
0.067816
0.0677787
0.0677377
0.0677061
0.0677042
0.0677495
0.0678484
0.0679932
0.0681671
0.068351
0.0685289
0.0686907
0.0688313
0.0689502
0.0690491
0.0691312
0.0692001
0.069259
0.0693106
0.0693568
0.0693988
0.0694372
0.0694722
0.0695038
0.0695318
0.0695557
0.0695755
0.0695907
0.0696011
0.0696066
0.0696072
0.069603
0.0695945
0.0695821
0.0695666
0.0695487
0.069529
0.0695073
0.0694827
0.0694529
0.0694143
0.0693619
0.0692897
0.0691906
0.0690575
0.0688843
0.0686686
0.0684156
0.0681458
0.0679006
0.0677414
0.0677305
0.0678995
0.0682266
0.0686463
0.0690818
0.0694746
0.0697943
0.0700336
0.0701981
0.0702985
0.0703458
0.0703495
0.0703171
0.0702543
0.0701655
0.0700547
0.0699262
0.0697853
0.0696389
0.0694955
0.0693642
0.0692532
0.0691672
0.0691047
0.0690581
0.0690153
0.0689649
0.0689038
0.0688432
0.0688095
0.0688365
0.0689495
0.0691502
0.069415
0.0697061
0.0699875
0.0702346
0.0704362
0.0705905
0.0707012
0.0707732
0.0708114
0.0708193
0.0707989
0.0707506
0.0706739
0.0705677
0.0704311
0.0702643
0.07007
0.0698549
0.0696308
0.0694154
0.0692304
0.0690977
0.069033
0.0690409
0.0691139
0.0692359
0.0693884
0.0695553
0.0697253
0.0698907
0.0700459
0.0701846
0.0702985
0.0703766
0.0704051
0.0703688
0.0702556
0.070064
0.0698156
0.0695642
0.0693894
0.0693644
0.0695131
0.0697953
0.0701345
0.0704603
0.0707321
0.0709384
0.0710854
0.0711858
0.0712529
0.0712976
0.0713279
0.071349
0.0713642
0.0713757
0.0713847
0.0713924
0.0714
0.0714088
0.0714208
0.0714378
0.0714621
0.0714952
0.0715381
0.07159
0.0716478
0.0717049
0.0717504
0.0717673
0.0717325
0.071618
0.0713982
0.0710675
0.0706694
0.0703161
0.0701586
0.070291
0.0706723
0.0711593
0.0716092
0.0719418
0.0721362
0.0722004
0.0721464
0.0719769
0.0716805
0.071239
0.070653
0.0699891
0.0694187
0.0691667
0.069348
0.0698592
0.0704771
0.0710274
0.0714441
0.0717356
0.0719364
0.072081
0.0721957
0.0722983
0.0723998
0.0725054
0.0726155
0.0727268
0.0728331
0.0729268
0.0729995
0.0730429
0.0730493
0.0730123
0.0729277
0.0727946
0.072618
0.0724106
0.0721933
0.0719934
0.0718387
0.0717508
0.0717386
0.0717972
0.0719105
0.0720551
0.0722042
0.0723305
0.0724073
0.0724091
0.0723142
0.0721098
0.0718038
0.0714417
0.0711128
0.0709267
0.0709535
0.0711767
0.0715076
0.0718457
0.0721253
0.0723237
0.0724464
0.072511
0.0725367
0.0725393
0.0725294
0.0725119
0.0724866
0.0724494
0.0723942
0.0723164
0.0722151
0.0720961
0.0719719
0.0718577
0.0717661
0.0717009
0.0716553
0.0716154
0.0715675
0.0715044
0.0714299
0.0713583
0.07131
0.0713023
0.0713401
0.0714127
0.0714973
0.0715693
0.07161
0.0716112
0.0715738
0.0715062
0.0714205
0.0713301
0.0712476
0.0711823
0.0711387
0.0711152
0.0711049
0.0710964
0.0710763
0.0710318
0.0709534
0.0708367
0.0706848
0.0705084
0.070325
0.0701564
0.0700247
0.0699478
0.069935
0.0699834
0.0700774
0.0701915
0.0702977
0.0703721
0.0704003
0.0703789
0.0703135
0.0702167
0.0701042
0.0699922
0.0698948
0.0698231
0.0697849
0.0697835
0.0698175
0.0698798
0.0699591
0.0700428
0.07012
0.0701835
0.0702307
0.0702621
0.070281
0.0702913
0.070297
0.0703009
0.0703052
0.0703108
0.0703178
0.070326
0.0703346
0.070343
0.0703506
0.0703569
0.0703617
0.0703646
0.0703656
0.0703645
0.0703611
0.0703551
0.070346
0.0703333
0.0703163
0.0702941
0.0702658
0.0702303
0.0701871
0.070136
0.070078
0.0700153
0.069952
0.0698936
0.0698466
0.0698167
0.0698076
0.0698194
0.0698483
0.0698878
0.0699304
0.0699694
0.0700007
0.0700227
0.0700369
0.0700463
0.0700549
0.0700664
0.0700836
0.070108
0.0701398
0.0701779
0.0702201
0.0702638
0.0703058
0.0703428
0.0703713
0.0703884
0.0703912
0.0703772
0.0703449
0.0702932
0.0702222
0.0701327
0.0700268
0.0699074
0.0697791
0.0696485
0.0695259
0.0694256
0.069365
0.06936
0.0694184
0.0695359
0.0696953
0.0698715
0.0700372
0.0701667
0.0702368
0.0702253
0.0701103
0.0698711
0.0694971
0.0690034
0.0684508
0.0679478
0.067611
0.0674968
0.0601529
0.0603371
0.0605524
0.0607651
0.0609703
0.0611714
0.061368
0.0615535
0.0617193
0.0618578
0.0619652
0.0620411
0.0620877
0.0621089
0.0621087
0.0620909
0.0620584
0.0620133
0.0619564
0.0618879
0.061807
0.0617126
0.0616036
0.0614796
0.0613419
0.0611945
0.0610451
0.0609051
0.060788
0.0607065
0.0606687
0.0606757
0.0607207
0.0607918
0.0608753
0.0609591
0.0610347
0.061097
0.0611438
0.0611751
0.061192
0.061196
0.0611889
0.0611723
0.061148
0.0611175
0.0610826
0.0610452
0.0610075
0.0609718
0.0609403
0.0609151
0.0608976
0.0608883
0.0608865
0.0608901
0.0608961
0.0609009
0.0609009
0.060893
0.0608754
0.0608479
0.0608118
0.0607702
0.0607275
0.0606883
0.0606574
0.060638
0.060632
0.0606393
0.0606584
0.0606867
0.060721
0.0607582
0.0607955
0.0608303
0.0608607
0.0608849
0.0609018
0.0609105
0.060911
0.0609039
0.0608903
0.0608722
0.0608524
0.0608339
0.0608205
0.0608162
0.0608252
0.0608514
0.0608978
0.0609653
0.0610524
0.0611547
0.0612657
0.0613776
0.0614831
0.061576
0.0616526
0.0617121
0.0617566
0.0617907
0.0618213
0.061856
0.0619018
0.0619632
0.0620416
0.0621347
0.0622372
0.0623426
0.062444
0.0625356
0.0626128
0.0626726
0.0627133
0.062734
0.0627344
0.0627149
0.0626759
0.0626185
0.0625438
0.0624532
0.0623482
0.0622305
0.0621019
0.0619645
0.0618215
0.061678
0.0615416
0.0614223
0.061331
0.0612761
0.0612591
0.0612714
0.0612954
0.0613102
0.061303
0.0612793
0.0612676
0.0613095
0.0614387
0.0616633
0.0619638
0.062307
0.0626622
0.0630073
0.0633281
0.0636155
0.0638632
0.0640678
0.0642279
0.0643444
0.0644191
0.0644542
0.0644519
0.0644145
0.064344
0.0642432
0.0641163
0.0639692
0.06381
0.0636485
0.0634944
0.0633554
0.063235
0.0631316
0.06304
0.0629542
0.0628713
0.0627934
0.0627274
0.0626819
0.0626624
0.0626681
0.062692
0.0627239
0.0627549
0.0627811
0.0628035
0.0628273
0.0628587
0.0629023
0.0629599
0.0630297
0.0631078
0.0631892
0.0632697
0.0633461
0.0634167
0.0634809
0.0635381
0.0635875
0.0636282
0.0636586
0.0636773
0.063683
0.0636748
0.0636529
0.0636185
0.063574
0.063523
0.0634701
0.0634197
0.063376
0.0633424
0.0633211
0.0633136
0.0633212
0.0633446
0.0633834
0.0634352
0.0634946
0.0635539
0.0636039
0.063636
0.0636437
0.0636236
0.0635756
0.0635032
0.0634137
0.0633181
0.06323
0.0631625
0.0631236
0.0631121
0.0631191
0.0631321
0.0631412
0.0631417
0.0631327
0.0631132
0.0630801
0.063029
0.062958
0.0628711
0.0627783
0.0626927
0.0626252
0.0625816
0.062562
0.0625642
0.0625874
0.0626333
0.0627055
0.062806
0.0629328
0.0630796
0.0632362
0.0633912
0.0635336
0.0636551
0.0637498
0.0638153
0.0638515
0.0638606
0.063846
0.0638123
0.0637644
0.0637072
0.0636456
0.0635837
0.0635251
0.0634728
0.063429
0.0633951
0.0633722
0.0633604
0.0633596
0.0633686
0.0633853
0.0634064
0.0634273
0.0634418
0.0634427
0.0634213
0.0633682
0.063274
0.0631312
0.0629368
0.0626969
0.0624309
0.0621726
0.0619638
0.0618408
0.0618195
0.0618903
0.0620267
0.0621988
0.0623824
0.0625615
0.0627265
0.0628715
0.0629934
0.0630911
0.0631652
0.0632177
0.0632515
0.0632699
0.0632767
0.0632751
0.0632683
0.0632585
0.063247
0.0632336
0.0632165
0.063192
0.063155
0.0630994
0.0630188
0.0629087
0.0627679
0.062601
0.06242
0.0622433
0.0620917
0.0619819
0.0619198
0.0618993
0.0619059
0.061924
0.0619423
0.061956
0.0619664
0.0619773
0.0619932
0.0620174
0.0620516
0.0620957
0.0621489
0.0622095
0.0622754
0.0623445
0.0624141
0.0624817
0.0625452
0.0626025
0.0626524
0.0626939
0.0627267
0.0627509
0.0627667
0.0627747
0.0627753
0.0627688
0.0627556
0.0627359
0.0627101
0.0626786
0.0626421
0.0626013
0.0625572
0.0625111
0.0624644
0.0624186
0.0623748
0.062334
0.0622968
0.0622629
0.0622314
0.0622005
0.0621674
0.0621282
0.0620783
0.0620124
0.0619251
0.061813
0.0616769
0.0615256
0.0613788
0.0612665
0.0612218
0.0612671
0.0614035
0.0616086
0.0618474
0.0620859
0.0623003
0.0624788
0.0626195
0.0627257
0.0628033
0.0628583
0.0628962
0.0629213
0.0629371
0.0629461
0.0629501
0.0629507
0.0629489
0.0629457
0.0629419
0.0629384
0.062936
0.0629354
0.0629372
0.0629416
0.0629488
0.062958
0.0629687
0.0629795
0.0629891
0.0629959
0.0629985
0.0629954
0.0629853
0.0629674
0.0629414
0.0629087
0.0628728
0.0628405
0.062822
0.0628292
0.0628731
0.0629608
0.0630921
0.0632598
0.0634513
0.0636517
0.0638471
0.0640261
0.064181
0.0643068
0.064401
0.0644619
0.0644878
0.0644769
0.0644268
0.0643354
0.0642033
0.0640361
0.0638483
0.0636649
0.0635189
0.0634428
0.0634566
0.063559
0.0637288
0.0639349
0.064147
0.0643433
0.0645115
0.0646467
0.0647483
0.0648179
0.0648575
0.0648693
0.0648559
0.06482
0.0647656
0.0646981
0.0646247
0.064554
0.0644951
0.0644564
0.0644437
0.0644591
0.0645016
0.0645672
0.0646505
0.0647463
0.0648498
0.064957
0.065064
0.0651664
0.0652592
0.0653365
0.0653913
0.0654164
0.065404
0.0653458
0.0652343
0.0650632
0.0648299
0.0645384
0.0642013
0.0638405
0.0634834
0.0631562
0.0628777
0.062659
0.0625081
0.0624349
0.0624507
0.062562
0.0627621
0.0630286
0.0633278
0.0636244
0.0638911
0.0641125
0.0642856
0.0644164
0.0645153
0.0645934
0.0646592
0.0647174
0.0647692
0.064813
0.0648463
0.0648663
0.0648708
0.064858
0.0648261
0.0647733
0.0646968
0.0645937
0.0644611
0.0642976
0.0641051
0.0638921
0.0636749
0.0634771
0.0633246
0.0632369
0.0632201
0.0632652
0.0633538
0.0634666
0.0635898
0.0637161
0.0638429
0.0639692
0.0640932
0.0642119
0.0643209
0.0644152
0.0644898
0.0645402
0.0645622
0.0645532
0.0645123
0.0644426
0.0643527
0.0642574
0.0641761
0.0641283
0.0641266
0.064171
0.0642489
0.0643403
0.0644256
0.0644921
0.0645364
0.0645636
0.0645843
0.0646101
0.0646501
0.0647079
0.0647809
0.0648619
0.0649417
0.0650107
0.0650613
0.065088
0.0650873
0.0650568
0.064995
0.0648998
0.0647694
0.064602
0.064398
0.0641618
0.0639039
0.0636422
0.0633997
0.0631993
0.0630586
0.0629857
0.0629803
0.0630359
0.0631425
0.0632881
0.0634604
0.0636475
0.0638405
0.0640331
0.0642216
0.0644034
0.0645753
0.0647333
0.0648726
0.0649888
0.0650786
0.0651405
0.0651748
0.0651826
0.065165
0.065123
0.0650565
0.0649648
0.0648466
0.0647005
0.0645259
0.064324
0.0640983
0.0638553
0.0636039
0.063354
0.0631135
0.0628874
0.0626786
0.0624914
0.0623362
0.0622299
0.0621892
0.0622209
0.0623156
0.0624499
0.0625956
0.0627293
0.0628368
0.0629132
0.0629597
0.0629804
0.0629805
0.0629646
0.0629362
0.0628978
0.0628512
0.0627973
0.0627369
0.0626705
0.0625986
0.0625219
0.0624413
0.0623579
0.0622732
0.0621887
0.0621064
0.0620283
0.0619564
0.0618928
0.0618392
0.0617971
0.0617675
0.0617505
0.0617456
0.0617515
0.0617663
0.0617875
0.0618126
0.0618393
0.0618655
0.0618901
0.0619122
0.0619318
0.0619491
0.0619647
0.0619786
0.0619906
0.0619993
0.0620026
0.0619974
0.0619799
0.0619457
0.0618906
0.0618108
0.0617042
0.0615707
0.061414
0.0612417
0.0610668
0.0609061
0.0607784
0.0607008
0.0606845
0.0607313
0.0608335
0.0609753
0.0611374
0.0613008
0.0614498
0.0615739
0.0616678
0.0617305
0.0617647
0.0617759
0.0617707
0.0617567
0.0617407
0.0617279
0.0617204
0.0617169
0.0617119
0.061696
0.0616571
0.0615814
0.0614571
0.0612788
0.0610558
0.0608189
0.0606208
0.0605199
0.0605517
0.060706
0.0609315
0.0611624
0.0613455
0.0614511
0.0614706
0.0614107
0.0612884
0.0611288
0.060963
0.060824
0.0607399
0.0607267
0.0607839
0.0608975
0.0610468
0.0612114
0.0613762
0.0615315
0.0616724
0.0617966
0.0619034
0.0619923
0.0620633
0.0621164
0.0621516
0.0621691
0.0621691
0.0621518
0.0621177
0.0620672
0.0620007
0.0619194
0.0618246
0.0617186
0.0616045
0.0614863
0.0613686
0.0612563
0.061154
0.0610653
0.0609918
0.0609332
0.0608874
0.0608507
0.0608185
0.0607866
0.0607515
0.0607115
0.060666
0.0606163
0.0605642
0.060512
0.0604617
0.0604147
0.0603724
0.0603362
0.0603083
0.0602921
0.0602916
0.0603108
0.0603525
0.0604174
0.060504
0.0606084
0.0607248
0.0608467
0.0609672
0.0610805
0.0611821
0.0612688
0.0613394
0.0613938
0.0614328
0.0614578
0.0614704
0.0614725
0.0614655
0.0614508
0.0614296
0.0614027
0.061371
0.0613349
0.0612951
0.061252
0.0612063
0.0611589
0.061111
0.0610644
0.0610215
0.0609852
0.0609589
0.0609464
0.0609509
0.0609749
0.0610196
0.0610845
0.0611673
0.0612644
0.0613709
0.061482
0.0615926
0.0616984
0.0617955
0.0618806
0.0619506
0.0620026
0.0620337
0.062042
0.0620266
0.0619895
0.0619354
0.0618725
0.0618111
0.0617618
0.0617337
0.0617332
0.0617641
0.0618285
0.0619265
0.0620554
0.062209
0.062379
0.0625564
0.0627346
0.0629104
0.0630828
0.0632518
0.0634159
0.0635713
0.0637124
0.0638332
0.0639283
0.0639943
0.0640301
0.0640363
0.064015
0.0639681
0.0638972
0.0638024
0.0636827
0.0635357
0.0633596
0.063155
0.0629297
0.0627038
0.0625132
0.0624052
0.0624224
0.0625816
0.0628631
0.0632204
0.0636008
0.0639632
0.0642837
0.0645527
0.0647695
0.0649369
0.065059
0.065139
0.0651796
0.0651828
0.0651507
0.0650864
0.0649949
0.0648842
0.0647659
0.064654
0.0645634
0.0645052
0.0644834
0.0644925
0.0645193
0.0645471
0.0645606
0.0645494
0.0645093
0.0644424
0.0643556
0.0642594
0.0641664
0.0640888
0.0640365
0.0640145
0.0640225
0.0640544
0.0641015
0.0641543
0.0642054
0.0642507
0.0642901
0.0643267
0.0643656
0.0644127
0.0644728
0.0645487
0.0646405
0.064746
0.0648608
0.0649795
0.0650966
0.0652073
0.0653077
0.0653954
0.0654688
0.0655268
0.0655686
0.065593
0.0655985
0.0655832
0.0655448
0.0654812
0.0653912
0.0652749
0.0651348
0.0649766
0.0648097
0.064646
0.0644993
0.0643816
0.0643003
0.064257
0.0642471
0.0642626
0.0642946
0.0643355
0.0643794
0.0644216
0.0644575
0.0644827
0.0644938
0.0644902
0.0644756
0.0644582
0.0644496
0.0644606
0.0644973
0.0645575
0.0646306
0.0647007
0.0647511
0.0647683
0.0647441
0.0646762
0.0645676
0.064425
0.0642569
0.0640729
0.0638826
0.0636959
0.0635237
0.0633772
0.0632669
0.0631996
0.0631781
0.0632013
0.0632661
0.0633669
0.063494
0.0636332
0.0637669
0.0638776
0.063951
0.0639772
0.0639499
0.0638659
0.0637245
0.0635283
0.0632844
0.0630068
0.0627169
0.0624435
0.0622185
0.0620709
0.0620185
0.0620631
0.0621898
0.0623725
0.0625806
0.0627866
0.0629696
0.0631166
0.0632216
0.0632843
0.0633077
0.0632972
0.0632593
0.0632005
0.0631271
0.0630446
0.0629572
0.0628684
0.0627805
0.0626954
0.0626147
0.0625404
0.0624746
0.0624199
0.0623786
0.0623524
0.062342
0.062347
0.0623654
0.062395
0.0624328
0.0624761
0.0599021
0.0599489
0.0599951
0.0600388
0.0600779
0.0601098
0.0601315
0.0601394
0.0601298
0.0600989
0.0600442
0.0599649
0.0598634
0.0597459
0.0596235
0.0595113
0.0594268
0.0593863
0.0594012
0.0594744
0.0595995
0.0597618
0.0599424
0.0601229
0.0602884
0.060429
0.0605395
0.0606187
0.0606675
0.0606888
0.0606864
0.0606651
0.0606308
0.06059
0.0605496
0.0605153
0.0604914
0.0604791
0.0604772
0.0604822
0.0604896
0.0604945
0.0604924
0.0604786
0.0604482
0.0603962
0.0603199
0.0602212
0.0601096
0.0600028
0.0599226
0.0598874
0.059904
0.0599641
0.0600483
0.0601338
0.0602014
0.0602396
0.0602447
0.0602202
0.0601746
0.0601206
0.0600722
0.0600436
0.0600464
0.060088
0.0601708
0.0602921
0.0604445
0.0606184
0.0608025
0.0609862
0.0611602
0.0613175
0.0614531
0.0615643
0.0616501
0.0617112
0.0617494
0.0617679
0.0617708
0.061763
0.0617501
0.0617375
0.0617299
0.0617306
0.061741
0.0617599
0.0617847
0.0618111
0.0618342
0.0618494
0.0618528
0.0618412
0.0618131
0.0617682
0.0617081
0.0616365
0.061559
0.0614834
0.0614189
0.0613746
0.0613584
0.0613745
0.0614223
0.061496
0.0615847
0.0616743
0.0617494
0.0617955
0.0618016
0.0617635
0.0616859
0.0615845
0.0614835
0.0614091
0.0613798
0.0613991
0.0614563
0.0615336
0.0616149
0.0616908
0.0617583
0.0618181
0.0618724
0.0619236
0.0619744
0.0620279
0.0620879
0.0621575
0.0622383
0.0623292
0.0624258
0.0625222
0.0626119
0.0626896
0.0627519
0.0627971
0.0628248
0.0628353
0.0628288
0.0628062
0.0627686
0.0627186
0.0626606
0.0626011
0.0625481
0.0625099
0.062493
0.0625011
0.062534
0.0625895
0.0626645
0.0627568
0.0628656
0.0629905
0.0631301
0.0632806
0.0634357
0.0635879
0.0637297
0.0638549
0.0639597
0.0640419
0.0641014
0.0641389
0.0641557
0.0641534
0.0641335
0.0640976
0.0640475
0.0639851
0.0639129
0.0638336
0.0637502
0.0636655
0.0635819
0.0635009
0.0634233
0.0633492
0.0632785
0.0632112
0.0631477
0.0630893
0.0630372
0.062993
0.0629576
0.0629312
0.0629134
0.0629028
0.0628977
0.0628955
0.0628936
0.0628886
0.0628769
0.062854
0.0628156
0.062757
0.0626735
0.0625615
0.0624186
0.062245
0.0620449
0.0618276
0.0616103
0.0614196
0.0612902
0.0612558
0.0613324
0.0615045
0.0617281
0.0619505
0.0621343
0.062269
0.0623681
0.0624561
0.0625539
0.0626688
0.0627933
0.0629111
0.0630056
0.0630645
0.0630821
0.0630578
0.0629948
0.0628982
0.0627744
0.0626305
0.062474
0.0623122
0.0621519
0.0619982
0.0618541
0.0617208
0.0615986
0.061488
0.0613913
0.0613124
0.0612562
0.0612261
0.0612223
0.0612412
0.0612762
0.0613194
0.0613636
0.0614039
0.0614377
0.0614647
0.0614859
0.0615032
0.0615186
0.0615333
0.0615473
0.0615589
0.0615646
0.0615586
0.061534
0.0614839
0.0614026
0.061289
0.0611492
0.0609993
0.060865
0.0607756
0.0607536
0.0608048
0.0609145
0.061054
0.0611913
0.0612991
0.0613587
0.0613589
0.0612941
0.0611638
0.0609744
0.0607418
0.0604941
0.0602691
0.0601045
0.0600248
0.0600338
0.0601178
0.0602563
0.060432
0.0606318
0.060844
0.0610562
0.0612549
0.061428
0.0615666
0.0616651
0.0617211
0.061734
0.0617044
0.0616336
0.0615244
0.0613811
0.0612113
0.0610254
0.0608365
0.060658
0.0605002
0.0603675
0.0602568
0.0601599
0.0600672
0.0599734
0.0598817
0.0598048
0.0597609
0.059765
0.0598205
0.059916
0.0600297
0.0601389
0.0602278
0.0602903
0.0603289
0.0603511
0.0603662
0.0603824
0.0604056
0.0604387
0.0604816
0.0605319
0.0605854
0.0606371
0.0606821
0.0607166
0.0607381
0.0607459
0.0607409
0.0607259
0.0607045
0.0606808
0.060659
0.0606421
0.0606317
0.0606279
0.0606292
0.0606334
0.0606379
0.0606404
0.0606391
0.0606333
0.0606228
0.0606081
0.0605901
0.0605698
0.0605483
0.0605267
0.0605057
0.0604861
0.0604681
0.0604521
0.0604378
0.0604249
0.0604128
0.0604008
0.060388
0.0603732
0.0603554
0.0603335
0.0603062
0.0602729
0.0602331
0.0601876
0.0601385
0.0600895
0.0600464
0.060016
0.0600056
0.0600204
0.0600628
0.0601309
0.0602192
0.0603196
0.0604236
0.0605235
0.0606132
0.0606886
0.060747
0.060787
0.0608076
0.0608086
0.0607901
0.0607532
0.0607002
0.0606352
0.0605643
0.0604948
0.0604339
0.0603868
0.0603543
0.0603325
0.0603134
0.0602877
0.0602482
0.060193
0.060127
0.0600617
0.0600128
0.0599959
0.0600221
0.0600951
0.0602105
0.0603575
0.0605216
0.0606876
0.0608417
0.0609721
0.06107
0.0611282
0.0611407
0.0611021
0.0610071
0.0608519
0.060636
0.0603655
0.060057
0.0597404
0.0594568
0.0592506
0.059155
0.0591791
0.0593042
0.0594921
0.0596996
0.0598919
0.0600488
0.060164
0.0602411
0.0602893
0.0603197
0.0603422
0.0603645
0.0603913
0.0604241
0.0604623
0.0605033
0.0605443
0.0605823
0.0606148
0.0606402
0.0606579
0.0606679
0.0606705
0.0606669
0.060658
0.0606452
0.0606298
0.0606132
0.0605967
0.0605818
0.0605696
0.0605612
0.0605578
0.06056
0.0605685
0.0605837
0.0606059
0.0606349
0.0606707
0.0607128
0.0607609
0.060814
0.0608713
0.0609313
0.0609924
0.0610519
0.0611064
0.0611509
0.0611782
0.0611785
0.0611384
0.0610418
0.060872
0.0606189
0.0602926
0.0599393
0.0596454
0.059508
0.059579
0.0598263
0.060158
0.0604791
0.0607314
0.0608965
0.0609815
0.0610041
0.0609847
0.0609421
0.0608931
0.0608523
0.0608318
0.0608406
0.0608842
0.060964
0.0610774
0.0612185
0.061379
0.0615498
0.0617216
0.0618865
0.0620375
0.0621692
0.0622776
0.0623594
0.0624124
0.0624352
0.0624273
0.0623896
0.0623248
0.0622382
0.0621376
0.0620329
0.061934
0.0618489
0.0617814
0.0617304
0.0616911
0.0616575
0.0616262
0.0615982
0.0615796
0.0615798
0.0616092
0.061676
0.061784
0.0619317
0.0621125
0.0623161
0.06253
0.0627417
0.0629399
0.0631158
0.0632635
0.0633801
0.0634649
0.0635186
0.0635428
0.0635391
0.0635082
0.0634494
0.06336
0.0632354
0.0630692
0.0628553
0.0625919
0.0622876
0.0619687
0.061681
0.0614798
0.0614065
0.0614657
0.0616223
0.0618211
0.0620119
0.0621634
0.0622642
0.0623166
0.06233
0.0623155
0.0622827
0.062237
0.0621791
0.0621069
0.06202
0.0619259
0.061843
0.0617984
0.0618163
0.0619053
0.0620522
0.0622273
0.0623972
0.0625354
0.0626268
0.062666
0.0626535
0.0625925
0.0624867
0.0623399
0.0621568
0.0619452
0.061718
0.0614947
0.0612999
0.0611573
0.0610827
0.0610774
0.061129
0.0612171
0.0613219
0.061429
0.0615308
0.0616247
0.0617106
0.0617888
0.0618585
0.0619181
0.0619651
0.061997
0.0620115
0.0620071
0.0619835
0.0619412
0.0618823
0.0618102
0.0617296
0.0616466
0.061568
0.061501
0.0614519
0.0614253
0.0614234
0.0614456
0.0614889
0.0615484
0.0616186
0.061694
0.0617699
0.0618425
0.0619092
0.0619683
0.0620192
0.0620617
0.0620964
0.062124
0.0621457
0.0621625
0.0621753
0.0621846
0.0621903
0.0621918
0.0621873
0.0621744
0.0621495
0.0621085
0.062047
0.0619607
0.0618471
0.0617061
0.061542
0.0613638
0.0611851
0.0610211
0.0608851
0.0607853
0.0607236
0.060698
0.0607054
0.0607445
0.0608149
0.060916
0.0610448
0.0611954
0.061359
0.0615261
0.0616872
0.0618345
0.0619623
0.0620669
0.0621464
0.0621998
0.0622268
0.0622274
0.0622015
0.062149
0.0620705
0.0619678
0.0618451
0.06171
0.0615744
0.0614534
0.0613631
0.0613163
0.0613192
0.0613688
0.0614549
0.0615629
0.0616781
0.061788
0.061883
0.0619571
0.0620061
0.0620281
0.0620235
0.0619947
0.0619476
0.061891
0.061836
0.061794
0.0617734
0.061777
0.0618006
0.0618343
0.0618653
0.0618821
0.0618775
0.0618511
0.0618097
0.0617661
0.061736
0.0617335
0.0617673
0.0618375
0.0619361
0.0620498
0.0621636
0.062264
0.0623403
0.0623862
0.0623989
0.0623796
0.0623336
0.06227
0.0622015
0.0621429
0.0621078
0.0621059
0.06214
0.0622056
0.0622929
0.0623897
0.0624851
0.0625706
0.0626409
0.0626932
0.0627265
0.0627407
0.0627362
0.0627134
0.0626733
0.0626172
0.0625471
0.0624648
0.0623715
0.0622665
0.0621467
0.0620087
0.0618528
0.0616895
0.0615443
0.0614544
0.0614544
0.0615587
0.0617513
0.0619947
0.0622473
0.0624786
0.0626729
0.0628268
0.0629437
0.063029
0.0630876
0.0631227
0.0631349
0.0631228
0.0630829
0.06301
0.0628982
0.0627422
0.062539
0.0622901
0.0620043
0.0616998
0.0614033
0.0611463
0.0609558
0.060844
0.0608022
0.0608047
0.0608209
0.0608287
0.0608222
0.0608121
0.0608183
0.0608598
0.0609459
0.061072
0.0612227
0.0613791
0.0615259
0.0616561
0.0617701
0.0618726
0.0619679
0.0620567
0.0621359
0.0621996
0.062242
0.0622587
0.0622475
0.0622089
0.0621447
0.0620588
0.0619559
0.0618427
0.0617272
0.0616187
0.0615264
0.0614573
0.0614152
0.0613997
0.0614073
0.0614327
0.0614701
0.0615137
0.0615583
0.0615992
0.0616321
0.061654
0.0616634
0.0616604
0.0616471
0.0616268
0.0616038
0.0615827
0.0615674
0.0615605
0.0615623
0.0615709
0.0615828
0.0615941
0.0616021
0.0616062
0.0616082
0.0616113
0.0616184
0.0616304
0.061645
0.0616574
0.0616609
0.0616487
0.0616155
0.0615586
0.0614785
0.0613794
0.0612692
0.0611592
0.0610628
0.0609938
0.0609637
0.0609781
0.0610348
0.0611235
0.0612278
0.0613286
0.0614082
0.061453
0.0614555
0.0614151
0.0613384
0.061239
0.0611348
0.0610437
0.0609779
0.0609388
0.0609163
0.0608925
0.0608491
0.0607749
0.0606713
0.0605541
0.0604499
0.0603867
0.0603812
0.0604302
0.0605122
0.0605971
0.0606576
0.0606772
0.060652
0.0605891
0.0605028
0.0604111
0.060332
0.0602795
0.0602618
0.0602798
0.0603283
0.060398
0.0604784
0.0605601
0.0606362
0.0607028
0.0607588
0.0608051
0.0608438
0.060877
0.0609069
0.0609349
0.0609617
0.0609878
0.0610129
0.0610371
0.06106
0.0610814
0.0611013
0.0611193
0.0611349
0.0611474
0.0611555
0.0611575
0.061151
0.0611327
0.0610989
0.061045
0.0609664
0.0608592
0.060721
0.0605533
0.0603631
0.0601648
0.05998
0.0598353
0.0597561
0.0597595
0.0598481
0.0600095
0.0602199
0.0604518
0.0606809
0.0608895
0.0610681
0.0612134
0.0613262
0.06141
0.0614688
0.0615069
0.0615278
0.0615348
0.0615302
0.0615161
0.0614939
0.0614651
0.0614314
0.0613948
0.0613577
0.0613235
0.0612959
0.0612785
0.0612746
0.0612859
0.0613124
0.0613522
0.0614019
0.0614575
0.0615149
0.0615707
0.0616225
0.0616689
0.061709
0.0617425
0.0617687
0.0617861
0.0617922
0.0617833
0.0617548
0.0617026
0.0616248
0.0615248
0.0614135
0.0613106
0.0612419
0.0612318
0.0612936
0.0614233
0.0615994
0.0617903
0.0619634
0.0620921
0.0621591
0.0621571
0.0620888
0.0619676
0.0618169
0.0616681
0.0615551
0.0615054
0.0615325
0.0616324
0.0617865
0.0619694
0.0621564
0.0623284
0.0624741
0.0625885
0.0626718
0.0627273
0.0627599
0.0627752
0.0627782
0.062773
0.0627613
0.0627428
0.0627145
0.0626726
0.0626143
0.0597913
0.0597101
0.0596347
0.0595815
0.0595654
0.0595948
0.0596673
0.059771
0.059889
0.0600048
0.0601059
0.0601855
0.0602416
0.0602756
0.0602912
0.0602931
0.0602862
0.060275
0.0602636
0.0602549
0.0602509
0.0602523
0.0602586
0.060269
0.060282
0.0602965
0.0603112
0.0603256
0.060339
0.060351
0.060361
0.0603679
0.0603704
0.060367
0.0603564
0.0603376
0.0603108
0.0602774
0.0602401
0.0602022
0.0601678
0.0601397
0.0601196
0.0601063
0.060096
0.0600823
0.0600579
0.0600156
0.0599509
0.0598625
0.0597527
0.0596267
0.0594912
0.0593529
0.0592192
0.0590998
0.059009
0.0589666
0.058993
0.059101
0.0592874
0.0595314
0.0598019
0.0600687
0.0603102
0.0605162
0.0606853
0.0608214
0.06093
0.0610156
0.0610812
0.061128
0.061156
0.0611646
0.0611534
0.0611222
0.0610716
0.0610032
0.0609192
0.0608227
0.0607164
0.0606023
0.06048
0.0603464
0.0601964
0.0600249
0.0598315
0.0596263
0.059434
0.0592921
0.0592386
0.0592951
0.0594545
0.0596845
0.0599432
0.0601949
0.0604179
0.0606041
0.0607543
0.0608744
0.0609717
0.0610531
0.0611246
0.0611905
0.0612532
0.0613133
0.0613695
0.0614197
0.0614607
0.0614897
0.0615036
0.0615004
0.0614785
0.0614372
0.0613766
0.0612983
0.0612055
0.0611033
0.0609995
0.0609033
0.0608243
0.0607704
0.060746
0.0607512
0.060783
0.0608362
0.0609055
0.0609855
0.06107
0.0611517
0.0612218
0.0612702
0.0612875
0.061266
0.0612023
0.0610992
0.060968
0.0608294
0.0607112
0.0606414
0.0606388
0.0607049
0.0608236
0.0609683
0.0611121
0.0612345
0.0613238
0.0613765
0.0613946
0.0613829
0.061348
0.0612968
0.0612361
0.0611718
0.0611093
0.0610521
0.0610023
0.0609602
0.0609245
0.0608925
0.0608607
0.0608254
0.0607823
0.0607269
0.0606536
0.0605557
0.0604255
0.0602557
0.0600441
0.0598
0.0595524
0.0593511
0.0592539
0.0593007
0.059489
0.0597747
0.0600958
0.0603991
0.0606526
0.0608447
0.0609767
0.0610561
0.0610918
0.0610925
0.0610657
0.0610175
0.0609532
0.060877
0.0607928
0.0607042
0.0606145
0.0605267
0.0604438
0.0603683
0.0603023
0.0602477
0.0602059
0.0601784
0.0601659
0.0601688
0.0601858
0.0602142
0.060249
0.0602838
0.0603115
0.0603254
0.0603211
0.0602976
0.0602574
0.0602061
0.0601507
0.0600971
0.0600492
0.0600081
0.0599735
0.0599452
0.0599246
0.059914
0.0599163
0.0599324
0.0599612
0.0599996
0.0600444
0.0600935
0.060147
0.060206
0.0602718
0.0603439
0.0604196
0.0604943
0.0605623
0.0606186
0.0606597
0.0606838
0.0606909
0.0606822
0.0606603
0.0606278
0.0605877
0.0605427
0.0604947
0.0604452
0.0603947
0.0603428
0.0602886
0.0602308
0.0601674
0.0600969
0.0600178
0.0599291
0.0598304
0.0597222
0.059606
0.0594843
0.0593611
0.059241
0.0591296
0.0590331
0.0589569
0.0589052
0.05888
0.0588806
0.0589032
0.0589421
0.0589897
0.0590386
0.0590821
0.0591151
0.0591346
0.0591389
0.0591268
0.0590963
0.0590437
0.0589629
0.0588465
0.0586885
0.0584882
0.0582549
0.0580114
0.0577926
0.0576375
0.0575758
0.0576159
0.0577428
0.0579261
0.058132
0.0583331
0.0585119
0.0586596
0.058774
0.0588567
0.0589114
0.0589423
0.0589537
0.0589499
0.0589344
0.0589107
0.0588816
0.0588493
0.0588158
0.0587823
0.0587497
0.0587189
0.0586901
0.058664
0.0586412
0.0586221
0.0586076
0.0585982
0.058594
0.0585949
0.0586
0.0586079
0.0586169
0.0586248
0.0586291
0.0586277
0.0586184
0.0585996
0.0585702
0.0585298
0.0584784
0.058417
0.0583475
0.0582721
0.0581936
0.0581149
0.0580382
0.057965
0.057896
0.0578321
0.0577754
0.0577308
0.0577063
0.0577119
0.0577561
0.0578422
0.0579659
0.0581156
0.0582763
0.0584331
0.0585745
0.0586935
0.0587869
0.0588545
0.0588976
0.0589179
0.0589173
0.0588973
0.0588586
0.0588018
0.0587271
0.0586346
0.0585248
0.058399
0.0582593
0.0581092
0.0579535
0.0577975
0.0576466
0.0575048
0.0573745
0.0572562
0.0571492
0.0570531
0.0569693
0.0569013
0.0568546
0.0568349
0.0568463
0.0568893
0.0569606
0.0570533
0.0571585
0.0572671
0.057371
0.057464
0.0575418
0.0576022
0.0576445
0.0576693
0.0576782
0.0576738
0.0576594
0.0576392
0.0576177
0.0576
0.0575906
0.0575933
0.0576104
0.0576422
0.0576872
0.0577426
0.0578044
0.0578686
0.0579316
0.0579903
0.0580423
0.058086
0.0581202
0.0581437
0.0581558
0.0581555
0.0581416
0.0581131
0.0580689
0.0580086
0.0579325
0.0578424
0.0577419
0.0576373
0.0575366
0.0574497
0.0573858
0.057352
0.0573506
0.0573786
0.0574281
0.0574879
0.0575461
0.0575916
0.0576157
0.0576115
0.0575748
0.0575036
0.0573988
0.0572662
0.0571175
0.0569704
0.0568459
0.0567621
0.0567275
0.0567374
0.0567772
0.0568287
0.0568778
0.0569182
0.0569509
0.0569817
0.0570167
0.0570599
0.0571114
0.0571687
0.0572274
0.0572836
0.0573349
0.0573805
0.0574211
0.0574581
0.0574933
0.0575277
0.0575623
0.0575971
0.0576319
0.0576662
0.0576992
0.0577304
0.0577589
0.0577844
0.0578064
0.0578247
0.0578392
0.0578498
0.0578566
0.0578597
0.057859
0.0578546
0.0578466
0.057835
0.0578197
0.0578009
0.0577787
0.0577531
0.0577244
0.057693
0.0576591
0.0576232
0.0575856
0.0575467
0.0575065
0.0574649
0.0574217
0.0573764
0.0573287
0.0572785
0.0572263
0.0571738
0.057124
0.0570813
0.0570508
0.0570381
0.0570474
0.0570808
0.0571368
0.0572108
0.057295
0.05738
0.0574557
0.0575122
0.0575406
0.0575334
0.0574848
0.0573916
0.0572543
0.057079
0.0568788
0.0566752
0.0564954
0.0563668
0.0563083
0.0563237
0.0564006
0.0565162
0.0566456
0.056769
0.0568745
0.0569573
0.0570182
0.0570608
0.0570905
0.0571133
0.0571344
0.0571576
0.0571847
0.0572156
0.0572487
0.0572817
0.0573125
0.0573395
0.0573612
0.0573769
0.0573854
0.0573861
0.0573784
0.0573623
0.0573382
0.0573076
0.0572723
0.0572342
0.0571952
0.0571564
0.0571184
0.0570809
0.0570439
0.0570067
0.0569686
0.0569268
0.0568758
0.0568058
0.0567041
0.0565597
0.0563723
0.0561642
0.0559858
0.0559038
0.055968
0.0561799
0.0564903
0.0568303
0.0571431
0.0573994
0.0575925
0.057729
0.0578202
0.057877
0.0579085
0.0579213
0.0579201
0.0579081
0.0578877
0.0578606
0.0578286
0.0577932
0.0577563
0.0577194
0.0576842
0.0576515
0.0576218
0.0575944
0.0575681
0.0575411
0.0575118
0.0574794
0.0574439
0.057407
0.0573717
0.0573417
0.0573207
0.0573113
0.0573151
0.0573317
0.0573596
0.0573965
0.0574403
0.0574894
0.0575427
0.0576002
0.0576619
0.0577275
0.0577965
0.0578681
0.0579409
0.0580135
0.0580847
0.0581535
0.0582193
0.0582819
0.0583415
0.0583983
0.0584528
0.0585056
0.058557
0.0586074
0.0586564
0.0587035
0.058748
0.0587885
0.0588241
0.058854
0.0588777
0.0588955
0.0589088
0.0589193
0.0589296
0.0589429
0.0589618
0.0589883
0.0590229
0.0590638
0.0591074
0.0591482
0.0591795
0.0591947
0.0591881
0.0591558
0.0590966
0.0590126
0.0589098
0.0587986
0.0586927
0.0586087
0.0585624
0.058565
0.0586196
0.0587195
0.05885
0.0589935
0.0591342
0.0592616
0.0593713
0.0594644
0.0595449
0.0596179
0.0596873
0.0597554
0.0598221
0.0598853
0.0599421
0.0599891
0.0600238
0.0600443
0.0600499
0.0600402
0.0600149
0.0599732
0.0599133
0.0598341
0.0597356
0.0596217
0.059501
0.0593878
0.0593004
0.0592574
0.0592734
0.0593537
0.0594925
0.0596736
0.0598752
0.0600753
0.0602559
0.0604052
0.0605174
0.0605917
0.0606296
0.0606342
0.0606091
0.0605573
0.0604817
0.0603854
0.0602719
0.0601459
0.0600142
0.0598858
0.0597717
0.0596839
0.0596333
0.0596277
0.0596693
0.0597548
0.0598752
0.0600184
0.0601707
0.0603194
0.0604536
0.0605656
0.0606506
0.0607066
0.0607346
0.0607375
0.0607202
0.0606891
0.0606514
0.0606147
0.0605859
0.0605706
0.0605723
0.0605916
0.060627
0.0606744
0.0607287
0.0607841
0.0608355
0.0608787
0.0609108
0.06093
0.0609343
0.0609213
0.0608874
0.0608273
0.0607354
0.0606072
0.0604418
0.0602444
0.0600276
0.0598102
0.0596139
0.0594575
0.0593527
0.0593021
0.0593014
0.0593423
0.0594153
0.0595116
0.0596231
0.0597431
0.0598657
0.0599862
0.060101
0.060207
0.0603011
0.0603789
0.0604341
0.0604573
0.0604359
0.0603547
0.0601998
0.0599671
0.0596752
0.0593777
0.059158
0.0590962
0.0592203
0.0594878
0.0598155
0.0601267
0.060377
0.0605525
0.060657
0.0607004
0.0606926
0.0606407
0.0605494
0.0604214
0.0602591
0.0600656
0.0598456
0.0596064
0.0593575
0.0591106
0.0588783
0.0586734
0.0585078
0.0583924
0.0583345
0.0583367
0.0583943
0.0584959
0.0586254
0.0587661
0.058904
0.0590299
0.0591385
0.0592285
0.0593005
0.0593567
0.0594002
0.0594348
0.0594646
0.059494
0.0595263
0.0595636
0.0596062
0.0596523
0.059698
0.0597385
0.0597683
0.0597815
0.0597727
0.0597372
0.0596708
0.05957
0.0594331
0.0592599
0.0590546
0.0588273
0.0585986
0.0584012
0.0582758
0.0582586
0.0583634
0.0585725
0.0588438
0.0591292
0.0593919
0.0596119
0.059784
0.0599124
0.0600057
0.0600732
0.0601236
0.0601642
0.0602008
0.0602376
0.0602773
0.0603216
0.0603709
0.0604245
0.0604807
0.0605366
0.0605886
0.0606316
0.0606597
0.0606651
0.0606387
0.0605688
0.0604405
0.0602352
0.05993
0.0595012
0.0589361
0.0582613
0.0575817
0.0570887
0.0569741
0.0572816
0.0578676
0.0585231
0.0591039
0.0595576
0.0598888
0.0601227
0.0602855
0.0603977
0.0604743
0.0605254
0.060558
0.0605765
0.0605843
0.0605836
0.0605761
0.060563
0.0605454
0.0605243
0.0605006
0.0604754
0.0604498
0.0604251
0.0604023
0.0603827
0.0603672
0.0603564
0.0603507
0.0603503
0.0603551
0.0603652
0.0603806
0.0604012
0.0604269
0.0604568
0.0604891
0.0605206
0.0605459
0.060558
0.0605481
0.0605059
0.0604211
0.0602842
0.0600893
0.0598362
0.0595329
0.0591979
0.0588587
0.0585478
0.0582972
0.0581333
0.0580741
0.0581275
0.0582874
0.0585312
0.0588223
0.0591197
0.0593889
0.0596081
0.05977
0.0598779
0.0599427
0.0599781
0.0599976
0.0600118
0.0600267
0.0600435
0.0600595
0.06007
0.0600698
0.0600546
0.0600224
0.0599731
0.0599095
0.0598362
0.0597591
0.0596847
0.0596182
0.0595628
0.0595187
0.0594835
0.0594532
0.0594228
0.0593881
0.059346
0.0592949
0.0592346
0.0591663
0.0590923
0.0590166
0.0589451
0.0588862
0.0588497
0.0588454
0.0588796
0.0589528
0.0590588
0.0591863
0.0593218
0.0594532
0.0595715
0.0596716
0.0597512
0.0598108
0.0598515
0.0598755
0.0598849
0.0598815
0.0598674
0.0598442
0.059814
0.0597786
0.0597402
0.0597012
0.0596638
0.0596301
0.0596019
0.0595803
0.0595655
0.0595571
0.0595536
0.0595529
0.0595526
0.0595497
0.0595411
0.0595239
0.0594953
0.0594538
0.0593997
0.0593369
0.0592734
0.059222
0.0591973
0.0592109
0.0592667
0.0593587
0.059473
0.0595934
0.0597066
0.0598048
0.0598852
0.0599485
0.0599969
0.0600337
0.0600629
0.0600893
0.0599124
0.0599464
0.0599904
0.0600448
0.0601078
0.0601765
0.0602478
0.0603192
0.0603898
0.0604597
0.0605298
0.0606012
0.0606751
0.060752
0.0608318
0.0609138
0.0609971
0.0610802
0.0611617
0.0612405
0.0613151
0.0613845
0.0614474
0.0615028
0.0615495
0.0615862
0.0616115
0.0616242
0.0616232
0.0616076
0.0615772
0.0615323
0.0614739
0.0614028
0.0613191
0.061221
0.0611039
0.0609606
0.0607827
0.0605646
0.060308
0.0600271
0.0597489
0.0595083
0.0593372
0.0592529
0.0592524
0.0593154
0.0594139
0.0595232
0.0596291
0.0597294
0.0598304
0.0599401
0.0600633
0.0601992
0.0603413
0.060479
0.0605995
0.0606894
0.0607361
0.0607291
0.0606623
0.0605361
0.0603602
0.0601548
0.0599487
0.0597746
0.0596602
0.0596191
0.0596478
0.0597277
0.0598336
0.0599412
0.0600322
0.060096
0.0601286
0.0601306
0.0601051
0.0600566
0.05999
0.0599101
0.059822
0.0597305
0.0596406
0.0595564
0.0594812
0.0594163
0.0593617
0.0593151
0.0592735
0.0592332
0.0591905
0.0591427
0.0590876
0.0590241
0.058952
0.0588714
0.0587832
0.0586883
0.058588
0.0584834
0.058376
0.0582672
0.0581588
0.0580523
0.0579497
0.0578529
0.0577639
0.0576849
0.0576185
0.0575681
0.0575376
0.057531
0.0575512
0.0575988
0.0576709
0.0577614
0.0578618
0.0579628
0.0580559
0.0581342
0.0581928
0.0582286
0.0582399
0.0582259
0.0581866
0.0581231
0.0580374
0.0579335
0.0578177
0.0576983
0.0575851
0.0574874
0.0574125
0.0573632
0.0573377
0.0573301
0.057333
0.0573392
0.0573433
0.0573421
0.0573344
0.0573198
0.0572976
0.0572663
0.0572228
0.0571629
0.0570811
0.0569719
0.0568301
0.0566529
0.056442
0.0562078
0.055974
0.055778
0.0556635
0.0556626
0.0557788
0.0559839
0.0562319
0.0564796
0.0566987
0.0568773
0.0570142
0.0571131
0.0571779
0.0572112
0.0572137
0.0571859
0.0571297
0.0570507
0.05696
0.0568741
0.0568126
0.0567935
0.0568273
0.0569131
0.0570395
0.0571896
0.057346
0.0574956
0.0576303
0.0577469
0.0578454
0.057927
0.0579935
0.0580461
0.0580853
0.0581102
0.058119
0.0581087
0.0580752
0.0580144
0.0579221
0.0577952
0.0576328
0.057437
0.0572133
0.0569709
0.0567216
0.0564788
0.0562565
0.0560669
0.0559188
0.0558154
0.0557551
0.0557348
0.0557528
0.0558093
0.0559054
0.0560398
0.0562073
0.0563986
0.0566018
0.0568048
0.0569966
0.0571697
0.05732
0.057447
0.0575533
0.0576431
0.0577216
0.0577929
0.0578599
0.0579228
0.0579794
0.0580255
0.058055
0.0580617
0.0580398
0.0579854
0.0578984
0.0577838
0.0576538
0.0575271
0.0574264
0.0573718
0.0573739
0.0574301
0.0575257
0.0576408
0.0577567
0.0578605
0.0579458
0.0580115
0.0580597
0.0580942
0.0581187
0.0581368
0.0581511
0.0581634
0.0581752
0.0581871
0.0581995
0.0582126
0.0582267
0.0582416
0.0582575
0.0582743
0.0582923
0.0583115
0.0583322
0.0583548
0.0583798
0.0584082
0.0584407
0.0584785
0.0585225
0.0585736
0.0586322
0.0586984
0.0587716
0.0588509
0.058935
0.0590225
0.0591115
0.0591999
0.0592857
0.059366
0.0594382
0.0594995
0.0595478
0.0595822
0.0596037
0.0596161
0.0596256
0.0596405
0.0596692
0.0597182
0.0597897
0.0598809
0.0599851
0.0600935
0.0601972
0.0602889
0.0603636
0.0604179
0.060449
0.060454
0.0604285
0.0603663
0.0602601
0.0601026
0.0598907
0.0596311
0.059346
0.0590762
0.0588746
0.0587892
0.0588437
0.0590276
0.0593036
0.0596248
0.05995
0.0602505
0.0605107
0.0607246
0.0608927
0.0610199
0.0611145
0.0611874
0.0612509
0.0613173
0.0613961
0.0614924
0.0616056
0.0617303
0.0618579
0.0619793
0.0620862
0.062172
0.0622322
0.0622638
0.0622654
0.0622362
0.0621768
0.0620889
0.0619761
0.0618445
0.0617028
0.0615618
0.0614337
0.06133
0.0612587
0.0612232
0.0612215
0.0612475
0.0612927
0.0613487
0.0614078
0.0614645
0.061515
0.0615572
0.0615902
0.0616142
0.0616298
0.061638
0.06164
0.0616367
0.0616289
0.0616172
0.0616021
0.0615844
0.0615652
0.0615457
0.061527
0.0615096
0.0614932
0.0614756
0.0614529
0.0614196
0.0613693
0.0612952
0.0611917
0.061056
0.0608895
0.0606993
0.0604977
0.0603011
0.0601275
0.0599961
0.0599264
0.0599345
0.060026
0.0601918
0.0604113
0.0606613
0.060922
0.0611774
0.0614132
0.0616157
0.0617739
0.0618807
0.0619341
0.0619364
0.0618923
0.0618065
0.0616823
0.0615198
0.061316
0.0610654
0.0607644
0.0604167
0.060041
0.0596748
0.0593685
0.0591669
0.0590873
0.0591113
0.0591972
0.0593021
0.0593967
0.0594687
0.059519
0.0595553
0.0595882
0.0596279
0.0596818
0.0597535
0.0598417
0.0599411
0.0600433
0.0601387
0.0602178
0.0602725
0.0602961
0.0602846
0.0602367
0.0601554
0.0600487
0.0599304
0.0598189
0.0597336
0.0596898
0.0596931
0.0597381
0.0598103
0.0598917
0.0599658
0.0600205
0.0600488
0.0600483
0.0600195
0.0599655
0.059891
0.0598025
0.0597079
0.0596166
0.0595386
0.0594832
0.0594573
0.0594642
0.0595023
0.0595659
0.0596461
0.0597328
0.0598162
0.0598888
0.0599452
0.0599828
0.0600008
0.0600009
0.0599857
0.0599593
0.0599267
0.0598931
0.0598638
0.0598433
0.0598348
0.0598395
0.0598565
0.0598833
0.0599162
0.0599508
0.0599837
0.0600122
0.0600354
0.0600545
0.0600724
0.0600933
0.0601225
0.0601648
0.0602235
0.0602996
0.0603907
0.0604915
0.0605943
0.0606907
0.0607731
0.0608369
0.0608818
0.0609124
0.0609373
0.060967
0.0610101
0.0610706
0.061147
0.061234
0.0613244
0.0614126
0.0614957
0.0615732
0.0616462
0.0617161
0.061783
0.0618458
0.061902
0.0619482
0.0619806
0.0619964
0.0619942
0.0619751
0.0619425
0.0619023
0.0618615
0.0618272
0.0618047
0.0617966
0.061802
0.0618169
0.0618352
0.0618506
0.0618579
0.061854
0.0618373
0.0618068
0.0617619
0.0617013
0.0616244
0.0615319
0.0614265
0.0613131
0.0611984
0.0610899
0.0609952
0.0609211
0.0608733
0.0608556
0.0608692
0.0609125
0.060981
0.0610687
0.0611689
0.0612762
0.0613866
0.0614974
0.061606
0.0617099
0.0618057
0.0618895
0.0619572
0.0620054
0.0620311
0.0620323
0.0620077
0.0619563
0.0618779
0.0617723
0.06164
0.0614815
0.061299
0.0610967
0.060883
0.060672
0.0604839
0.0603415
0.0602644
0.0602609
0.0603245
0.0604352
0.0605677
0.0606983
0.0608101
0.0608936
0.0609457
0.060967
0.0609604
0.0609295
0.0608786
0.060812
0.0607342
0.06065
0.0605646
0.0604828
0.0604087
0.0603448
0.0602914
0.0602466
0.0602062
0.0601646
0.0601154
0.0600523
0.0599699
0.0598642
0.0597329
0.0595763
0.0593987
0.0592093
0.0590227
0.0588581
0.0587357
0.0586709
0.0586699
0.0587276
0.0588306
0.0589618
0.059105
0.0592474
0.05938
0.0594967
0.0595937
0.0596694
0.0597233
0.0597565
0.0597708
0.0597691
0.0597544
0.0597301
0.0596997
0.0596659
0.0596307
0.0595949
0.0595576
0.059517
0.0594711
0.0594199
0.0593662
0.0593168
0.0592815
0.0592702
0.0592892
0.0593382
0.0594096
0.0594901
0.0595646
0.0596194
0.0596445
0.059634
0.0595869
0.0595062
0.0593985
0.059274
0.0591448
0.0590239
0.0589223
0.0588466
0.0587975
0.0587696
0.0587528
0.0587363
0.0587127
0.0586807
0.058647
0.0586241
0.0586273
0.0586691
0.0587546
0.0588791
0.0590293
0.0591871
0.0593351
0.0594596
0.0595528
0.0596121
0.0596393
0.0596393
0.0596187
0.059585
0.0595459
0.0595087
0.0594794
0.0594626
0.0594609
0.0594748
0.0595026
0.0595414
0.0595871
0.0596352
0.0596814
0.0597218
0.0597534
0.0597737
0.0597812
0.0597751
0.0597551
0.0597218
0.059676
0.059619
0.0595524
0.0594782
0.0593987
0.0593168
0.0592359
0.0591608
0.0590971
0.0590512
0.0590294
0.0590366
0.059075
0.0591434
0.0592373
0.0593502
0.0594743
0.0596023
0.059728
0.0598465
0.0599542
0.0600485
0.0601274
0.0601899
0.0602352
0.0602636
0.0602758
0.0602733
0.0602585
0.0602341
0.0602035
0.0601703
0.060138
0.0601096
0.0600876
0.0600735
0.060068
0.0600706
0.0600801
0.0600946
0.060112
0.0601299
0.0601463
0.0601591
0.0601668
0.060168
0.0601614
0.0601458
0.0601199
0.0600821
0.0600305
0.0599633
0.0598788
0.0597764
0.0596566
0.0595221
0.059378
0.0592321
0.0590947
0.0589776
0.0588926
0.0588502
0.0588571
0.0589154
0.0590211
0.0591654
0.0593357
0.059518
0.0596994
0.0598693
0.0600204
0.0601484
0.0602516
0.0603303
0.0603857
0.0604199
0.0604352
0.060434
0.0604184
0.0603908
0.0603535
0.0603088
0.0602588
0.0602057
0.0601511
0.060096
0.06004
0.0599811
0.0599156
0.0598378
0.0597413
0.05962
0.0594708
0.0592968
0.0591093
0.0589274
0.058773
0.0586606
0.0585889
0.0585387
0.05848
0.0583846
0.0582369
0.0580397
0.0578139
0.0575935
0.0574152
0.0573078
0.0572836
0.0573368
0.0574485
0.0575942
0.0577517
0.0579057
0.0580495
0.0581833
0.0583115
0.0584391
0.0585692
0.058702
0.0588358
0.0589673
0.0590936
0.0592124
0.0593218
0.0594206
0.0595075
0.0595813
0.0596406
0.0596844
0.0597121
0.0597237
0.0597199
0.0597025
0.0596743
0.059639
0.0596015
0.0595669
0.0595407
0.0595274
0.0595305
0.0595515
0.0595898
0.0596431
0.0597075
0.0597786
0.0598514
0.0599212
0.0599835
0.0600344
0.0600702
0.0600874
0.0600827
0.060053
0.0599958
0.0599093
0.0597933
0.0596498
0.0594833
0.0593007
0.0591115
0.0589269
0.0587598
0.0586249
0.0585385
0.0585161
0.058569
0.0586979
0.0588902
0.0591222
0.0593655
0.0595947
0.0597927
0.0599513
0.0600702
0.0601539
0.0602093
0.0602439
0.0602642
0.0602759
0.0602827
0.0602874
0.0602915
0.0602956
0.0602999
0.0603044
0.060309
0.0603139
0.0603192
0.0603256
0.0603337
0.0603446
0.0603592
0.0603787
0.0604044
0.0604378
0.0604804
0.0605334
0.060598
0.0606743
0.0607616
0.0608583
0.0609617
0.0610686
0.0611751
0.0612772
0.0613709
0.0614525
0.0615183
0.0615643
0.0615868
0.0615816
0.0615443
0.0614709
0.0613579
0.0612039
0.0610107
0.0607852
0.0605397
0.0602906
0.0600541
0.0598408
0.0596537
0.0594905
0.0593509
0.0592432
0.0591849
0.0591952
0.0592848
0.0594483
0.0596626
0.0598936
0.0601055
0.0602695
0.0603693
0.060404
0.0603866
0.0603415
0.0602978
0.0602809
0.0603061
0.0603754
0.06048
0.0606063
0.0607405
0.0608711
0.0609904
0.0610932
0.0611773
0.0612423
0.0612897
0.0613218
0.0613418
0.0613527
0.0613574
0.0613583
0.0613567
0.0613535
0.0613489
0.0613425
0.0613334
0.0613208
0.0613035
0.0612806
0.0612511
0.0612147
0.0611712
0.0611208
0.0610645
0.0610033
0.0609386
0.0608715
0.0608025
0.0607307
0.0606528
0.0605622
0.0604478
0.0602929
0.0600769
0.0597797
0.059395
0.058952
0.058535
0.0582711
0.0582646
0.0585194
0.0589354
0.0593821
0.0597677
0.0600564
0.0602498
0.0603652
0.0604222
0.0604371
0.0604218
0.0603846
0.0603312
0.0602655
0.0601908
0.0601104
0.0600284
0.0599491
0.0598771
0.0598165
0.0597694
0.0597356
0.059712
0.0596936
0.0596746
0.0596504
0.0596195
0.0595848
0.0595531
