-0.0318404
-0.0318501
-0.0318662
-0.0318888
-0.031918
-0.0319537
-0.031996
-0.032045
-0.0321008
-0.0321633
-0.0322328
-0.0323092
-0.0323927
-0.0324858
-0.0325886
-0.0327085
-0.0328362
-0.0329839
-0.0331327
-0.0332972
-0.033463
-0.03364
-0.0338402
-0.0340425
-0.0342614
-0.0344709
-0.0346878
-0.034917
-0.0351661
-0.0354281
-0.0356987
-0.0359783
-0.0362623
-0.0365629
-0.0368758
-0.0372086
-0.0375498
-0.0378997
-0.0382637
-0.0386326
-0.0390117
-0.0394159
-0.0398409
-0.0402731
-0.0407203
-0.0411809
-0.0416768
-0.0421827
-0.0427208
-0.0432658
-0.0438256
-0.0444176
-0.0450309
-0.0456759
-0.0463301
-0.0470228
-0.0477481
-0.0484953
-0.0492704
-0.0500816
-0.0509184
-0.0517753
-0.0526867
-0.0536307
-0.0546227
-0.0556573
-0.0567219
-0.0578349
-0.0589934
-0.0601968
-0.0614446
-0.0627413
-0.064096
-0.0655133
-0.0669788
-0.0685186
-0.0700994
-0.0717639
-0.0734885
-0.0752781
-0.0771424
-0.079077
-0.0810893
-0.0831913
-0.0853692
-0.0876327
-0.0899844
-0.0924196
-0.0949501
-0.0975872
-0.100311
-0.103146
-0.106073
-0.109082
-0.112202
-0.115403
-0.118683
-0.122037
-0.125451
-0.128911
-0.132401
-0.135886
-0.139344
-0.142728
-0.146
-0.14912
-0.152035
-0.154731
-0.157148
-0.159274
-0.161118
-0.162677
-0.163953
-0.164925
-0.165545
-0.165697
-0.165208
-0.163878
-0.161538
-0.158105
-0.153692
-0.148678
-0.143709
-0.139722
-0.137646
-0.138224
-0.141698
-0.147769
-0.155681
-0.164441
-0.173058
-0.180698
-0.186904
-0.19161
-0.195083
-0.197697
-0.199687
-0.20102
-0.201345
-0.200302
-0.197678
-0.193654
-0.188776
-0.183811
-0.179555
-0.176655
-0.175515
-0.176317
-0.179059
-0.183615
-0.189721
-0.19702
-0.205088
-0.213531
-0.221992
-0.230162
-0.237735
-0.244452
-0.250092
-0.254481
-0.257541
-0.259268
-0.259697
-0.258932
-0.257112
-0.254425
-0.251097
-0.247342
-0.243425
-0.239563
-0.235908
-0.232598
-0.229776
-0.227652
-0.226511
-0.226673
-0.228347
-0.231498
-0.235801
-0.240703
-0.245583
-0.249887
-0.253275
-0.255599
-0.25684
-0.257119
-0.256615
-0.255564
-0.254201
-0.252766
-0.251494
-0.250608
-0.25027
-0.250585
-0.251589
-0.253254
-0.255478
-0.258105
-0.260966
-0.26387
-0.266658
-0.269215
-0.271429
-0.273224
-0.274588
-0.275499
-0.275966
-0.275987
-0.275567
-0.274679
-0.273291
-0.271358
-0.268818
-0.265681
-0.262014
-0.257997
-0.253948
-0.250309
-0.247549
-0.246055
-0.246013
-0.247364
-0.249785
-0.252756
-0.255702
-0.258077
-0.259418
-0.259508
-0.258412
-0.256573
-0.25481
-0.254108
-0.255259
-0.258516
-0.263455
-0.269193
-0.274724
-0.279225
-0.28219
-0.28345
-0.283089
-0.281412
-0.278954
-0.27645
-0.274658
-0.274195
-0.275318
-0.277743
-0.28081
-0.283691
-0.28563
-0.286154
-0.285143
-0.282823
-0.279711
-0.276489
-0.273878
-0.272394
-0.272234
-0.273305
-0.275343
-0.278028
-0.281092
-0.284328
-0.28754
-0.290561
-0.293244
-0.295521
-0.297337
-0.298745
-0.299832
-0.3007
-0.301456
-0.302157
-0.3028
-0.303293
-0.3035
-0.30324
-0.302315
-0.300581
-0.297977
-0.294568
-0.290557
-0.286321
-0.282343
-0.279182
-0.277308
-0.27706
-0.278499
-0.281394
-0.285338
-0.28986
-0.294501
-0.298931
-0.302963
-0.306524
-0.309612
-0.312288
-0.314616
-0.31666
-0.31849
-0.320171
-0.321758
-0.323287
-0.324802
-0.32629
-0.327758
-0.32915
-0.330376
-0.331334
-0.331852
-0.33172
-0.330749
-0.328744
-0.325611
-0.321404
-0.316403
-0.311148
-0.306317
-0.302632
-0.300617
-0.300604
-0.302688
-0.30678
-0.312532
-0.319364
-0.32646
-0.332931
-0.338008
-0.341117
-0.341903
-0.340213
-0.33599
-0.32933
-0.320496
-0.309933
-0.298356
-0.286731
-0.276092
-0.267526
-0.261926
-0.25998
-0.261873
-0.267269
-0.275254
-0.284657
-0.294367
-0.303564
-0.311737
-0.318662
-0.324229
-0.32846
-0.331456
-0.333339
-0.334238
-0.334291
-0.33366
-0.332474
-0.330896
-0.329085
-0.327192
-0.325406
-0.323868
-0.322704
-0.321999
-0.321777
-0.322041
-0.322715
-0.323702
-0.324912
-0.32626
-0.327668
-0.32907
-0.330452
-0.331774
-0.333078
-0.334336
-0.335564
-0.336749
-0.337915
-0.339042
-0.340121
-0.341122
-0.342021
-0.342753
-0.343247
-0.34338
-0.343015
-0.341918
-0.339781
-0.336241
-0.330816
-0.323084
-0.312736
-0.300059
-0.286338
-0.274099
-0.266476
-0.265642
-0.271322
-0.281051
-0.291682
-0.300903
-0.307614
-0.311573
-0.312994
-0.312229
-0.309762
-0.306124
-0.302007
-0.298247
-0.295708
-0.295059
-0.296549
-0.299983
-0.304763
-0.310116
-0.315343
-0.319925
-0.323559
-0.326115
-0.327598
-0.328057
-0.327542
-0.326094
-0.323688
-0.32019
-0.315403
-0.30906
-0.300952
-0.291109
-0.280051
-0.269047
-0.260031
-0.25518
-0.255945
-0.26225
-0.272483
-0.284239
-0.29537
-0.304484
-0.311007
-0.314924
-0.316491
-0.31607
-0.314024
-0.310765
-0.306687
-0.30229
-0.298123
-0.294792
-0.292818
-0.292471
-0.293711
-0.296194
-0.299399
-0.302792
-0.305944
-0.30859
-0.310614
-0.311963
-0.312655
-0.312707
-0.312136
-0.310904
-0.308985
-0.306285
-0.302736
-0.298273
-0.292886
-0.286653
-0.279781
-0.27268
-0.265955
-0.260223
-0.25603
-0.253567
-0.252609
-0.252619
-0.252958
-0.253083
-0.252692
-0.251729
-0.250339
-0.248807
-0.247412
-0.246404
-0.245902
-0.245863
-0.246262
-0.247079
-0.248385
-0.250374
-0.253207
-0.256957
-0.261475
-0.266427
-0.271369
-0.275823
-0.279452
-0.28203
-0.283438
-0.283684
-0.282819
-0.280932
-0.27814
-0.274633
-0.27064
-0.266466
-0.26247
-0.259031
-0.256459
-0.254931
-0.254461
-0.254898
-0.255948
-0.257297
-0.258664
-0.259831
-0.260689
-0.261174
-0.261292
-0.261071
-0.260555
-0.25981
-0.25888
-0.257815
-0.256654
-0.255413
-0.254121
-0.252804
-0.251453
-0.250103
-0.248794
-0.247566
-0.246485
-0.245637
-0.245116
-0.244979
-0.245244
-0.245859
-0.246716
-0.247687
-0.248643
-0.249464
-0.250124
-0.250631
-0.251069
-0.251525
-0.252086
-0.252753
-0.253491
-0.254166
-0.254607
-0.254633
-0.254064
-0.2528
-0.250813
-0.248212
-0.245212
-0.242156
-0.239415
-0.237341
-0.236162
-0.235929
-0.236523
-0.237728
-0.23932
-0.241146
-0.243199
-0.2455
-0.248143
-0.251221
-0.254731
-0.258569
-0.262537
-0.266418
-0.270003
-0.273135
-0.27573
-0.277794
-0.279389
-0.280631
-0.281634
-0.282504
-0.283318
-0.284094
-0.284834
-0.285464
-0.285903
-0.286046
-0.285798
-0.285044
-0.283645
-0.281359
-0.277866
-0.272671
-0.265224
-0.255209
-0.24316
-0.231098
-0.22253
-0.221004
-0.227608
-0.240086
-0.254462
-0.267317
-0.276912
-0.282861
-0.285535
-0.285539
-0.283631
-0.280549
-0.277057
-0.273821
-0.271267
-0.26948
-0.268226
-0.267107
-0.265856
-0.264516
-0.263572
-0.263663
-0.265338
-0.268739
-0.273585
-0.279307
-0.285309
-0.29108
-0.296319
-0.300877
-0.304743
-0.307975
-0.310677
-0.312957
-0.31492
-0.316644
-0.318197
-0.319612
-0.320901
-0.322065
-0.323111
-0.324014
-0.324794
-0.325412
-0.325863
-0.326149
-0.326264
-0.326217
-0.325999
-0.325626
-0.325126
-0.324523
-0.323821
-0.32306
-0.322217
-0.321276
-0.320143
-0.318701
-0.316789
-0.314217
-0.310763
-0.306198
-0.300329
-0.293106
-0.284752
-0.275985
-0.268238
-0.263505
-0.263711
-0.26972
-0.280653
-0.294302
-0.308238
-0.320672
-0.330704
-0.338166
-0.343255
-0.346299
-0.347662
-0.347643
-0.346477
-0.344328
-0.341357
-0.337679
-0.33344
-0.328803
-0.324021
-0.319368
-0.315151
-0.311602
-0.308868
-0.306891
-0.305386
-0.303974
-0.302284
-0.300291
-0.298402
-0.297514
-0.298678
-0.302645
-0.309396
-0.318071
-0.327453
-0.336417
-0.344216
-0.350534
-0.355337
-0.358739
-0.360896
-0.361962
-0.362045
-0.361203
-0.359454
-0.356768
-0.353114
-0.348479
-0.342862
-0.336372
-0.32926
-0.321906
-0.31493
-0.309019
-0.30487
-0.302955
-0.303383
-0.305878
-0.309897
-0.314862
-0.320263
-0.325745
-0.331065
-0.336048
-0.340476
-0.344056
-0.346468
-0.347225
-0.345839
-0.341964
-0.335623
-0.327595
-0.319736
-0.31462
-0.314464
-0.319854
-0.329288
-0.340289
-0.350665
-0.35925
-0.365718
-0.370312
-0.373447
-0.375541
-0.376933
-0.377861
-0.378482
-0.37892
-0.379212
-0.379411
-0.379546
-0.379678
-0.379839
-0.380088
-0.380508
-0.381144
-0.382057
-0.383266
-0.38474
-0.386376
-0.387941
-0.389063
-0.389193
-0.387561
-0.383263
-0.375522
-0.364304
-0.351224
-0.340089
-0.335712
-0.340716
-0.353308
-0.368766
-0.382671
-0.392671
-0.398239
-0.399667
-0.397335
-0.391266
-0.381067
-0.366177
-0.346781
-0.325367
-0.307771
-0.301078
-0.308293
-0.325447
-0.345337
-0.362731
-0.375834
-0.385043
-0.391481
-0.396221
-0.400076
-0.403572
-0.407048
-0.41064
-0.414372
-0.418115
-0.421654
-0.424737
-0.427088
-0.428454
-0.428577
-0.427275
-0.424414
-0.419991
-0.414182
-0.407429
-0.400448
-0.394112
-0.389325
-0.38672
-0.386545
-0.388607
-0.392344
-0.397
-0.401706
-0.405582
-0.407767
-0.407467
-0.404003
-0.397008
-0.38686
-0.375161
-0.364912
-0.359596
-0.361195
-0.36888
-0.379666
-0.390399
-0.399146
-0.405278
-0.409044
-0.411011
-0.411785
-0.411869
-0.411565
-0.411021
-0.410214
-0.409007
-0.40719
-0.404652
-0.401374
-0.39756
-0.393639
-0.3901
-0.387309
-0.385372
-0.38403
-0.382823
-0.38133
-0.379351
-0.377058
-0.374933
-0.373625
-0.373655
-0.375143
-0.377691
-0.380539
-0.382916
-0.384238
-0.384282
-0.383111
-0.380999
-0.378338
-0.375582
-0.373091
-0.371199
-0.369986
-0.369394
-0.369187
-0.368975
-0.368347
-0.366896
-0.364325
-0.36052
-0.35561
-0.349955
-0.344153
-0.338912
-0.334922
-0.332732
-0.332627
-0.334459
-0.337678
-0.341444
-0.344868
-0.347218
-0.348048
-0.347282
-0.345168
-0.34209
-0.338565
-0.335112
-0.332172
-0.330099
-0.329123
-0.329342
-0.330662
-0.332881
-0.335606
-0.338427
-0.341011
-0.343137
-0.344734
-0.345822
-0.346521
-0.346934
-0.347203
-0.347414
-0.347621
-0.347866
-0.348154
-0.348446
-0.348734
-0.348997
-0.349224
-0.34941
-0.349511
-0.349544
-0.349509
-0.349377
-0.349164
-0.348858
-0.348431
-0.347882
-0.347176
-0.346287
-0.345197
-0.343865
-0.342266
-0.340428
-0.338364
-0.336173
-0.333985
-0.331975
-0.330361
-0.329319
-0.328961
-0.329264
-0.330119
-0.331289
-0.332549
-0.333683
-0.334572
-0.33517
-0.335527
-0.335746
-0.335969
-0.336305
-0.336828
-0.337609
-0.338614
-0.339833
-0.341175
-0.342564
-0.343883
-0.345042
-0.345917
-0.346414
-0.346437
-0.345922
-0.344826
-0.343097
-0.340748
-0.337831
-0.334392
-0.330551
-0.326437
-0.322293
-0.318471
-0.315441
-0.313765
-0.31392
-0.316133
-0.320195
-0.325524
-0.331312
-0.33666
-0.340758
-0.342861
-0.34225
-0.338234
-0.330172
-0.317778
-0.301674
-0.28401
-0.268366
-0.25839
-0.255577
-0.258875
-0.265138
-0.272274
-0.27929
-0.2861
-0.292798
-0.29935
-0.305524
-0.31103
-0.315629
-0.319213
-0.321785
-0.323412
-0.324215
-0.324323
-0.323871
-0.322922
-0.321553
-0.319803
-0.317648
-0.315071
-0.31204
-0.308536
-0.304536
-0.300096
-0.29537
-0.290609
-0.28619
-0.282552
-0.280094
-0.279058
-0.279456
-0.281051
-0.283435
-0.286181
-0.288896
-0.291333
-0.293324
-0.294815
-0.295805
-0.296332
-0.296435
-0.296182
-0.295631
-0.294814
-0.293802
-0.292648
-0.291416
-0.290168
-0.289
-0.287963
-0.287137
-0.286553
-0.286237
-0.28614
-0.286218
-0.286349
-0.286426
-0.286344
-0.285991
-0.285329
-0.284349
-0.283105
-0.281686
-0.280258
-0.278962
-0.277947
-0.277315
-0.277123
-0.277355
-0.277971
-0.278852
-0.279934
-0.281099
-0.282256
-0.283331
-0.284259
-0.284976
-0.285463
-0.285691
-0.285664
-0.285379
-0.284893
-0.284281
-0.283627
-0.283034
-0.282619
-0.282521
-0.282852
-0.283752
-0.285313
-0.287549
-0.290411
-0.29374
-0.297321
-0.300888
-0.304241
-0.307159
-0.309544
-0.311375
-0.312722
-0.313757
-0.314701
-0.315773
-0.317216
-0.31916
-0.321628
-0.324553
-0.327735
-0.330966
-0.33403
-0.336745
-0.338974
-0.340624
-0.341643
-0.341984
-0.341658
-0.340669
-0.339057
-0.336844
-0.33406
-0.330762
-0.327002
-0.322852
-0.318353
-0.313594
-0.30868
-0.303784
-0.299169
-0.29516
-0.292114
-0.290272
-0.289657
-0.289976
-0.290622
-0.290956
-0.290602
-0.289827
-0.289595
-0.291263
-0.295832
-0.303455
-0.313424
-0.324658
-0.336204
-0.347376
-0.35775
-0.367006
-0.374975
-0.381533
-0.38664
-0.39033
-0.392668
-0.393724
-0.393563
-0.392256
-0.389872
-0.386515
-0.382316
-0.377478
-0.372266
-0.367014
-0.362034
-0.357562
-0.353681
-0.350324
-0.347347
-0.34455
-0.34185
-0.33934
-0.337266
-0.335887
-0.33537
-0.335654
-0.336505
-0.337587
-0.338651
-0.339548
-0.34036
-0.341243
-0.342406
-0.343988
-0.346013
-0.34841
-0.35108
-0.353831
-0.356536
-0.359099
-0.361473
-0.363622
-0.365538
-0.367193
-0.368548
-0.369561
-0.370176
-0.370347
-0.370055
-0.369326
-0.368177
-0.36671
-0.365034
-0.363297
-0.361656
-0.360227
-0.359116
-0.358399
-0.35813
-0.358353
-0.359078
-0.360276
-0.361866
-0.363681
-0.365443
-0.366872
-0.3677
-0.367712
-0.366821
-0.365043
-0.362483
-0.359404
-0.356177
-0.353236
-0.351001
-0.3497
-0.349264
-0.349377
-0.349642
-0.349764
-0.349616
-0.349167
-0.348381
-0.347154
-0.345346
-0.342916
-0.340011
-0.33699
-0.334253
-0.332145
-0.330846
-0.330324
-0.33054
-0.331454
-0.333135
-0.335693
-0.339173
-0.343503
-0.348461
-0.353716
-0.358887
-0.363626
-0.367663
-0.370845
-0.373075
-0.374368
-0.374779
-0.374433
-0.37348
-0.372076
-0.370384
-0.368547
-0.366705
-0.364977
-0.363442
-0.36218
-0.361236
-0.360639
-0.36037
-0.360454
-0.360849
-0.361463
-0.362183
-0.362869
-0.363312
-0.363282
-0.362482
-0.360621
-0.3574
-0.352597
-0.346139
-0.338262
-0.329648
-0.321426
-0.314948
-0.311335
-0.31099
-0.313542
-0.318116
-0.323748
-0.32969
-0.335458
-0.340747
-0.345391
-0.349283
-0.352391
-0.354736
-0.356381
-0.357432
-0.357998
-0.358181
-0.358087
-0.357831
-0.357475
-0.357051
-0.356548
-0.355911
-0.355008
-0.353687
-0.351736
-0.348958
-0.345223
-0.340509
-0.334995
-0.329095
-0.323393
-0.318583
-0.315161
-0.313285
-0.312728
-0.313009
-0.31363
-0.314248
-0.314742
-0.31515
-0.315608
-0.316264
-0.317204
-0.318485
-0.320103
-0.32201
-0.324166
-0.326483
-0.3289
-0.331336
-0.333697
-0.335918
-0.337927
-0.339692
-0.341179
-0.342389
-0.343312
-0.343952
-0.344344
-0.344468
-0.344363
-0.344023
-0.343455
-0.342698
-0.341738
-0.340626
-0.339359
-0.33797
-0.33651
-0.335028
-0.333574
-0.332183
-0.330871
-0.32967
-0.328565
-0.32752
-0.326471
-0.325347
-0.324016
-0.322313
-0.320071
-0.317137
-0.313399
-0.308914
-0.304001
-0.29933
-0.295902
-0.294753
-0.29655
-0.301237
-0.30803
-0.315785
-0.323433
-0.330248
-0.3359
-0.340326
-0.343662
-0.346082
-0.347787
-0.348943
-0.349679
-0.350104
-0.350309
-0.350342
-0.350237
-0.350049
-0.349817
-0.349543
-0.34929
-0.349046
-0.348864
-0.348742
-0.348697
-0.348736
-0.348838
-0.348967
-0.349094
-0.349165
-0.349147
-0.348976
-0.348631
-0.348061
-0.347232
-0.346162
-0.344882
-0.343532
-0.342341
-0.341647
-0.341836
-0.343244
-0.346092
-0.350343
-0.355737
-0.361861
-0.368244
-0.374411
-0.380035
-0.384856
-0.388737
-0.39158
-0.393353
-0.393984
-0.393406
-0.391549
-0.388368
-0.38388
-0.378296
-0.372133
-0.366222
-0.361641
-0.359404
-0.360092
-0.36357
-0.369125
-0.375747
-0.382464
-0.388644
-0.393894
-0.398067
-0.401164
-0.403231
-0.404323
-0.404535
-0.403936
-0.402624
-0.400732
-0.398434
-0.395969
-0.393638
-0.391725
-0.390475
-0.390081
-0.390602
-0.392005
-0.394135
-0.396827
-0.399912
-0.403237
-0.406671
-0.410087
-0.413323
-0.416226
-0.418599
-0.420226
-0.420848
-0.420221
-0.418089
-0.414211
-0.408391
-0.400579
-0.390936
-0.379905
-0.368201
-0.356738
-0.346336
-0.337566
-0.330782
-0.326256
-0.324295
-0.325275
-0.32934
-0.336256
-0.345227
-0.355148
-0.364915
-0.37366
-0.380936
-0.386669
-0.391067
-0.394485
-0.397262
-0.399652
-0.401785
-0.403692
-0.405328
-0.406589
-0.407397
-0.407679
-0.407374
-0.40643
-0.404785
-0.402339
-0.399016
-0.394716
-0.389413
-0.383187
-0.376324
-0.369409
-0.363203
-0.358525
-0.355976
-0.355697
-0.357339
-0.360307
-0.364012
-0.367999
-0.372066
-0.37616
-0.380216
-0.38417
-0.387925
-0.39134
-0.39426
-0.396508
-0.397942
-0.398437
-0.39791
-0.39634
-0.393864
-0.390762
-0.387542
-0.384831
-0.383247
-0.383153
-0.384509
-0.38687
-0.389591
-0.392057
-0.393892
-0.395028
-0.395652
-0.39609
-0.396737
-0.39785
-0.399532
-0.401683
-0.404055
-0.40633
-0.408235
-0.409528
-0.410021
-0.409617
-0.408252
-0.405865
-0.402403
-0.39779
-0.391998
-0.38505
-0.377116
-0.36857
-0.360013
-0.352169
-0.345796
-0.341422
-0.339295
-0.339383
-0.341441
-0.345147
-0.35012
-0.355939
-0.362241
-0.368733
-0.375216
-0.38159
-0.387761
-0.393604
-0.398981
-0.403743
-0.407746
-0.410886
-0.413102
-0.414424
-0.414872
-0.414499
-0.413316
-0.411321
-0.408489
-0.404782
-0.400148
-0.394596
-0.388149
-0.380941
-0.373212
-0.365239
-0.357351
-0.349797
-0.342721
-0.336215
-0.330459
-0.325799
-0.322797
-0.321954
-0.323439
-0.326906
-0.331558
-0.336497
-0.340987
-0.344607
-0.347231
-0.348907
-0.349764
-0.349954
-0.349638
-0.348906
-0.347861
-0.346536
-0.34497
-0.343176
-0.341175
-0.33899
-0.336639
-0.334152
-0.33157
-0.328936
-0.32632
-0.323759
-0.321333
-0.319107
-0.317156
-0.315522
-0.314251
-0.313374
-0.31291
-0.312817
-0.313061
-0.313577
-0.314283
-0.315103
-0.315966
-0.3168
-0.317568
-0.318247
-0.318842
-0.319365
-0.31981
-0.320186
-0.320494
-0.320677
-0.320676
-0.32038
-0.319648
-0.318377
-0.316407
-0.313632
-0.309981
-0.305476
-0.300255
-0.294575
-0.288873
-0.283709
-0.279685
-0.277321
-0.276983
-0.278664
-0.282098
-0.286752
-0.292008
-0.297244
-0.301986
-0.30591
-0.308846
-0.310779
-0.311809
-0.312102
-0.311901
-0.311424
-0.310894
-0.310465
-0.310207
-0.310049
-0.309809
-0.309172
-0.307731
-0.305068
-0.300809
-0.294825
-0.287486
-0.279851
-0.273676
-0.270806
-0.272229
-0.277466
-0.284773
-0.292049
-0.297666
-0.300742
-0.301061
-0.298894
-0.294799
-0.289614
-0.284363
-0.28009
-0.277669
-0.277549
-0.279685
-0.283586
-0.288567
-0.293999
-0.299397
-0.304484
-0.309092
-0.313159
-0.316651
-0.319568
-0.321896
-0.323638
-0.324794
-0.325373
-0.325371
-0.324808
-0.323675
-0.322008
-0.319806
-0.317134
-0.314005
-0.310527
-0.306782
-0.302918
-0.299077
-0.295436
-0.292126
-0.289258
-0.286882
-0.284977
-0.283475
-0.282258
-0.281177
-0.280089
-0.278897
-0.277557
-0.276051
-0.274412
-0.272721
-0.271046
-0.269437
-0.267955
-0.266653
-0.265559
-0.264779
-0.264385
-0.26454
-0.265351
-0.266908
-0.269232
-0.27226
-0.275847
-0.279811
-0.283924
-0.287962
-0.291753
-0.295155
-0.298068
-0.300438
-0.30229
-0.303626
-0.304504
-0.304975
-0.305093
-0.304902
-0.304452
-0.303765
-0.302892
-0.301852
-0.300654
-0.299316
-0.297869
-0.296324
-0.294714
-0.293086
-0.291502
-0.290041
-0.288805
-0.2879
-0.287444
-0.287551
-0.288283
-0.289682
-0.291723
-0.294322
-0.297357
-0.300685
-0.304133
-0.307554
-0.310783
-0.313718
-0.316253
-0.318267
-0.319689
-0.320438
-0.320438
-0.319671
-0.318216
-0.316233
-0.313992
-0.311844
-0.310132
-0.309132
-0.309046
-0.309996
-0.312033
-0.315156
-0.319262
-0.324142
-0.329531
-0.335138
-0.340752
-0.346288
-0.351706
-0.357004
-0.362125
-0.366949
-0.371291
-0.374935
-0.377733
-0.379566
-0.380415
-0.380312
-0.379313
-0.377497
-0.374899
-0.371522
-0.367341
-0.362291
-0.35631
-0.349448
-0.341983
-0.334637
-0.328611
-0.325411
-0.326379
-0.331902
-0.341255
-0.352874
-0.365108
-0.376659
-0.386828
-0.395331
-0.402161
-0.407404
-0.411198
-0.413634
-0.414801
-0.414758
-0.413583
-0.411373
-0.408307
-0.40464
-0.400773
-0.397168
-0.394272
-0.392445
-0.391785
-0.392085
-0.392897
-0.39369
-0.393985
-0.393462
-0.392009
-0.389712
-0.386813
-0.383651
-0.38063
-0.378146
-0.376503
-0.375873
-0.376178
-0.377229
-0.378746
-0.380436
-0.382049
-0.383499
-0.384773
-0.385988
-0.387301
-0.38892
-0.39097
-0.393546
-0.396632
-0.400156
-0.403959
-0.407879
-0.411732
-0.415358
-0.418655
-0.421522
-0.423914
-0.425805
-0.427158
-0.427922
-0.428063
-0.427524
-0.426215
-0.42408
-0.421083
-0.417238
-0.412637
-0.407471
-0.402059
-0.396805
-0.392142
-0.388439
-0.385924
-0.384639
-0.384408
-0.38497
-0.386034
-0.387373
-0.3888
-0.390162
-0.391307
-0.392098
-0.392429
-0.392288
-0.391825
-0.391308
-0.39111
-0.391568
-0.392858
-0.394864
-0.397231
-0.399438
-0.400947
-0.401348
-0.400398
-0.398042
-0.394387
-0.389667
-0.384169
-0.378192
-0.372047
-0.366065
-0.360619
-0.356038
-0.352671
-0.350721
-0.350246
-0.35124
-0.353551
-0.35702
-0.361302
-0.365921
-0.37031
-0.373895
-0.376249
-0.377041
-0.376092
-0.37332
-0.368687
-0.362313
-0.354448
-0.34557
-0.336392
-0.327856
-0.321005
-0.316723
-0.315548
-0.317491
-0.321997
-0.328211
-0.335155
-0.341961
-0.347979
-0.352806
-0.356259
-0.358358
-0.3592
-0.358943
-0.357812
-0.35602
-0.353767
-0.35122
-0.348507
-0.345753
-0.34303
-0.340395
-0.337898
-0.335602
-0.333582
-0.331916
-0.330688
-0.329953
-0.329715
-0.329957
-0.330619
-0.331635
-0.332897
-0.334328
-0.335964
-0.337472
-0.338957
-0.340344
-0.34156
-0.342521
-0.343143
-0.34329
-0.34286
-0.341718
-0.339804
-0.337106
-0.333698
-0.329816
-0.325834
-0.322238
-0.319593
-0.318411
-0.31905
-0.32157
-0.325723
-0.331003
-0.336812
-0.342551
-0.34778
-0.352173
-0.355584
-0.357978
-0.359394
-0.359927
-0.359681
-0.358864
-0.35762
-0.356195
-0.354777
-0.353565
-0.35269
-0.352189
-0.352002
-0.35202
-0.352096
-0.352071
-0.351801
-0.35115
-0.349949
-0.348047
-0.34536
-0.34199
-0.338256
-0.334745
-0.33218
-0.331114
-0.331727
-0.333688
-0.336355
-0.339001
-0.341042
-0.34213
-0.342175
-0.341309
-0.339815
-0.338109
-0.33665
-0.335879
-0.336179
-0.337751
-0.340653
-0.344784
-0.349893
-0.355671
-0.361744
-0.36777
-0.373467
-0.378598
-0.383007
-0.386633
-0.389429
-0.391425
-0.39269
-0.393322
-0.393457
-0.393251
-0.392891
-0.392534
-0.392358
-0.392443
-0.392818
-0.393455
-0.394255
-0.395084
-0.395775
-0.396194
-0.396213
-0.39573
-0.394702
-0.393125
-0.391061
-0.388639
-0.386038
-0.383527
-0.381401
-0.379947
-0.379416
-0.379932
-0.381432
-0.383726
-0.386455
-0.389141
-0.391297
-0.392472
-0.392344
-0.390779
-0.387991
-0.38449
-0.3811
-0.378633
-0.37764
-0.37819
-0.379906
-0.382195
-0.384591
-0.386801
-0.388738
-0.390446
-0.39199
-0.393444
-0.394901
-0.396462
-0.398243
-0.400353
-0.402833
-0.405619
-0.408579
-0.41151
-0.414216
-0.416529
-0.418335
-0.419599
-0.420294
-0.420452
-0.42007
-0.419161
-0.417792
-0.416044
-0.414075
-0.412097
-0.410368
-0.409164
-0.408678
-0.409019
-0.410175
-0.412059
-0.414579
-0.417658
-0.421294
-0.425451
-0.430075
-0.435034
-0.440128
-0.44511
-0.449733
-0.453802
-0.457201
-0.459872
-0.461796
-0.463
-0.463541
-0.463464
-0.462809
-0.461635
-0.459999
-0.457974
-0.455633
-0.453074
-0.45038
-0.447663
-0.444982
-0.442376
-0.439897
-0.437527
-0.435278
-0.433138
-0.431142
-0.429311
-0.427693
-0.426334
-0.42527
-0.424497
-0.424
-0.423725
-0.423624
-0.423606
-0.42359
-0.42347
-0.423105
-0.422362
-0.421107
-0.419186
-0.416447
-0.412771
-0.408117
-0.402486
-0.396036
-0.389088
-0.382233
-0.376363
-0.372606
-0.371996
-0.374952
-0.380884
-0.388285
-0.395518
-0.40144
-0.405806
-0.409099
-0.41212
-0.4155
-0.419404
-0.423553
-0.427416
-0.430458
-0.4323
-0.432787
-0.431915
-0.429785
-0.426584
-0.42251
-0.417812
-0.412714
-0.407467
-0.40229
-0.397312
-0.39266
-0.388369
-0.384442
-0.380918
-0.377867
-0.375413
-0.373733
-0.37292
-0.372963
-0.373736
-0.375004
-0.376518
-0.378061
-0.379481
-0.380685
-0.381684
-0.382499
-0.383194
-0.38384
-0.384441
-0.385013
-0.385497
-0.385744
-0.385607
-0.384831
-0.383195
-0.380548
-0.376868
-0.372385
-0.367652
-0.36352
-0.360933
-0.360555
-0.362493
-0.366226
-0.370807
-0.375203
-0.378568
-0.380323
-0.380138
-0.377846
-0.373461
-0.367197
-0.359621
-0.351689
-0.344604
-0.339571
-0.337321
-0.337888
-0.340809
-0.345434
-0.351197
-0.357682
-0.364543
-0.371342
-0.377653
-0.383098
-0.387386
-0.390341
-0.391915
-0.392096
-0.390882
-0.388346
-0.384564
-0.379698
-0.374004
-0.367822
-0.36158
-0.35573
-0.350563
-0.346216
-0.342571
-0.339352
-0.336271
-0.333161
-0.330162
-0.327726
-0.326436
-0.326746
-0.328701
-0.331888
-0.3356
-0.339129
-0.341964
-0.343983
-0.345246
-0.346032
-0.346633
-0.347284
-0.348194
-0.349431
-0.350971
-0.352754
-0.35462
-0.356417
-0.357982
-0.359204
-0.36
-0.360351
-0.3603
-0.359924
-0.359356
-0.35873
-0.358174
-0.357786
-0.357597
-0.357612
-0.357786
-0.358029
-0.358267
-0.358424
-0.358464
-0.358363
-0.358088
-0.357679
-0.357163
-0.356571
-0.355929
-0.355282
-0.354659
-0.354067
-0.353536
-0.353043
-0.35261
-0.35222
-0.351857
-0.351468
-0.351054
-0.350571
-0.349992
-0.349258
-0.348364
-0.347256
-0.345945
-0.344463
-0.342867
-0.341293
-0.339929
-0.339021
-0.338775
-0.339353
-0.340802
-0.343077
-0.345965
-0.349225
-0.352557
-0.355736
-0.358569
-0.360915
-0.362702
-0.363884
-0.364429
-0.364334
-0.363596
-0.362274
-0.360433
-0.358212
-0.355815
-0.353482
-0.351455
-0.349871
-0.348743
-0.347943
-0.347192
-0.346206
-0.344752
-0.342825
-0.34058
-0.33842
-0.336856
-0.336372
-0.337307
-0.339746
-0.343533
-0.34829
-0.353546
-0.358811
-0.36365
-0.367703
-0.370668
-0.372328
-0.372494
-0.370992
-0.367665
-0.362391
-0.355162
-0.346232
-0.336173
-0.325993
-0.317041
-0.310736
-0.308071
-0.309239
-0.313567
-0.319769
-0.326494
-0.332665
-0.337667
-0.341331
-0.34382
-0.345414
-0.346463
-0.347309
-0.348174
-0.349188
-0.350396
-0.351765
-0.353218
-0.354652
-0.355975
-0.357117
-0.358015
-0.35866
-0.359054
-0.359212
-0.359161
-0.358937
-0.35859
-0.35816
-0.357688
-0.357213
-0.356784
-0.356448
-0.356234
-0.356177
-0.356295
-0.356614
-0.357148
-0.357895
-0.358869
-0.360039
-0.361402
-0.362938
-0.364629
-0.366451
-0.36833
-0.370233
-0.372056
-0.373696
-0.374958
-0.375642
-0.375394
-0.37379
-0.370292
-0.364391
-0.35582
-0.345008
-0.333577
-0.324396
-0.320542
-0.323398
-0.331663
-0.342292
-0.352335
-0.360071
-0.365022
-0.367453
-0.367956
-0.367164
-0.365693
-0.364072
-0.362761
-0.362135
-0.362479
-0.363946
-0.366586
-0.370289
-0.374856
-0.380012
-0.385451
-0.390897
-0.396097
-0.400819
-0.404901
-0.408202
-0.410622
-0.412094
-0.412594
-0.412093
-0.410624
-0.408287
-0.405271
-0.401841
-0.39829
-0.394966
-0.392091
-0.389799
-0.388021
-0.386608
-0.385376
-0.384227
-0.383208
-0.382536
-0.382532
-0.383507
-0.385731
-0.3893
-0.394132
-0.400006
-0.4066
-0.413482
-0.420256
-0.426572
-0.432148
-0.436792
-0.440419
-0.44302
-0.444615
-0.445251
-0.444981
-0.443821
-0.441753
-0.438684
-0.434446
-0.428838
-0.421702
-0.412985
-0.40304
-0.392772
-0.383711
-0.377615
-0.375724
-0.378038
-0.383325
-0.389789
-0.395885
-0.400671
-0.403841
-0.405483
-0.405918
-0.405517
-0.404539
-0.403152
-0.401387
-0.399154
-0.396482
-0.393614
-0.391197
-0.390116
-0.391095
-0.39435
-0.399368
-0.405178
-0.410701
-0.415129
-0.41802
-0.419211
-0.418732
-0.41669
-0.413209
-0.408408
-0.402449
-0.395595
-0.388301
-0.381217
-0.375127
-0.370792
-0.368656
-0.368741
-0.370589
-0.373557
-0.377009
-0.380507
-0.383825
-0.386887
-0.389695
-0.39225
-0.394535
-0.396489
-0.398018
-0.399047
-0.399503
-0.399347
-0.398561
-0.397176
-0.395267
-0.392953
-0.390382
-0.387764
-0.385304
-0.383255
-0.3818
-0.381074
-0.381169
-0.382035
-0.383567
-0.385601
-0.387965
-0.390476
-0.392992
-0.395393
-0.397593
-0.399528
-0.401199
-0.402591
-0.403731
-0.404636
-0.405352
-0.405889
-0.406278
-0.406543
-0.406686
-0.406667
-0.406432
-0.405898
-0.404956
-0.403472
-0.401298
-0.398308
-0.394437
-0.389679
-0.384205
-0.378324
-0.372471
-0.367157
-0.362785
-0.359605
-0.357666
-0.356901
-0.357207
-0.358541
-0.360896
-0.364251
-0.368505
-0.373431
-0.378755
-0.384148
-0.38933
-0.394055
-0.398127
-0.401429
-0.403907
-0.405548
-0.406321
-0.406232
-0.405276
-0.40345
-0.400795
-0.397356
-0.393277
-0.388843
-0.384434
-0.380553
-0.377709
-0.376306
-0.376505
-0.378177
-0.380975
-0.384431
-0.388068
-0.391503
-0.394433
-0.396671
-0.398092
-0.398646
-0.39834
-0.397261
-0.395629
-0.393719
-0.391904
-0.390539
-0.389883
-0.390005
-0.390743
-0.391759
-0.392663
-0.39308
-0.392812
-0.391862
-0.39047
-0.389069
-0.388171
-0.388214
-0.389432
-0.391808
-0.395058
-0.398749
-0.402392
-0.405568
-0.407932
-0.409315
-0.409622
-0.40892
-0.407373
-0.405295
-0.403118
-0.401312
-0.400293
-0.400376
-0.401591
-0.403791
-0.406654
-0.409779
-0.412823
-0.415531
-0.417737
-0.419353
-0.420351
-0.420724
-0.420488
-0.419666
-0.418285
-0.416391
-0.414058
-0.411331
-0.408246
-0.404777
-0.400828
-0.396306
-0.391221
-0.38599
-0.381455
-0.378841
-0.379206
-0.382922
-0.389364
-0.397308
-0.405425
-0.412778
-0.418922
-0.423763
-0.427413
-0.430049
-0.431824
-0.43282
-0.433066
-0.432482
-0.430968
-0.428374
-0.424478
-0.419136
-0.412272
-0.403963
-0.394511
-0.384561
-0.374966
-0.366764
-0.3608
-0.357381
-0.356169
-0.356306
-0.356816
-0.357039
-0.35686
-0.356635
-0.357048
-0.358661
-0.361738
-0.366066
-0.371131
-0.376332
-0.38119
-0.385507
-0.389325
-0.392781
-0.396003
-0.399016
-0.401683
-0.403825
-0.405242
-0.405819
-0.405482
-0.404236
-0.402172
-0.399428
-0.396139
-0.392545
-0.388885
-0.38548
-0.382629
-0.38054
-0.379314
-0.378936
-0.379288
-0.380193
-0.381465
-0.38292
-0.384389
-0.385717
-0.386788
-0.387492
-0.387795
-0.387712
-0.387303
-0.386673
-0.385969
-0.38534
-0.384918
-0.384755
-0.384876
-0.385192
-0.385611
-0.385997
-0.386261
-0.3864
-0.386486
-0.386618
-0.386875
-0.387285
-0.387757
-0.388131
-0.388182
-0.387714
-0.38654
-0.38459
-0.381907
-0.378636
-0.375035
-0.371487
-0.368415
-0.366272
-0.365405
-0.365979
-0.367886
-0.370758
-0.374071
-0.377204
-0.379609
-0.380856
-0.380724
-0.379231
-0.376607
-0.373322
-0.369945
-0.367034
-0.364957
-0.363728
-0.362981
-0.362136
-0.36063
-0.358126
-0.354737
-0.350991
-0.34778
-0.345984
-0.346063
-0.347841
-0.350597
-0.353363
-0.35527
-0.355849
-0.355016
-0.353013
-0.350331
-0.347542
-0.345215
-0.343789
-0.343481
-0.344317
-0.346114
-0.348555
-0.351307
-0.354067
-0.356634
-0.358892
-0.360797
-0.362397
-0.363751
-0.364933
-0.366007
-0.367012
-0.367971
-0.368895
-0.369786
-0.37063
-0.371412
-0.372148
-0.372818
-0.373416
-0.373915
-0.374297
-0.374514
-0.374522
-0.374219
-0.373528
-0.372295
-0.370401
-0.367673
-0.36402
-0.35938
-0.353802
-0.347548
-0.341105
-0.335193
-0.330666
-0.328343
-0.328704
-0.331805
-0.337186
-0.344062
-0.351546
-0.358877
-0.365518
-0.371182
-0.375759
-0.379306
-0.381914
-0.38372
-0.384867
-0.385462
-0.385607
-0.38538
-0.384835
-0.384018
-0.382994
-0.381814
-0.380533
-0.379256
-0.378075
-0.377112
-0.376494
-0.376314
-0.376627
-0.377438
-0.378661
-0.380183
-0.381882
-0.383623
-0.38531
-0.386861
-0.388236
-0.389402
-0.390347
-0.391051
-0.391463
-0.391495
-0.391026
-0.389914
-0.388027
-0.385326
-0.381937
-0.378257
-0.374934
-0.372812
-0.372635
-0.374801
-0.379106
-0.384786
-0.390841
-0.396231
-0.400122
-0.401997
-0.401657
-0.399218
-0.395141
-0.390231
-0.385513
-0.382064
-0.380712
-0.381849
-0.385285
-0.390397
-0.396357
-0.402382
-0.407874
-0.412499
-0.416126
-0.418753
-0.420497
-0.421526
-0.422002
-0.422102
-0.421937
-0.421567
-0.42097
-0.42004
-0.418652
-0.416734
-0.414108
-0.41152
-0.409171
-0.407602
-0.407276
-0.408408
-0.410915
-0.414362
-0.418217
-0.421955
-0.425181
-0.427706
-0.429481
-0.430536
-0.431022
-0.43107
-0.430834
-0.430486
-0.430137
-0.42988
-0.429761
-0.429802
-0.430001
-0.430308
-0.430694
-0.431105
-0.431526
-0.431922
-0.432261
-0.432564
-0.432787
-0.432903
-0.432862
-0.432625
-0.432142
-0.431383
-0.430386
-0.429184
-0.427853
-0.426517
-0.4253
-0.424307
-0.423551
-0.423019
-0.422547
-0.421964
-0.420996
-0.419435
-0.417168
-0.414139
-0.410441
-0.406263
-0.401816
-0.39732
-0.393008
-0.389216
-0.386431
-0.385304
-0.386451
-0.390258
-0.396557
-0.404626
-0.413449
-0.422057
-0.429811
-0.43641
-0.441817
-0.446178
-0.449648
-0.452367
-0.454444
-0.455893
-0.456713
-0.456887
-0.456401
-0.455256
-0.453467
-0.451088
-0.44821
-0.444918
-0.441308
-0.437442
-0.433296
-0.428765
-0.423703
-0.417936
-0.411504
-0.404777
-0.398591
-0.394178
-0.392749
-0.394895
-0.400279
-0.407817
-0.416156
-0.424196
-0.431275
-0.43719
-0.441964
-0.445799
-0.448935
-0.451584
-0.453932
-0.456103
-0.45817
-0.460146
-0.461986
-0.46362
-0.464938
-0.46586
-0.466284
-0.466133
-0.465388
-0.464007
-0.462005
-0.459453
-0.456436
-0.453147
-0.449837
-0.446811
-0.444368
-0.442752
-0.442103
-0.442402
-0.443539
-0.445363
-0.447681
-0.45033
-0.453099
-0.455756
-0.457991
-0.459497
-0.459964
-0.45917
-0.457019
-0.45362
-0.449374
-0.444978
-0.441333
-0.439329
-0.439524
-0.441882
-0.445841
-0.450531
-0.455111
-0.458938
-0.461681
-0.46325
-0.463692
-0.463195
-0.461969
-0.460218
-0.458169
-0.456027
-0.453946
-0.452044
-0.450369
-0.448948
-0.447723
-0.446599
-0.445459
-0.444188
-0.442657
-0.440717
-0.438182
-0.434841
-0.430445
-0.424773
-0.417784
-0.40985
-0.401969
-0.3958
-0.393164
-0.39522
-0.401745
-0.41121
-0.421617
-0.431331
-0.439384
-0.44545
-0.449607
-0.452099
-0.45321
-0.453208
-0.452324
-0.450767
-0.448687
-0.446221
-0.443494
-0.440633
-0.437745
-0.434924
-0.432255
-0.429836
-0.42772
-0.425986
-0.424663
-0.423806
-0.42343
-0.423564
-0.424131
-0.425072
-0.4262
-0.427311
-0.428155
-0.428555
-0.42837
-0.427568
-0.426267
-0.424624
-0.422886
-0.421223
-0.419775
-0.418541
-0.417533
-0.41673
-0.41619
-0.41601
-0.416254
-0.416955
-0.418068
-0.419486
-0.421103
-0.422865
-0.424776
-0.426879
-0.429196
-0.431715
-0.43432
-0.436871
-0.43919
-0.44111
-0.442523
-0.443371
-0.443659
-0.443443
-0.44279
-0.441795
-0.440554
-0.439141
-0.437638
-0.436069
-0.434462
-0.432794
-0.431046
-0.429155
-0.427072
-0.424748
-0.42213
-0.4192
-0.415948
-0.412398
-0.408594
-0.404624
-0.400635
-0.396767
-0.393208
-0.39015
-0.387768
-0.386201
-0.385502
-0.385633
-0.386474
-0.387802
-0.389402
-0.391019
-0.392453
-0.393545
-0.394186
-0.394336
-0.393955
-0.392971
-0.391252
-0.388607
-0.384803
-0.379641
-0.373135
-0.365649
-0.357945
-0.351179
-0.346583
-0.345071
-0.346824
-0.351286
-0.357453
-0.364251
-0.370824
-0.376655
-0.381467
-0.385216
-0.387944
-0.389773
-0.390848
-0.391304
-0.39127
-0.390856
-0.390177
-0.389327
-0.388376
-0.387367
-0.386349
-0.385364
-0.384423
-0.383536
-0.382736
-0.382035
-0.381445
-0.380997
-0.380713
-0.380586
-0.380615
-0.380767
-0.380995
-0.381242
-0.381437
-0.38152
-0.381395
-0.381004
-0.380305
-0.37925
-0.37784
-0.376077
-0.373997
-0.371673
-0.369178
-0.366584
-0.363988
-0.361477
-0.359105
-0.356881
-0.354821
-0.353033
-0.351659
-0.350982
-0.351314
-0.352922
-0.355887
-0.360026
-0.364953
-0.370188
-0.37525
-0.379788
-0.383571
-0.386531
-0.388657
-0.389981
-0.390556
-0.390454
-0.389707
-0.388348
-0.386404
-0.383862
-0.380742
-0.377046
-0.372839
-0.368187
-0.36322
-0.358077
-0.352952
-0.348001
-0.343354
-0.339103
-0.335245
-0.331764
-0.328658
-0.325961
-0.323809
-0.32238
-0.321862
-0.32237
-0.323908
-0.326349
-0.329467
-0.332968
-0.336561
-0.33998
-0.343035
-0.345613
-0.347634
-0.349065
-0.349928
-0.35029
-0.350242
-0.34989
-0.349354
-0.348804
-0.348377
-0.348238
-0.348492
-0.349214
-0.350404
-0.35201
-0.353927
-0.356028
-0.358179
-0.360266
-0.362211
-0.363919
-0.365341
-0.366434
-0.367164
-0.367504
-0.367426
-0.366894
-0.365875
-0.364339
-0.362255
-0.359674
-0.356625
-0.353267
-0.349792
-0.346469
-0.343617
-0.341534
-0.340436
-0.340373
-0.341237
-0.342746
-0.344553
-0.346269
-0.347545
-0.348099
-0.347733
-0.346307
-0.343767
-0.340168
-0.335711
-0.330799
-0.326024
-0.322048
-0.319436
-0.318412
-0.318809
-0.320102
-0.321752
-0.323308
-0.324598
-0.325681
-0.326743
-0.327969
-0.329488
-0.331274
-0.33325
-0.335278
-0.337218
-0.339007
-0.340628
-0.342094
-0.343451
-0.344759
-0.346054
-0.347349
-0.348638
-0.349926
-0.351189
-0.352409
-0.353551
-0.354599
-0.355541
-0.35635
-0.357034
-0.357588
-0.357996
-0.35828
-0.358414
-0.358415
-0.358286
-0.35802
-0.357622
-0.357101
-0.356451
-0.35567
-0.354782
-0.353779
-0.352664
-0.351461
-0.350184
-0.348846
-0.347459
-0.346027
-0.344534
-0.342983
-0.341366
-0.339661
-0.33788
-0.336032
-0.334193
-0.332448
-0.330953
-0.329876
-0.329399
-0.329649
-0.330677
-0.332421
-0.334727
-0.337329
-0.339918
-0.342173
-0.343797
-0.34449
-0.344013
-0.342192
-0.338942
-0.334281
-0.328447
-0.321887
-0.315331
-0.309659
-0.305716
-0.304075
-0.304813
-0.307482
-0.311325
-0.315545
-0.319541
-0.322948
-0.325624
-0.32762
-0.329058
-0.330105
-0.330951
-0.331762
-0.332648
-0.333654
-0.334775
-0.335949
-0.337105
-0.338198
-0.33916
-0.339948
-0.340512
-0.340844
-0.340911
-0.340702
-0.340209
-0.339465
-0.338504
-0.337386
-0.336183
-0.334952
-0.333737
-0.332523
-0.331329
-0.330139
-0.328937
-0.327687
-0.326297
-0.324586
-0.322232
-0.318811
-0.314011
-0.307872
-0.301225
-0.295778
-0.293662
-0.296345
-0.303671
-0.313957
-0.324977
-0.335006
-0.343163
-0.349306
-0.353662
-0.356575
-0.358413
-0.359437
-0.359849
-0.359819
-0.35943
-0.358752
-0.357842
-0.356769
-0.355581
-0.354329
-0.353077
-0.351861
-0.350704
-0.349643
-0.348648
-0.347667
-0.346664
-0.34558
-0.344377
-0.343087
-0.341766
-0.340505
-0.339441
-0.338676
-0.338305
-0.338373
-0.338849
-0.339688
-0.340824
-0.342184
-0.343723
-0.345408
-0.347235
-0.349199
-0.351294
-0.353503
-0.355791
-0.358121
-0.360447
-0.362723
-0.364928
-0.367036
-0.369043
-0.370945
-0.372759
-0.374495
-0.376167
-0.377791
-0.379383
-0.380913
-0.382373
-0.383742
-0.384967
-0.386005
-0.386856
-0.387494
-0.387949
-0.388247
-0.388456
-0.388659
-0.388964
-0.389444
-0.390166
-0.391131
-0.392306
-0.393521
-0.394621
-0.395394
-0.395618
-0.395125
-0.393794
-0.39161
-0.388639
-0.385116
-0.381371
-0.377862
-0.375112
-0.373651
-0.373799
-0.375632
-0.378873
-0.383065
-0.387629
-0.392069
-0.396068
-0.399505
-0.402424
-0.40495
-0.40725
-0.409459
-0.411621
-0.41373
-0.415722
-0.417485
-0.418927
-0.419976
-0.420556
-0.420655
-0.420269
-0.419381
-0.417967
-0.415966
-0.413342
-0.410119
-0.406429
-0.402583
-0.399046
-0.396406
-0.395276
-0.396077
-0.398954
-0.403676
-0.409697
-0.416306
-0.422791
-0.428596
-0.433359
-0.436922
-0.439251
-0.440402
-0.440478
-0.439593
-0.437847
-0.435339
-0.432151
-0.428422
-0.424302
-0.420031
-0.415887
-0.412256
-0.409514
-0.408003
-0.407953
-0.409429
-0.412291
-0.416248
-0.420878
-0.425764
-0.430487
-0.434717
-0.438208
-0.440808
-0.442466
-0.443225
-0.443178
-0.442493
-0.441375
-0.44007
-0.438813
-0.437815
-0.437264
-0.437254
-0.437806
-0.438859
-0.440283
-0.441899
-0.44352
-0.44499
-0.446175
-0.446983
-0.447364
-0.447257
-0.446571
-0.445191
-0.442949
-0.439668
-0.43521
-0.429579
-0.422955
-0.415779
-0.408681
-0.402332
-0.39735
-0.394069
-0.392561
-0.392666
-0.39411
-0.39658
-0.399795
-0.403528
-0.407526
-0.411614
-0.415649
-0.419497
-0.423072
-0.426262
-0.428906
-0.430801
-0.431618
-0.430948
-0.428317
-0.423277
-0.415766
-0.406499
-0.397313
-0.390926
-0.389805
-0.3946
-0.403733
-0.414506
-0.424548
-0.432539
-0.438108
-0.441409
-0.442766
-0.442473
-0.440768
-0.43777
-0.433591
-0.428289
-0.42198
-0.414833
-0.407083
-0.399059
-0.39114
-0.383742
-0.377281
-0.372135
-0.368641
-0.367042
-0.367377
-0.369476
-0.372952
-0.37729
-0.381939
-0.38648
-0.390616
-0.394189
-0.397157
-0.399572
-0.401482
-0.402993
-0.40422
-0.405311
-0.406394
-0.407563
-0.408894
-0.410374
-0.411938
-0.413467
-0.414792
-0.415732
-0.416107
-0.415749
-0.41449
-0.412217
-0.408824
-0.404258
-0.39854
-0.391808
-0.384422
-0.377089
-0.370906
-0.367192
-0.367044
-0.370813
-0.377823
-0.386657
-0.395806
-0.404136
-0.411056
-0.416441
-0.420447
-0.423328
-0.425402
-0.426942
-0.428173
-0.429275
-0.430372
-0.431553
-0.432869
-0.434327
-0.435897
-0.437513
-0.439094
-0.440516
-0.441609
-0.442178
-0.441983
-0.440709
-0.437966
-0.433285
-0.426047
-0.415532
-0.401002
-0.382135
-0.360031
-0.338366
-0.323477
-0.321205
-0.33227
-0.351596
-0.372578
-0.390901
-0.405139
-0.415546
-0.422926
-0.428106
-0.431707
-0.434208
-0.435896
-0.437
-0.437647
-0.437941
-0.437953
-0.437749
-0.437354
-0.43681
-0.43615
-0.435396
-0.434598
-0.433774
-0.432976
-0.432246
-0.431614
-0.43111
-0.43074
-0.430545
-0.430503
-0.430626
-0.430924
-0.43138
-0.432
-0.432774
-0.433675
-0.434624
-0.435523
-0.436195
-0.436412
-0.43586
-0.43424
-0.431207
-0.426477
-0.419876
-0.411404
-0.401397
-0.390462
-0.379513
-0.36962
-0.361793
-0.356858
-0.355356
-0.357507
-0.363046
-0.371199
-0.380759
-0.390407
-0.399077
-0.406121
-0.411308
-0.414798
-0.416957
-0.418213
-0.418991
-0.41962
-0.420264
-0.420955
-0.421602
-0.422029
-0.422087
-0.42165
-0.420651
-0.419094
-0.417097
-0.414805
-0.412402
-0.41009
-0.408044
-0.406358
-0.40503
-0.403975
-0.403055
-0.402123
-0.401038
-0.399714
-0.398098
-0.396185
-0.394021
-0.391685
-0.389327
-0.38715
-0.385392
-0.384398
-0.384472
-0.385813
-0.388386
-0.391977
-0.396213
-0.400671
-0.404956
-0.408782
-0.412
-0.414576
-0.416481
-0.417764
-0.418509
-0.41878
-0.418641
-0.418131
-0.417333
-0.416296
-0.415091
-0.413784
-0.412455
-0.411174
-0.410011
-0.409033
-0.408257
-0.40768
-0.407306
-0.407074
-0.406928
-0.40678
-0.406539
-0.406114
-0.405395
-0.404306
-0.402789
-0.400892
-0.398739
-0.396623
-0.394952
-0.394204
-0.394709
-0.396581
-0.399591
-0.403271
-0.407106
-0.410696
-0.413786
-0.416302
-0.418285
-0.419805
-0.420968
-0.421898
-0.422755
-0.423723
-0.424863
-0.426319
-0.428109
-0.430167
-0.432395
-0.434692
-0.436988
-0.439247
-0.441479
-0.44372
-0.446001
-0.448347
-0.450801
-0.453326
-0.455924
-0.458536
-0.461124
-0.463649
-0.466061
-0.468328
-0.470406
-0.472237
-0.473819
-0.475099
-0.47605
-0.476587
-0.47671
-0.476375
-0.47555
-0.474248
-0.472456
-0.470229
-0.467581
-0.464526
-0.460992
-0.456823
-0.451783
-0.44562
-0.43817
-0.429538
-0.42022
-0.411121
-0.403394
-0.398027
-0.395498
-0.395651
-0.397785
-0.401021
-0.404573
-0.408037
-0.411374
-0.414787
-0.418546
-0.42276
-0.427384
-0.432202
-0.436846
-0.440896
-0.443927
-0.445528
-0.445382
-0.443296
-0.439324
-0.43381
-0.427438
-0.421167
-0.416039
-0.412893
-0.412118
-0.413531
-0.416514
-0.420238
-0.423949
-0.427073
-0.429301
-0.430517
-0.430745
-0.430085
-0.428699
-0.42673
-0.424337
-0.421682
-0.418928
-0.416222
-0.413698
-0.411471
-0.409554
-0.407951
-0.406601
-0.405384
-0.404181
-0.402889
-0.401419
-0.399694
-0.397694
-0.395405
-0.392828
-0.390007
-0.386983
-0.383781
-0.380439
-0.377012
-0.373542
-0.370083
-0.366708
-0.363461
-0.360412
-0.357626
-0.355172
-0.353145
-0.351666
-0.350849
-0.350809
-0.351644
-0.353364
-0.35585
-0.358909
-0.362268
-0.365605
-0.368661
-0.371208
-0.373102
-0.374259
-0.374607
-0.374141
-0.372843
-0.370755
-0.367955
-0.364595
-0.360871
-0.357046
-0.353453
-0.350376
-0.348063
-0.346558
-0.345798
-0.345589
-0.345692
-0.34589
-0.346002
-0.345934
-0.345646
-0.345131
-0.344361
-0.343283
-0.341808
-0.339778
-0.337024
-0.333377
-0.328675
-0.322833
-0.315945
-0.308394
-0.300978
-0.294939
-0.291681
-0.292151
-0.296345
-0.303259
-0.311405
-0.319436
-0.3265
-0.332249
-0.336666
-0.339876
-0.341992
-0.343096
-0.343193
-0.342316
-0.34053
-0.338043
-0.335213
-0.332602
-0.330826
-0.330462
-0.331799
-0.334772
-0.338983
-0.343886
-0.348933
-0.353708
-0.357977
-0.361644
-0.364712
-0.367209
-0.369209
-0.370736
-0.371802
-0.372372
-0.37239
-0.371755
-0.370328
-0.368002
-0.36462
-0.360102
-0.354438
-0.347701
-0.3401
-0.331929
-0.323593
-0.31553
-0.308179
-0.301945
-0.297071
-0.293672
-0.291684
-0.291008
-0.291581
-0.293446
-0.29662
-0.301038
-0.30652
-0.31277
-0.319371
-0.325961
-0.332178
-0.337784
-0.342665
-0.346824
-0.350334
-0.353337
-0.355987
-0.35842
-0.360712
-0.362866
-0.364812
-0.366387
-0.3674
-0.36766
-0.366975
-0.365232
-0.362447
-0.358804
-0.354729
-0.35082
-0.347823
-0.346359
-0.346725
-0.348786
-0.352049
-0.35587
-0.359666
-0.36303
-0.365798
-0.367927
-0.369498
-0.37064
-0.371468
-0.37208
-0.372577
-0.373008
-0.373412
-0.373812
-0.374222
-0.374648
-0.375101
-0.375573
-0.376063
-0.376576
-0.377122
-0.37769
-0.378317
-0.378989
-0.379745
-0.380607
-0.381595
-0.382751
-0.384108
-0.385682
-0.387501
-0.389555
-0.391834
-0.394292
-0.396884
-0.399574
-0.402309
-0.404999
-0.40759
-0.409993
-0.41211
-0.413866
-0.415185
-0.416059
-0.416515
-0.416688
-0.416787
-0.417092
-0.417864
-0.419291
-0.421429
-0.424175
-0.427312
-0.430542
-0.433586
-0.436218
-0.43828
-0.439668
-0.440289
-0.440051
-0.4388
-0.436351
-0.432453
-0.4269
-0.419614
-0.410858
-0.401436
-0.392699
-0.38636
-0.383902
-0.38599
-0.392153
-0.401166
-0.411507
-0.421884
-0.431427
-0.439675
-0.446432
-0.451765
-0.455804
-0.458853
-0.461247
-0.463392
-0.465661
-0.468359
-0.471629
-0.475415
-0.479543
-0.483742
-0.487697
-0.491157
-0.493905
-0.495793
-0.496748
-0.496708
-0.495682
-0.493669
-0.490735
-0.487009
-0.482696
-0.47808
-0.473513
-0.469403
-0.4661
-0.463865
-0.462776
-0.462749
-0.46358
-0.465006
-0.466753
-0.468579
-0.470311
-0.471841
-0.473085
-0.474034
-0.474687
-0.475067
-0.475214
-0.47516
-0.474927
-0.474555
-0.474053
-0.473448
-0.472759
-0.472025
-0.471281
-0.470575
-0.46991
-0.469277
-0.468584
-0.467733
-0.466521
-0.464733
-0.462153
-0.458646
-0.454113
-0.448619
-0.442409
-0.435909
-0.429658
-0.424227
-0.420251
-0.418347
-0.419004
-0.422355
-0.428063
-0.43543
-0.443721
-0.452309
-0.460666
-0.468356
-0.474929
-0.480023
-0.483444
-0.485144
-0.485185
-0.483714
-0.480902
-0.476833
-0.471524
-0.464853
-0.456648
-0.446811
-0.435524
-0.423438
-0.41182
-0.402318
-0.396297
-0.394193
-0.395319
-0.398305
-0.4018
-0.40491
-0.407307
-0.409047
-0.410392
-0.411681
-0.413227
-0.415257
-0.417868
-0.421013
-0.424482
-0.428008
-0.431276
-0.43398
-0.435875
-0.436743
-0.436453
-0.435001
-0.432464
-0.429146
-0.425508
-0.422133
-0.419654
-0.418527
-0.41891
-0.420574
-0.423044
-0.425736
-0.428145
-0.429885
-0.430741
-0.430654
-0.429658
-0.427851
-0.425393
-0.422511
-0.41945
-0.416527
-0.414061
-0.412342
-0.411578
-0.411876
-0.413146
-0.415207
-0.417767
-0.420505
-0.423099
-0.425309
-0.426983
-0.42803
-0.428466
-0.428311
-0.427669
-0.426677
-0.425505
-0.424318
-0.423274
-0.422517
-0.422148
-0.422215
-0.422665
-0.423413
-0.424342
-0.425316
-0.426218
-0.426989
-0.427594
-0.428072
-0.428516
-0.429082
-0.429939
-0.431224
-0.433055
-0.435437
-0.438283
-0.44142
-0.444601
-0.44755
-0.450024
-0.451885
-0.453143
-0.45397
-0.454647
-0.455502
-0.45681
-0.458673
-0.461039
-0.463719
-0.46648
-0.46916
-0.471666
-0.474001
-0.476189
-0.478267
-0.480246
-0.482082
-0.483691
-0.484965
-0.485768
-0.486023
-0.485702
-0.484827
-0.483547
-0.482038
-0.480535
-0.479259
-0.4784
-0.478002
-0.478037
-0.478361
-0.478781
-0.479102
-0.479164
-0.478871
-0.478168
-0.477034
-0.475445
-0.473366
-0.470776
-0.467711
-0.46426
-0.460584
-0.456914
-0.453491
-0.450559
-0.44834
-0.446991
-0.446633
-0.447309
-0.448948
-0.451407
-0.454472
-0.457931
-0.461626
-0.46542
-0.469219
-0.472951
-0.476521
-0.479827
-0.482722
-0.485087
-0.486809
-0.487784
-0.487963
-0.487293
-0.485747
-0.483319
-0.479999
-0.475811
-0.470771
-0.464969
-0.45855
-0.451793
-0.44519
-0.439394
-0.435148
-0.433049
-0.43331
-0.435677
-0.439472
-0.443888
-0.448162
-0.451796
-0.454496
-0.456176
-0.456863
-0.456658
-0.455685
-0.454074
-0.451952
-0.449472
-0.446808
-0.444113
-0.441536
-0.439203
-0.437204
-0.435516
-0.434089
-0.432781
-0.431412
-0.429765
-0.427646
-0.424891
-0.42137
-0.417022
-0.411883
-0.406083
-0.399962
-0.394027
-0.388866
-0.385133
-0.38331
-0.383546
-0.385646
-0.389166
-0.393536
-0.398263
-0.402925
-0.407265
-0.411069
-0.414239
-0.416717
-0.418493
-0.419603
-0.420115
-0.420115
-0.419698
-0.418984
-0.418067
-0.417054
-0.415992
-0.414906
-0.413766
-0.41249
-0.411044
-0.409434
-0.407753
-0.406233
-0.405196
-0.404955
-0.405711
-0.407394
-0.409756
-0.41235
-0.4147
-0.416366
-0.417041
-0.416556
-0.414888
-0.412157
-0.408588
-0.404505
-0.400335
-0.396464
-0.393232
-0.390846
-0.389314
-0.38843
-0.38788
-0.387307
-0.386501
-0.38546
-0.384401
-0.38376
-0.384019
-0.385545
-0.388483
-0.392633
-0.397555
-0.402666
-0.407406
-0.411366
-0.414284
-0.416108
-0.416905
-0.416847
-0.416132
-0.415019
-0.413752
-0.412553
-0.411631
-0.411114
-0.411078
-0.41153
-0.412414
-0.413632
-0.415045
-0.416512
-0.417904
-0.419089
-0.419967
-0.420462
-0.420543
-0.42018
-0.419367
-0.41812
-0.416462
-0.414452
-0.412136
-0.409595
-0.406892
-0.404131
-0.401424
-0.398925
-0.396823
-0.395323
-0.394635
-0.394903
-0.396195
-0.398444
-0.401512
-0.405166
-0.409162
-0.413267
-0.417287
-0.421069
-0.424497
-0.427478
-0.429956
-0.431901
-0.433285
-0.43413
-0.434455
-0.434317
-0.433777
-0.432938
-0.431916
-0.430819
-0.429763
-0.428843
-0.428141
-0.427699
-0.427537
-0.427634
-0.427956
-0.42844
-0.428997
-0.429575
-0.430095
-0.430502
-0.430733
-0.430758
-0.430522
-0.429995
-0.429128
-0.42788
-0.426179
-0.423971
-0.421211
-0.417876
-0.41399
-0.409654
-0.405036
-0.400418
-0.396116
-0.392526
-0.390021
-0.388939
-0.389464
-0.391651
-0.395355
-0.400267
-0.405972
-0.412014
-0.418001
-0.423592
-0.428549
-0.432754
-0.436139
-0.438726
-0.440556
-0.441699
-0.442233
-0.442214
-0.441723
-0.44084
-0.43963
-0.438161
-0.43652
-0.434772
-0.432946
-0.431098
-0.42919
-0.427177
-0.424917
-0.422236
-0.418924
-0.41479
-0.409756
-0.403942
-0.397739
-0.391798
-0.386813
-0.383202
-0.380865
-0.37912
-0.377017
-0.373673
-0.368652
-0.362103
-0.354758
-0.347742
-0.342225
-0.339079
-0.338627
-0.340631
-0.344463
-0.349324
-0.354521
-0.359583
-0.364339
-0.368797
-0.373094
-0.37739
-0.38177
-0.386228
-0.390702
-0.39509
-0.399294
-0.403233
-0.406843
-0.410113
-0.412981
-0.415404
-0.417349
-0.41878
-0.419662
-0.42001
-0.419867
-0.419264
-0.418319
-0.417136
-0.415893
-0.414753
-0.413879
-0.413427
-0.4135
-0.414141
-0.415317
-0.416963
-0.418947
-0.421111
-0.42331
-0.425389
-0.427212
-0.428642
-0.42956
-0.429864
-0.429438
-0.428186
-0.426034
-0.422945
-0.418902
-0.413995
-0.40837
-0.40227
-0.396005
-0.389942
-0.384517
-0.380208
-0.37752
-0.376972
-0.378885
-0.383237
-0.389569
-0.397112
-0.404933
-0.412244
-0.41852
-0.423526
-0.427259
-0.429887
-0.431635
-0.432727
-0.43337
-0.433747
-0.433981
-0.434145
-0.434286
-0.43442
-0.434566
-0.434712
-0.434857
-0.435011
-0.435173
-0.435366
-0.435619
-0.435954
-0.436425
-0.437054
-0.437877
-0.438944
-0.440326
-0.442041
-0.444124
-0.446579
-0.449378
-0.452457
-0.455738
-0.459099
-0.462422
-0.46558
-0.468426
-0.470844
-0.472735
-0.473956
-0.474384
-0.473875
-0.472322
-0.46957
-0.465522
-0.460144
-0.453513
-0.445883
-0.437671
-0.429414
-0.421627
-0.414619
-0.408474
-0.403125
-0.398587
-0.39518
-0.393476
-0.394075
-0.397284
-0.40285
-0.409989
-0.417587
-0.424484
-0.429798
-0.433062
-0.434274
-0.433911
-0.432763
-0.431769
-0.431716
-0.433045
-0.435769
-0.439594
-0.444057
-0.448722
-0.453244
-0.457351
-0.460916
-0.463847
-0.466155
-0.467882
-0.469109
-0.469931
-0.470439
-0.470742
-0.470895
-0.470949
-0.470929
-0.470826
-0.470639
-0.470342
-0.469894
-0.46927
-0.468438
-0.467376
-0.466067
-0.464509
-0.462724
-0.460723
-0.458563
-0.456282
-0.453909
-0.45146
-0.448907
-0.44614
-0.442933
-0.438908
-0.433525
-0.426105
-0.416049
-0.403246
-0.388815
-0.375654
-0.367868
-0.36857
-0.377454
-0.391079
-0.405333
-0.417448
-0.426435
-0.43241
-0.435963
-0.437691
-0.438103
-0.437582
-0.436376
-0.434648
-0.432536
-0.430143
-0.427574
-0.424968
-0.422463
-0.420218
-0.418352
-0.416928
-0.415926
-0.415248
-0.414719
-0.414149
-0.413422
-0.412483
-0.411439
-0.410528
