1.1898
1.15475
1.09587
1.01512
0.915578
0.802059
0.681374
0.562059
0.45361
0.365031
0.303138
0.271121
0.268051
0.28941
0.328339
0.377129
0.428505
0.476476
0.516679
0.546522
0.565079
0.572861
0.571539
0.563731
0.552472
0.540982
0.532176
0.528338
0.530847
0.540052
0.55536
0.575396
0.598366
0.622354
0.645704
0.667148
0.685903
0.70164
0.714265
0.723749
0.729913
0.732505
0.731173
0.725611
0.715597
0.701162
0.682683
0.660989
0.637229
0.612805
0.589279
0.568262
0.551221
0.539216
0.532867
0.532218
0.536767
0.545632
0.557633
0.571427
0.585629
0.598988
0.610544
0.619668
0.626103
0.629822
0.630966
0.629876
0.62705
0.623098
0.618774
0.61494
0.612394
0.611676
0.613061
0.616609
0.622098
0.629115
0.637146
0.645536
0.653494
0.660216
0.664981
0.667333
0.667143
0.664595
0.660136
0.654351
0.647776
0.640917
0.634075
0.627285
0.620499
0.613429
0.605649
0.596793
0.586648
0.575227
0.562919
0.550506
0.539089
0.529924
0.524179
0.522617
0.525421
0.532207
0.542195
0.55447
0.568302
0.583301
0.599345
0.616457
0.634514
0.653021
0.671069
0.687465
0.700912
0.710419
0.71531
0.715314
0.710628
0.701778
0.689586
0.675022
0.659135
0.643026
0.627607
0.61373
0.602106
0.593233
0.587308
0.584112
0.583194
0.583854
0.585306
0.586812
0.587809
0.587952
0.587152
0.585593
0.583684
0.581971
0.581063
0.58148
0.583574
0.587426
0.592737
0.598869
0.604935
0.609918
0.612874
0.613152
0.610553
0.605355
0.598197
0.589976
0.581634
0.57409
0.568194
0.564696
0.56428
0.567591
0.575079
0.586909
0.602815
0.621925
0.642889
0.66409
0.683828
0.700477
0.712696
0.719596
0.720835
0.716529
0.707264
0.693912
0.67764
0.659666
0.641161
0.623157
0.606442
0.591651
0.579171
0.569252
0.562023
0.557425
0.555237
0.555094
0.556418
0.558419
0.560168
0.560835
0.559836
0.557066
0.553044
0.54879
0.545664
0.545071
0.548308
0.556346
0.56968
0.58822
0.611212
0.637284
0.664659
0.691383
0.715628
0.735948
0.751318
0.761144
0.765184
0.763462
0.756148
0.743525
0.725997
0.704209
0.679039
0.65167
0.623447
0.595655
0.569473
0.545777
0.525241
0.508375
0.495675
0.487627
0.48458
0.486671
0.493694
0.505091
0.520069
0.537742
0.55726
0.577793
0.598518
0.618603
0.637128
0.653125
0.665666
0.674015
0.677752
0.676875
0.671746
0.663032
0.651724
0.639026
0.626123
0.61407
0.603768
0.59585
0.590686
0.588326
0.588581
0.590985
0.594851
0.599401
0.603898
0.607696
0.610323
0.611638
0.611877
0.611574
0.611554
0.612527
0.614905
0.618663
0.6234
0.628427
0.632932
0.636239
0.638084
0.638609
0.63848
0.638516
0.639502
0.642016
0.64627
0.652057
0.65883
0.665821
0.672138
0.676821
0.67886
0.677246
0.671052
0.659541
0.642485
0.620477
0.595115
0.569037
0.545556
0.527889
0.518202
0.517102
0.523737
0.536401
0.553161
0.572169
0.591741
0.61031
0.626472
0.639136
0.647625
0.651627
0.651283
0.647022
0.639612
0.629985
0.619156
0.60806
0.597537
0.588353
0.581184
0.576579
0.575018
0.57678
0.581816
0.589738
0.599723
0.610613
0.621173
0.63025
0.636942
0.640792
0.64173
0.639993
0.636069
0.630563
0.624147
0.61743
0.611067
0.6058
0.602216
0.600664
0.601125
0.603178
0.606199
0.609505
0.61251
0.614902
0.616777
0.618453
0.620325
0.622827
0.626231
0.630569
0.635626
0.640944
0.645877
0.649629
0.651534
0.651119
0.64815
0.642686
0.63508
0.625893
0.615791
0.605579
0.596032
0.587935
0.581847
0.578011
0.576368
0.576469
0.57769
0.579377
0.581008
0.582283
0.583023
0.583194
0.582933
0.582474
0.582214
0.582615
0.584227
0.587585
0.592993
0.600479
0.609753
0.62027
0.631429
0.642653
0.653409
0.663186
0.671453
0.677697
0.681472
0.682311
0.679972
0.674452
0.666064
0.655409
0.643321
0.630685
0.618386
0.607183
0.597702
0.590388
0.585453
0.582851
0.582317
0.583363
0.58531
0.587513
0.589284
0.590098
0.58955
0.587394
0.583501
0.57787
0.570777
0.562722
0.554474
0.547047
0.541633
0.539393
0.541311
0.54791
0.559191
0.574599
0.593109
0.613357
0.633858
0.653181
0.670117
0.683795
0.693624
0.699271
0.700725
0.698189
0.692128
0.683151
0.672055
0.659694
0.646985
0.634831
0.624085
0.615448
0.609411
0.606156
0.605506
0.607066
0.610388
0.61497
0.620304
0.625758
0.630709
0.634416
0.636267
0.635709
0.632427
0.626391
0.617819
0.607213
0.595291
0.58293
0.571069
0.560635
0.552438
0.547085
0.544885
0.545737
0.549201
0.5546
0.56119
0.56828
0.575394
0.582288
0.588943
0.5954
0.601586
0.607484
0.613122
0.618681
0.62441
0.630591
0.637271
0.644292
0.651329
0.657904
0.663617
0.668132
0.671253
0.672861
0.672845
0.671092
0.66746
0.661844
0.654334
0.645302
0.635315
0.62522
0.615993
0.608439
0.603226
0.600664
0.600715
0.603045
0.607063
0.612014
0.61705
0.621404
0.624511
0.6261
0.626214
0.625192
0.623578
0.621906
0.620568
0.619674
0.619133
0.618692
0.618183
0.617502
0.616736
0.615955
0.61518
0.61434
0.613278
0.611833
0.60997
0.607742
0.605234
0.602568
0.599762
0.596698
0.593253
0.589317
0.584936
0.580407
0.576198
0.572841
0.570824
0.570507
0.572141
0.575871
0.581728
0.589552
0.598991
0.609492
0.620349
0.630718
0.639764
0.646732
0.650983
0.652089
0.649885
0.644563
0.636758
0.627489
0.618057
0.609779
0.6038
0.600771
0.600683
0.602971
0.606818
0.61126
0.61542
0.618663
0.620667
0.621262
0.620496
0.618515
0.615554
0.611809
0.60743
0.602509
0.597143
0.59154
0.585869
0.580497
0.575863
0.572474
0.570917
0.571763
0.575621
0.582978
0.594064
0.608559
0.625533
0.643449
0.660409
0.674612
0.684722
0.69021
0.691366
0.689034
0.684322
0.678298
0.671742
0.665014
0.658106
0.65078
0.642838
0.634249
0.62524
0.616358
0.608241
0.601474
0.596418
0.593058
0.590986
0.589544
0.587887
0.585258
0.58111
0.575233
0.567818
0.559507
0.551412
0.544914
0.541528
0.542572
0.548911
0.560674
0.57716
0.596882
0.617921
0.638381
0.656724
0.671737
0.682625
0.688853
0.690127
0.68638
0.677864
0.665274
0.649762
0.632784
0.615981
0.600883
0.588696
0.580068
0.575113
0.573463
0.574443
0.577415
0.581918
0.587617
0.594206
0.601273
0.60819
0.614236
0.618718
0.621172
0.621468
0.619897
0.61702
0.613621
0.610521
0.608453
0.607992
0.60942
0.6128
0.617949
0.624483
0.631786
0.639097
0.645568
0.650412
0.65292
0.652535
0.64894
0.642071
0.631994
0.619015
0.603695
0.58684
0.569528
0.553041
0.538825
0.528312
0.522719
0.522904
0.529154
0.54111
0.557841
0.577973
0.599809
0.621601
0.64168
0.658667
0.671503
0.679621
0.683018
0.682098
0.677609
0.670457
0.661564
0.651812
0.641859
0.632144
0.622904
0.61418
0.605874
0.597905
0.590394
0.583817
0.578801
0.57601
0.575845
0.57823
0.582721
0.588611
0.595088
0.601364
0.606784
0.610829
0.613223
0.613879
0.61291
0.610586
0.607384
0.603771
0.600364
0.597816
0.596733
0.597559
0.60051
0.605542
0.612349
0.620399
0.628964
0.637199
0.644225
0.649273
0.651755
0.651293
0.64786
0.64175
0.633587
0.624168
0.614292
0.604761
0.596197
0.589138
0.584075
0.581398
0.581298
0.583728
0.58825
0.594261
0.601017
0.607827
0.61413
0.619557
0.624016
0.627624
0.630519
0.632816
0.63457
0.635676
0.635945
0.635054
0.632682
0.628571
0.622612
0.614834
0.60554
0.595304
0.585076
0.576006
0.569321
0.566147
0.567388
0.573412
0.58405
0.5986
0.615832
0.634249
0.652277
0.668356
0.681101
0.689419
0.692505
0.689929
0.681686
0.668272
0.650668
0.630258
0.608812
0.588307
0.570648
0.55744
0.549759
0.547994
0.551842
0.560372
0.572243
0.585974
0.600119
0.613501
0.625313
0.635108
0.642759
0.64833
0.652001
0.653965
0.65435
0.653303
0.650951
0.647417
0.642808
0.637201
0.630727
0.62359
0.616149
0.608908
0.6025
0.597582
0.594699
0.594236
0.596348
0.600936
0.6077
0.616075
0.625362
0.634675
0.643072
0.649526
0.653164
0.653238
0.649333
0.641437
0.629958
0.615706
0.599776
0.583489
0.568246
0.555336
0.545777
0.540147
0.538593
0.540933
0.546766
0.55563
0.567031
0.580467
0.595382
0.611098
0.626737
0.641302
0.653737
0.663141
0.668855
0.670592
0.668431
0.662859
0.65463
0.644743
0.634354
0.624548
0.616274
0.610114
0.606405
0.605185
0.606211
0.609072
0.613223
0.618108
0.623106
0.627687
0.631398
0.633706
0.634183
0.632528
0.628621
0.622464
0.614223
0.604287
0.593188
0.581664
0.57066
0.561233
0.554494
0.551392
0.552521
0.558022
0.567442
0.579809
0.593873
0.60831
0.62186
0.633497
0.64246
0.648174
0.650293
0.64868
0.643456
0.635033
0.624108
0.611645
0.598861
0.587091
0.57754
0.571099
0.568196
0.568912
0.573015
0.58013
0.589886
0.601812
0.615447
0.630151
0.645186
0.659727
0.672982
0.684271
0.692998
0.698647
0.700735
0.698808
0.69262
0.682158
0.667843
0.650519
0.631466
0.612271
0.594794
0.580831
0.571813
0.568455
0.570447
0.576504
0.584607
0.592559
0.598384
0.600787
0.599444
0.594971
0.58875
0.582608
0.578265
0.577037
0.579581
0.585893
0.595421
0.607184
0.619994
0.632607
0.643789
0.652552
0.658105
0.659975
0.658123
0.652893
0.644964
0.635189
0.624563
0.613984
0.604151
0.59556
0.588436
0.582844
0.578802
0.576414
0.575871
0.577371
0.581015
0.586731
0.594257
0.603215
0.613154
0.623644
0.634168
0.644164
0.652871
0.659546
0.663481
0.664187
0.661524
0.655755
0.647491
0.637574
0.626889
0.616161
0.605966
0.5968
0.589022
0.582948
0.57886
0.576937
0.577257
0.579716
0.584119
0.590191
0.597655
0.606216
0.61543
0.62463
0.633
0.639619
0.643637
0.644471
0.641922
0.636124
0.62757
0.616999
0.605379
1.17676
1.13924
1.09155
1.03797
0.98349
0.933069
0.891095
0.860527
0.842613
0.836806
0.841221
0.853071
0.869111
0.88592
0.900392
0.910407
0.915105
0.915067
0.912013
0.907932
0.904494
0.902508
0.902043
0.902747
0.904317
0.90655
0.909406
0.912913
0.917031
0.92163
0.926728
0.932605
0.939624
0.948004
0.957517
0.96751
0.976856
0.984173
0.988081
0.987409
0.981485
0.970084
0.953517
0.932398
0.90763
0.880394
0.852189
0.82482
0.800375
0.781107
0.769214
0.766525
0.774005
0.791482
0.817487
0.849328
0.883766
0.917872
0.949507
0.977355
1.00058
1.01849
1.03029
1.03534
1.03347
1.02515
1.01154
0.994307
0.9755
0.957225
0.941424
0.929678
0.923122
0.922265
0.926812
0.935613
0.946747
0.958131
0.967948
0.974934
0.978517
0.978588
0.975213
0.968332
0.958029
0.944701
0.929176
0.912648
0.896547
0.882351
0.871242
0.864119
0.861653
0.864099
0.871334
0.882874
0.897783
0.914721
0.932055
0.948109
0.961376
0.970692
0.975514
0.975942
0.972674
0.966804
0.959708
0.952836
0.947292
0.943642
0.941938
0.941801
0.942609
0.943671
0.944277
0.943639
0.940958
0.935635
0.927439
0.916692
0.90428
0.89162
0.880327
0.87183
0.867017
0.865998
0.868115
0.872129
0.876586
0.880192
0.881952
0.881457
0.878855
0.874735
0.870004
0.865575
0.862115
0.85986
0.858501
0.857482
0.856343
0.855179
0.854722
0.856058
0.86003
0.867008
0.876736
0.888846
0.903135
0.919444
0.9374
0.956257
0.974804
0.991649
1.00537
1.01462
1.0183
1.01554
1.00613
0.990828
0.971316
0.950149
0.930277
0.914329
0.904117
0.900432
0.902983
0.910446
0.920935
0.93239
0.942978
0.951193
0.955943
0.956403
0.952155
0.943425
0.931121
0.917001
0.903297
0.892045
0.884472
0.880743
0.880221
0.882062
0.885532
0.89003
0.895136
0.900542
0.906167
0.912251
0.919289
0.927754
0.937756
0.949024
0.960759
0.971867
0.981194
0.987869
0.991417
0.991862
0.989885
0.986602
0.983475
0.981878
0.982761
0.98625
0.991803
0.998421
1.00473
1.0094
1.01109
1.00862
1.00125
0.988686
0.971169
0.949304
0.924022
0.896664
0.869028
0.843524
0.822893
0.809595
0.805052
0.809235
0.820717
0.837283
0.856631
0.876897
0.896743
0.915263
0.93173
0.945315
0.95529
0.961232
0.963227
0.961882
0.958299
0.953603
0.948794
0.944438
0.940715
0.937597
0.935092
0.933303
0.932346
0.932188
0.932557
0.933005
0.933138
0.93282
0.932224
0.93171
0.931576
0.931913
0.932521
0.932894
0.932409
0.930443
0.92656
0.920669
0.91333
0.905715
0.899344
0.895486
0.894797
0.897258
0.902308
0.909164
0.917176
0.925975
0.935339
0.944976
0.954426
0.962981
0.969908
0.974704
0.977431
0.97872
0.979678
0.98134
0.984317
0.988338
0.99234
0.994874
0.99451
0.990105
0.98106
0.967415
0.949775
0.929168
0.90682
0.884059
0.862278
0.843116
0.828414
0.81999
0.819339
0.827369
0.8442
0.869132
0.900554
0.935713
0.970777
1.00123
1.02261
1.03147
1.0262
1.00755
0.978685
0.944624
0.911125
0.883187
0.863883
0.854069
0.852912
0.858536
0.868682
0.881095
0.893651
0.904547
0.912334
0.915943
0.914963
0.909625
0.900885
0.89045
0.880668
0.874153
0.873359
0.880101
0.895091
0.917909
0.947072
0.980061
1.01371
1.04459
1.0694
1.08548
1.09116
1.08585
1.07016
1.04592
1.01594
0.983507
0.951935
0.924026
0.901746
0.886103
0.877331
0.875072
0.878407
0.886107
0.896774
0.908949
0.921235
0.93234
0.940937
0.945961
0.946668
0.942877
0.93512
0.924527
0.912523
0.900487
0.889346
0.879567
0.871452
0.865473
0.862387
0.862979
0.867741
0.876264
0.887066
0.898018
0.907134
0.913229
0.916314
0.917227
0.91721
0.917327
0.918116
0.919676
0.921689
0.923812
0.925945
0.928365
0.931601
0.936169
0.942223
0.949456
0.957113
0.964327
0.970332
0.974598
0.976938
0.977439
0.976314
0.973938
0.970769
0.96712
0.96295
0.957736
0.950495
0.940548
0.927963
0.913843
0.900364
0.890198
0.885776
0.888343
0.897469
0.911334
0.927351
0.943088
0.956638
0.966719
0.97259
0.973796
0.970212
0.962133
0.950301
0.935891
0.920238
0.90468
0.890388
0.878177
0.868489
0.861338
0.856248
0.852643
0.850593
0.851002
0.855478
0.865329
0.880654
0.900156
0.921582
0.942613
0.961374
0.976717
0.987876
0.994341
0.995912
0.992622
0.984775
0.972919
0.957863
0.940744
0.922949
0.906078
0.891489
0.880028
0.872032
0.867592
0.866711
0.86949
0.876033
0.88628
0.899902
0.916108
0.933612
0.950931
0.966655
0.979809
0.989775
0.996242
0.999091
0.998317
0.994058
0.986595
0.976617
0.965058
0.953101
0.941851
0.932238
0.924745
0.919423
0.916082
0.914381
0.913955
0.914423
0.91525
0.91587
0.915726
0.914388
0.91152
0.906942
0.900527
0.89223
0.88225
0.871135
0.8601
0.851002
0.846021
0.847027
0.854774
0.868339
0.885199
0.902287
0.917103
0.928431
0.936477
0.942374
0.947648
0.953652
0.961177
0.970106
0.979462
0.987694
0.993057
0.994305
0.990865
0.983036
0.971985
0.959496
0.94748
0.937276
0.929405
0.92378
0.920008
0.917885
0.917395
0.918641
0.92164
0.926213
0.932014
0.938362
0.944314
0.948862
0.951004
0.950184
0.946262
0.939728
0.931636
0.923409
0.916503
0.91205
0.910649
0.912375
0.917029
0.924386
0.934081
0.945675
0.958409
0.971051
0.981844
0.988802
0.990134
0.984853
0.973181
0.956592
0.937445
0.918359
0.901779
0.889495
0.882547
0.881186
0.884811
0.891851
0.900219
0.907506
0.911653
0.911351
0.906433
0.897829
0.887389
0.877154
0.868743
0.862978
0.859896
0.859084
0.860289
0.863731
0.870238
0.88073
0.895606
0.914208
0.93473
0.954662
0.971575
0.983846
0.991132
0.994258
0.994704
0.993932
0.992908
0.991796
0.990079
0.98677
0.981019
0.972595
0.961965
0.950247
0.939097
0.930196
0.92471
0.923014
0.92464
0.928371
0.932747
0.936382
0.938291
0.938028
0.935734
0.93197
0.927512
0.923143
0.919281
0.915947
0.912677
0.908862
0.904126
0.898383
0.89193
0.885334
0.87927
0.874572
0.872164
0.873024
0.877946
0.887276
0.900757
0.91722
0.934727
0.950743
0.962641
0.968348
0.966741
0.95797
0.943341
0.925114
0.906069
0.888971
0.876095
0.868955
0.868271
0.874053
0.885694
0.902089
0.921732
0.942862
0.963699
0.982543
0.997816
1.0082
1.0128
1.01107
1.00319
0.990075
0.973393
0.955444
0.938769
0.925474
0.916649
0.912129
0.910381
0.909169
0.906262
0.900178
0.890549
0.878224
0.864956
0.852941
0.844282
0.840431
0.841916
0.848279
0.8583
0.870533
0.883758
0.897228
0.910568
0.923657
0.93617
0.947351
0.955914
0.960302
0.95937
0.952931
0.942093
0.929239
0.917465
0.909498
0.906827
0.90926
0.915459
0.923573
0.93199
0.939632
0.946001
0.95106
0.954995
0.958067
0.960438
0.96207
0.962822
0.962582
0.961448
0.959702
0.957699
0.955613
0.953343
0.9504
0.946038
0.939532
0.930645
0.919912
0.90874
0.899222
0.893403
0.892538
0.896676
0.904835
0.915515
0.927171
0.938362
0.947758
0.954216
0.956834
0.95507
0.949017
0.939362
0.927459
0.915264
0.904913
0.898487
0.897354
0.901766
0.910753
0.922553
0.935321
0.947633
0.958353
0.966184
0.969627
0.967527
0.95982
0.947615
0.933034
0.918649
0.906819
0.899144
0.896285
0.897786
0.902313
0.90791
0.912589
0.914798
0.913872
0.91022
0.905239
0.900782
0.898481
0.89908
0.902389
0.907475
0.913224
0.918742
0.923813
0.928959
0.935199
0.943628
0.954886
0.968481
0.982651
0.9945
1.00096
0.999723
0.989818
0.971809
0.947561
0.919918
0.892319
0.868201
0.850423
0.840708
0.839306
0.845156
0.856337
0.870569
0.885604
0.899511
0.910643
0.917776
0.920286
0.918189
0.912413
0.904679
0.897343
0.892913
0.893375
0.899615
0.911069
0.926
0.942284
0.958082
0.972162
0.983777
0.992357
0.997044
0.996885
0.991097
0.979707
0.963945
0.946122
0.928946
0.91473
0.904556
0.898168
0.894524
0.892513
0.891718
0.892679
0.896567
0.904445
0.916403
0.931279
0.946977
0.96106
0.97143
0.976899
0.977245
0.973227
0.96614
0.957516
0.948833
0.941205
0.935392
0.9316
0.929711
0.929345
0.929987
0.931384
0.933559
0.936565
0.940291
0.944211
0.947283
0.9482
0.945717
0.938972
0.92771
0.912189
0.893309
0.872491
0.851769
0.833482
0.819777
0.812177
0.811349
0.817167
0.828939
0.845749
0.866621
0.890545
0.916322
0.942504
0.967336
0.988866
1.00526
1.0149
1.0168
1.01072
0.997376
0.97826
0.955417
0.931168
0.907865
0.887603
0.872033
0.8623
0.858924
0.861822
0.870327
0.883064
0.898124
0.913204
0.925986
0.934615
0.937836
0.935187
0.92717
0.915339
0.902038
0.8902
0.882861
0.882788
0.891703
0.909601
0.934346
0.962053
0.988172
1.00861
1.02059
1.02303
1.01632
1.00195
0.982133
0.959597
0.937084
0.91709
0.901615
0.891977
0.888893
0.89273
0.903639
0.921354
0.94465
0.97063
0.994813
1.01238
1.01961
1.01516
1.00019
0.978075
0.953569
0.931855
0.917337
0.912527
0.91748
0.930033
0.946647
0.963564
0.977591
0.986457
0.989015
0.985082
0.975249
0.960662
0.942653
0.922576
0.901686
0.881218
0.86249
0.846852
0.835735
0.830303
0.831106
0.837896
0.849567
0.864295
0.879918
0.894245
0.90548
0.912579
0.915341
0.914209
0.910167
0.90459
0.899071
0.895149
0.893884
0.895593
0.899987
0.906434
0.914245
0.922798
0.931508
0.939615
0.946239
0.950496
0.951552
0.948906
0.94261
0.933332
0.922381
0.911544
0.902901
0.898254
0.898596
0.903936
0.913351
0.925259
0.937927
0.949832
0.959705
0.966546
0.969843
0.969876
0.967955
0.966386
0.967788
0.973825
0.984412
0.997515
1.01016
1.01961
1.02387
1.02171
1.01264
0.99683
0.975005
0.948363
0.918443
0.88712
0.856457
0.828679
0.805867
0.789653
0.780902
1.1919
1.17836
1.15987
1.13766
1.11404
1.09217
1.0753
1.06584
1.0648
1.07186
1.08573
1.1048
1.12755
1.15251
1.17802
1.20204
1.22222
1.23637
1.24298
1.24147
1.23214
1.21598
1.19426
1.16884
1.14269
1.12002
1.10556
1.10226
1.10916
1.12182
1.13487
1.14408
1.14723
1.14399
1.13565
1.12504
1.1159
1.11182
1.115
1.12555
1.14159
1.15983
1.17669
1.18912
1.19518
1.19423
1.18697
1.17534
1.16211
1.15044
1.14311
1.14167
1.14616
1.15566
1.16914
1.18548
1.20266
1.2174
1.22596
1.22564
1.21581
1.19798
1.17554
1.15312
1.13514
1.12457
1.12202
1.12595
1.13334
1.14114
1.14697
1.14953
1.14787
1.14125
1.12936
1.11278
1.09305
1.07252
1.05384
1.03954
1.03188
1.03268
1.04307
1.06306
1.09117
1.12456
1.15969
1.19288
1.22126
1.24308
1.25773
1.26505
1.26517
1.25849
1.246
1.22956
1.21228
1.19785
1.18921
1.18761
1.1922
1.20077
1.21086
1.22021
1.2269
1.22907
1.22517
1.21403
1.19549
1.17044
1.14087
1.1097
1.08034
1.05609
1.03905
1.02956
1.02636
1.02736
1.03074
1.03594
1.04377
1.05595
1.07383
1.09739
1.12473
1.1526
1.17763
1.19738
1.21099
1.21911
1.22336
1.22554
1.2269
1.22793
1.22819
1.22671
1.22238
1.21415
1.20146
1.1844
1.16378
1.14137
1.11963
1.1013
1.08887
1.08419
1.08788
1.09914
1.11584
1.13487
1.15319
1.16848
1.17991
1.18811
1.19441
1.19999
1.20514
1.20924
1.21144
1.21101
1.20741
1.20057
1.19096
1.17964
1.16812
1.1579
1.15006
1.1451
1.143
1.14352
1.14618
1.15044
1.15541
1.15997
1.1631
1.16437
1.16396
1.16248
1.16058
1.15872
1.15705
1.1555
1.15381
1.15183
1.14949
1.14696
1.14442
1.1415
1.13735
1.13072
1.12084
1.10809
1.09415
1.08133
1.07191
1.06784
1.07059
1.08075
1.09728
1.11744
1.13782
1.15558
1.16905
1.17768
1.18183
1.18233
1.18035
1.17703
1.1734
1.17021
1.16789
1.16675
1.16683
1.16789
1.16957
1.17127
1.17243
1.17272
1.17201
1.17057
1.16898
1.16807
1.16846
1.17011
1.17229
1.17377
1.1733
1.16984
1.16303
1.15316
1.14127
1.12887
1.11794
1.11064
1.10872
1.11248
1.1202
1.12849
1.13392
1.13452
1.13054
1.12407
1.11795
1.11473
1.11596
1.12226
1.13342
1.14837
1.16527
1.18185
1.19589
1.20557
1.20983
1.20858
1.20275
1.19402
1.18425
1.17496
1.16714
1.16144
1.15854
1.15913
1.16376
1.17252
1.1849
1.19965
1.21517
1.22966
1.24098
1.24686
1.24504
1.23378
1.21214
1.18027
1.1396
1.09301
1.04477
1.00006
0.96435
0.942506
0.937647
0.950531
0.979228
1.01968
1.06672
1.11535
1.16141
1.20192
1.23496
1.25915
1.27333
1.27659
1.26828
1.24861
1.21917
1.1831
1.14462
1.10834
1.0783
1.05726
1.04645
1.04589
1.05481
1.07199
1.09587
1.12451
1.15585
1.18824
1.22063
1.25216
1.28088
1.30341
1.31616
1.31704
1.30644
1.2869
1.26182
1.23409
1.20534
1.17638
1.14804
1.12189
1.10018
1.08518
1.07807
1.07812
1.083
1.08976
1.09599
1.10041
1.1032
1.10543
1.10859
1.114
1.12223
1.13306
1.14554
1.15847
1.17067
1.18146
1.19059
1.19803
1.20323
1.205
1.20195
1.19319
1.17877
1.15987
1.13835
1.11622
1.09523
1.07712
1.06371
1.05686
1.05785
1.06677
1.08253
1.10317
1.12637
1.15013
1.17323
1.19512
1.21564
1.23415
1.24948
1.26054
1.26707
1.26984
1.27022
1.26946
1.26834
1.26722
1.26602
1.2642
1.26064
1.25382
1.24243
1.22568
1.20377
1.17793
1.15021
1.12288
1.09751
1.07459
1.05356
1.03352
1.01397
0.995386
0.979117
0.966725
0.959578
0.958632
0.964602
0.977954
0.998552
1.02555
1.05767
1.09345
1.13133
1.16959
1.20636
1.23971
1.26799
1.28999
1.30477
1.31164
1.31008
1.29982
1.28095
1.25417
1.22096
1.18369
1.14565
1.11059
1.082
1.06231
1.05253
1.05229
1.06029
1.07457
1.09306
1.11389
1.1357
1.15768
1.1793
1.19978
1.21787
1.23215
1.24156
1.24588
1.24556
1.24133
1.23349
1.22185
1.20636
1.18789
1.16844
1.15063
1.13677
1.12798
1.12427
1.12461
1.12741
1.13089
1.13374
1.13577
1.13795
1.142
1.14928
1.15986
1.17218
1.1836
1.19115
1.19272
1.18773
1.17736
1.16414
1.15096
1.14022
1.13314
1.12976
1.12927
1.13064
1.13288
1.13516
1.13677
1.13717
1.13613
1.13375
1.13026
1.1258
1.12029
1.11368
1.10586
1.09696
1.08752
1.0788
1.07268
1.07118
1.07575
1.08653
1.1023
1.12096
1.14023
1.15835
1.17432
1.18801
1.19992
1.21084
1.22148
1.2321
1.24238
1.2514
1.25776
1.25987
1.25622
1.24621
1.23059
1.21142
1.19162
1.17413
1.16127
1.15442
1.15361
1.15768
1.16449
1.17148
1.17606
1.17612
1.17044
1.15918
1.144
1.12761
1.11278
1.10137
1.09385
1.08954
1.08735
1.08641
1.08643
1.08806
1.0928
1.10224
1.11718
1.13651
1.15692
1.17419
1.18488
1.18752
1.18288
1.17333
1.16177
1.15053
1.14081
1.13254
1.12503
1.11777
1.11091
1.1057
1.104
1.10755
1.11723
1.1327
1.15247
1.17437
1.19602
1.21516
1.22959
1.23744
1.23757
1.23046
1.21859
1.20554
1.1943
1.18572
1.17863
1.17101
1.16148
1.15015
1.13823
1.12722
1.11839
1.11247
1.10989
1.11094
1.11563
1.12327
1.13258
1.14203
1.15064
1.15845
1.16634
1.17542
1.18622
1.19817
1.20944
1.21743
1.21931
1.21274
1.19662
1.17174
1.14106
1.10947
1.0828
1.06579
1.06072
1.06705
1.08206
1.10202
1.123
1.14181
1.15646
1.16622
1.17168
1.17417
1.17508
1.17513
1.17441
1.17265
1.16978
1.16646
1.16396
1.16371
1.16646
1.17184
1.17894
1.18731
1.19737
1.20941
1.22232
1.23342
1.23965
1.23873
1.22964
1.21277
1.18959
1.16227
1.13327
1.10491
1.0793
1.05848
1.0446
1.03959
1.04428
1.05785
1.0783
1.10381
1.13387
1.16873
1.20758
1.24677
1.28083
1.30445
1.31424
1.3091
1.29025
1.26105
1.22681
1.1938
1.16693
1.14741
1.13247
1.11779
1.10022
1.07902
1.05592
1.03464
1.01947
1.01358
1.01761
1.02942
1.04538
1.06197
1.07697
1.08968
1.10064
1.11082
1.12096
1.13124
1.14109
1.14937
1.15487
1.15659
1.15398
1.14735
1.1378
1.12742
1.11909
1.11577
1.11959
1.13076
1.14711
1.1649
1.18033
1.19089
1.19579
1.19547
1.19065
1.18213
1.17098
1.15874
1.14714
1.13742
1.13001
1.12492
1.12207
1.1216
1.12411
1.13021
1.14026
1.15375
1.16922
1.18435
1.19673
1.20453
1.20699
1.20431
1.19749
1.18802
1.17735
1.16682
1.15729
1.14889
1.14102
1.13276
1.12327
1.11245
1.10102
1.09046
1.08262
1.07902
1.08031
1.08629
1.09616
1.10892
1.12374
1.13974
1.1557
1.17007
1.18131
1.18844
1.19151
1.19142
1.18936
1.18617
1.18226
1.17765
1.17224
1.16599
1.1591
1.1519
1.14495
1.1391
1.1353
1.13426
1.13612
1.14032
1.14564
1.15089
1.15531
1.15872
1.1614
1.16371
1.16564
1.16653
1.16549
1.16164
1.15424
1.14289
1.12782
1.11028
1.09257
1.07766
1.06839
1.06693
1.07402
1.08875
1.10862
1.13016
1.14969
1.16429
1.17259
1.17509
1.17367
1.17098
1.16966
1.1715
1.17695
1.18519
1.19427
1.20165
1.20479
1.2016
1.19081
1.17214
1.14659
1.11647
1.08513
1.05642
1.03393
1.02043
1.01748
1.02537
1.04324
1.06929
1.10111
1.13575
1.16991
1.20037
1.22459
1.2412
1.25005
1.25174
1.24753
1.23907
1.22804
1.21611
1.20469
1.1948
1.18655
1.17933
1.17205
1.16369
1.15388
1.14349
1.13418
1.12775
1.12533
1.12751
1.13459
1.14677
1.16359
1.18339
1.203
1.21848
1.22611
1.22335
1.2094
1.18536
1.15394
1.11901
1.08482
1.05526
1.03317
1.01991
1.01519
1.01751
1.0248
1.03488
1.04577
1.05609
1.06531
1.07368
1.08218
1.09193
1.10363
1.11725
1.13215
1.14729
1.16139
1.17325
1.18195
1.18695
1.18804
1.1852
1.17865
1.1689
1.15687
1.14398
1.13192
1.12217
1.11544
1.11147
1.1092
1.10738
1.10533
1.10351
1.10344
1.107
1.11563
1.12983
1.14894
1.17137
1.19493
1.21704
1.23492
1.24612
1.24903
1.24335
1.23021
1.21202
1.19168
1.17193
1.15496
1.14221
1.13419
1.13064
1.13093
1.13476
1.14245
1.1546
1.17149
1.19225
1.21483
1.23629
1.25349
1.2636
1.26467
1.25588
1.23742
1.21043
1.17669
1.13846
1.09836
1.05943
1.02522
0.999346
0.984895
0.983457
0.994445
1.01534
1.0423
1.07112
1.09757
1.11812
1.13047
1.13383
1.12915
1.11867
1.10556
1.09348
1.08595
1.08522
1.09164
1.10337
1.1171
1.1295
1.13823
1.14231
1.14193
1.13805
1.13201
1.12531
1.11918
1.11434
1.11101
1.10919
1.10896
1.11057
1.11429
1.1204
1.12913
1.14047
1.15389
1.16826
1.18198
1.19339
1.20084
1.20326
1.20045
1.19357
1.18514
1.17853
1.17655
1.18005
1.18794
1.1982
1.20912
1.2199
1.23047
1.24089
1.25084
1.25909
1.26345
1.26122
1.25027
1.23006
1.2021
1.16936
1.13497
1.10156
1.07126
1.04604
1.02724
1.0153
1.00985
1.01029
1.01645
1.0285
1.0464
1.06901
1.09412
1.11881
1.14041
1.15742
1.16973
1.17821
1.1837
1.18659
1.18678
1.18426
1.17939
1.17297
1.16592
1.15913
1.15336
1.14942
1.14777
1.14821
1.14959
1.15003
1.14759
1.14115
1.13144
1.12138
1.11551
1.11817
1.13148
1.15444
1.18373
1.22797
1.25517
1.27754
1.29353
1.30226
1.30303
1.29551
1.27992
1.25723
1.22942
1.1992
1.16957
1.14322
1.12191
1.10618
1.09547
1.0886
1.08434
1.08184
1.08056
1.08041
1.08144
1.08374
1.08742
1.09265
1.09952
1.10796
1.11782
1.12874
1.14019
1.15136
1.161
1.16753
1.1697
1.16741
1.162
1.15569
1.15025
1.14631
1.14352
1.14122
1.13926
1.13814
1.13902
1.14337
1.15245
1.16669
1.18525
1.2059
1.22527
1.23981
1.24659
1.24405
1.23237
1.21324
1.18912
1.16272
1.13631
1.11154
1.08959
1.07157
1.05855
1.05143
1.05051
1.05499
1.0631
1.07252
1.08113
1.08769
1.09235
1.09644
1.10179
1.11007
1.12229
1.13887
1.15979
1.18419
1.21021
1.23492
1.25517
1.2687
1.27471
1.27401
1.26843
1.26022
1.25131
1.243
1.23558
1.22863
1.22116
1.21214
1.20068
1.18611
1.16824
1.14791
1.12748
1.11068
1.10125
1.10071
1.10771
1.11892
1.13099
1.14177
1.15042
1.15662
1.16009
1.16041
1.15719
1.15003
1.13893
1.12444
1.10802
1.09199
1.07914
1.07165
1.07033
1.07451
1.08272
1.09324
1.10461
1.11528
1.1236
1.12777
1.12647
1.11925
1.10711
1.09267
1.07975
1.07219
1.07265
1.08199
1.09954
1.1237
1.15266
1.18467
1.21773
1.24955
1.27759
1.2994
1.31323
1.3184
1.31542
1.30574
1.29131
1.27403
1.25545
1.23656
1.21776
1.19896
1.17991
1.1604
1.14061
1.12127
1.10364
1.08956
1.08119
1.08055
1.08867
1.10504
1.12734
1.15176
1.1738
1.18918
1.19493
1.18993
1.17517
1.15333
1.12787
1.10227
1.07972
1.0631
1.05499
1.05703
1.06919
1.08965
1.11533
1.14264
1.16836
1.1899
1.2053
1.21312
1.21283
1.20485
1.19061
1.17231
1.15219
1.13218
1.11357
1.09696
1.08274
1.07115
1.06245
1.05692
1.05466
1.05548
1.05889
1.06425
1.07124
1.08009
1.09124
1.10468
1.11953
1.13455
1.14886
1.16228
1.17498
1.18702
1.19803
1.20742
1.21488
1.22052
1.22476
1.22802
1.23071
1.2334
1.23681
1.24121
1.24594
1.24952
1.25025
1.24674
1.23843
1.22579
1.21031
1.19425
1.18006
1.16944
1.16285
1.15967
1.1588
1.15928
1.16021
1.16007
1.15693
1.14924
1.13655
1.11971
1.10053
1.08135
1.06449
1.05174
1.04429
1.04233
1.04503
1.05082
1.05801
1.0653
1.07211
1.07831
1.08399
1.08909
1.0933
1.09659
1.1001
1.10644
1.11901
1.14037
1.17069
1.20725
1.24531
1.27965
1.30609
1.3222
1.32746
1.32292
1.31074
1.29371
1.27488
1.25725
1.24308
1.23326
1.22687
1.22152
1.21452
1.20384
1.18859
1.16902
1.14639
1.12259
1.09988
1.08059
1.06692
1.06057
1.06239
1.07197
1.08758
1.10661
1.12637
1.14484
1.16086
1.17398
1.18398
1.19045
1.19303
1.19197
1.18821
1.18304
1.17754
1.17219
1.16707
1.16225
1.1581
1.15534
1.15465
1.15628
1.15969
1.16376
1.16697
1.16776
1.16481
1.15722
1.14483
1.12848
1.11011
1.0926
1.07903
1.07175
1.07157
1.07766
1.08791
1.09997
1.11195
1.12282
1.13244
1.1411
1.14904
1.15623
1.16227
1.16681
1.16973
1.17134
1.1721
1.17248
1.17263
1.17241
1.17158
1.17013
1.16845
1.16729
1.1676
1.17014
1.17534
1.18329
1.19373
1.20592
1.21844
1.22921
1.23587
1.23662
1.23086
1.2192
1.20326
1.18512
1.16696
1.15075
1.1379
1.12928
1.12505
1.12463
1.1266
1.12911
1.13017
1.12816
1.12254
1.11399
1.10409
1.09501
1.08876
1.08671
1.08904
1.09484
1.10234
1.1095
1.11457
1.1166
1.11573
1.11309
1.11065
1.11057
1.11475
1.12417
1.13857
1.15676
1.17716
1.1982
1.21842
1.23621
1.24992
1.25803
1.25931
1.25323
1.24033
1.22208
1.20061
1.17835
1.15751
1.13963
1.12572
1.11654
1.1124
1.11286
1.11635
1.12048
1.12259
1.12057
1.11386
1.10368
1.09275
1.08441
1.0815
1.08556
1.09687
1.1147
1.13756
1.1631
1.18831
1.20987
1.22487
1.23158
1.22996
1.22172
1.20985
1.19772
1.18794
1.18159
1.17819
1.17622
1.174
1.17019
1.16402
1.15516
1.14363
1.12989
1.11497
1.10048
1.08853
1.08082
1.07797
1.07892
1.08146
1.08315
1.08246
1.07939
1.0757
1.0742
1.07775
1.08803
1.10508
1.12733
1.15205
1.17611
1.19708
1.21382
1.22678
1.23728
1.24679
1.2559
1.26397
1.26912
1.26885
1.26112
1.24514
1.22204
1.19496
1.16847
1.14729
1.13493
1.13259
1.13923
1.152
1.16739
1.18216
1.19388
1.20116
1.20354
1.20151
1.19622
1.189
1.1807
1.17128
1.16025
1.14726
1.13259
1.11733
1.10297
1.09078
1.08147
1.07525
1.07202
1.07188
1.07508
1.08195
1.09267
1.10682
1.12336
1.14062
1.1565
1.1689
1.1761
1.17724
1.17246
1.16287
1.15028
1.13725
1.12673
1.12162
1.12397
1.13421
1.1509
1.17106
1.1913
1.20875
1.22155
1.22892
1.23098
1.22845
1.22219
1.21304
1.20155
1.18771
1.17113
1.15127
1.12769
1.10061
1.07096
1.04062
1.0122
0.988869
0.974226
0.971276
0.981249
1.00282
1.03252
1.06597
1.09918
1.12928
1.15454
1.17416
1.18809
1.19683
1.20112
1.20191
1.19999
1.19625
1.19154
1.1867
1.18237
1.17894
1.17646
1.17495
1.17459
1.17598
1.17995
1.18713
1.19758
1.21025
1.22307
1.23334
1.23851
1.23705
1.22897
1.21591
1.20042
1.18537
1.17298
1.16441
1.15954
1.15723
1.15571
1.15328
1.14877
1.14166
1.13218
1.12113
1.10972
1.0993
1.0913
1.08702
1.08767
1.09389
1.10541
1.12068
1.1373
1.15272
1.1648
1.1724
1.17546
1.17464
1.17101
1.16553
1.15877
1.15086
1.14147
1.13018
1.11654
1.10035
1.08206
1.06287
1.04512
1.03202
1.02732
1.03404
1.05349
1.08449
1.12347
1.16557
1.20586
1.24023
1.26591
1.28183
1.28857
1.28799
1.28253
1.27454
1.26569
1.25679
1.2478
1.23792
1.2261
1.21137
1.19321
1.17168
1.14765
1.12269
1.09883
1.07808
1.0619
1.05088
1.04464
1.04242
1.04344
1.04728
1.05391
1.06363
1.07677
1.09319
1.11223
1.13275
1.15334
1.17271
1.18992
1.2044
1.21603
1.225
1.23164
1.23602
1.23774
1.23596
1.22961
1.21781
1.2001
1.17669
1.14859
1.1177
1.08678
1.05924
1.03862
1.02745
1.02652
1.0345
1.04842
1.0646
1.07982
1.0919
1.10016
1.10524
1.10875
1.11289
1.11972
1.13062
1.14592
1.16456
1.18442
1.20294
1.21779
1.2274
1.23134
1.23015
1.22504
1.21735
1.20817
1.19827
1.18818
1.17861
1.17032
1.16391
1.15951
1.15679
1.15531
1.15506
1.15663
1.16107
1.1691
1.18062
1.19434
1.20805
1.21937
1.22646
1.22867
1.22691
1.2232
1.21971
1.21782
1.21738
1.21674
1.21353
1.20559
1.1917
1.17183
1.14697
1.11898
1.09004
1.06265
1.03925
1.022
1.01261
1.01205
1.02051
1.03731
1.06112
1.09018
1.1225
1.15586
1.18792
1.21628
1.23868
1.25322
1.25891
1.25623
1.24713
1.23443
1.22096
1.20862
1.19801
1.18868
1.17989
1.17122
1.16253
1.15366
1.14403
1.13266
1.11855
1.10113
1.08078
1.05889
1.03796
1.02125
1.01208
1.01306
1.02526
1.04784
1.07824
1.11301
1.14858
1.18183
1.21055
1.23338
1.24997
1.26086
1.26726
1.27054
1.27176
1.27155
1.2701
1.26709
1.2619
1.25437
1.24559
1.23829
1.23552
1.23868
1.24636
1.25473
1.25895
1.25487
1.2404
1.21609
1.18459
1.1495
1.1143
1.08216
1.05607
1.03883
1.0326
1.03789
1.05326
1.07573
1.10195
1.12919
1.15555
1.17965
1.19985
1.21403
1.22023
1.21733
1.20522
1.18493
1.15846
1.12892
1.09985
1.07444
1.05464
1.04121
1.03448
1.03476
1.04268
1.0584
1.08137
1.11017
1.14276
1.17687
1.21029
1.24098
1.26723
1.28766
1.30118
1.3068
1.30375
1.29171
1.27097
1.24272
1.20922
1.17362
1.13953
1.11069
1.09025
1.08034
1.08149
1.09187
1.10778
1.12497
1.14014
1.15123
1.15713
1.15759
1.15331
1.14581
1.13672
1.12752
1.11954
1.11414
1.11292
1.11746
1.12883
1.14723
1.17161
1.19976
1.22861
1.25469
1.27459
1.28517
1.28409
1.27046
1.2452
1.21137
1.17359
1.13684
1.10541
1.08173
1.06655
1.0595
1.05968
1.06602
1.07727
1.09194
1.10826
1.12457
1.13932
1.15158
1.16083
1.16677
1.16935
1.16874
1.16528
1.15952
1.15203
1.14334
1.13403
1.12495
1.11727
1.11227
1.1111
1.11432
1.12176
1.13281
1.1466
1.16213
1.17813
1.19294
1.20491
1.21268
1.21539
1.21282
1.20545
1.19452
1.18183
1.16952
1.15952
1.1529
1.14971
1.14906
1.14973
1.15093
1.15298
1.15726
1.16538
1.17836
1.19577
1.21565
1.23506
1.25078
1.2597
1.25906
1.24687
1.2225
1.18742
1.1459
1.10478
1.07191
1.05293
1.0485
1.055
1.06763
1.08305
1.09983
1.11774
1.13669
1.15594
1.17388
1.18849
1.19831
1.20295
1.20314
1.20007
1.19508
1.18927
1.18369
1.17899
1.17573
1.174
1.17343
1.17321
1.17243
1.17068
1.16814
1.16562
1.16394
1.16333
1.16323
1.16259
1.16037
1.15596
1.1492
1.14008
1.12874
1.11578
1.10282
1.09248
1.08762
1.09034
1.1011
1.11854
1.1401
1.16296
1.18496
1.20487
1.22228
1.23702
1.24854
1.25547
1.256
1.24843
1.23204
1.20782
1.17896
1.15036
1.12724
1.11319
1.10887
1.11213
1.11953
1.12783
1.13487
1.13967
1.14235
1.14375
1.14508
1.14751
1.15172
1.15771
1.165
1.17279
1.18023
1.18646
1.19055
1.19157
1.18878
1.18149
1.16904
1.15077
1.17365
1.14051
1.10523
1.072
1.04457
1.02532
1.01517
1.01415
1.02188
1.0376
1.06007
1.08752
1.11787
1.14898
1.17889
1.20591
1.22861
1.24582
1.25658
1.26051
1.2581
1.25069
1.24047
1.22996
1.22164
1.21724
1.21707
1.21979
1.22273
1.22311
1.21936
1.21186
1.2027
1.19453
1.18904
1.18629
1.18516
1.18408
1.1817
1.17707
1.16985
1.16035
1.14973
1.1401
1.13407
1.13407
1.14134
1.15528
1.17337
1.19198
1.20751
1.21784
1.22289
1.22445
1.2255
1.22863
1.23453
1.24146
1.24594
1.24493
1.23746
1.22501
1.21033
1.1959
1.183
1.17177
1.16145
1.15103
1.13966
1.12722
1.1143
1.10207
1.09198
1.08553
1.08429
1.08981
1.10336
1.12526
1.15409
1.18658
1.21786
1.24269
1.25652
1.25639
1.24154
1.21378
1.17731
1.13805
1.10259
1.07698
1.06601
1.07194
1.09351
1.12574
1.16168
1.1948
1.22065
1.23709
1.2437
1.24101
1.23021
1.21305
1.19216
1.17124
1.15475
1.14691
1.15045
1.16586
1.19134
1.22361
1.259
1.29395
1.32545
1.35087
1.36794
1.37475
1.36987
1.35266
1.3236
1.28405
1.23632
1.1833
1.12837
1.07516
1.02733
0.988159
0.960469
0.946467
0.947531
0.963877
0.994015
1.03468
1.08108
1.12787
1.17013
1.20436
1.22903
1.24472
1.25393
1.26014
1.26638
1.27417
1.283
1.29113
1.29688
1.29918
1.29769
1.29263
1.28447
1.27378
1.26114
1.24702
1.23161
1.21472
1.1959
1.17484
1.1518
1.12782
1.10495
1.08604
1.07429
1.07236
1.08131
1.10019
1.12614
1.15513
1.18303
1.2062
1.22208
1.22928
1.22742
1.21701
1.19907
1.17522
1.1478
1.12001
1.0955
1.07769
1.06868
1.06868
1.07613
1.08834
1.1027
1.11736
1.13161
1.14573
1.16047
1.17658
1.19439
1.21366
1.23345
1.25232
1.26851
1.28005
1.28526
1.28324
1.27451
1.26076
1.24421
1.22625
1.20743
1.18831
1.1706
1.15719
1.15117
1.15431
1.16635
1.18525
1.20811
1.23186
1.25382
1.27175
1.28421
1.2907
1.29139
1.28689
1.27785
1.26495
1.24868
1.2294
1.20754
1.18384
1.15963
1.13706
1.11867
1.10631
1.10032
1.09931
1.1006
1.10119
1.09869
1.09211
1.08226
1.07178
1.06427
1.0631
1.07016
1.08516
1.10594
1.12936
1.15223
1.17204
1.18731
1.19749
1.20285
1.20434
1.20349
1.20212
1.20218
1.20543
1.21291
1.22451
1.23878
1.25314
1.26451
1.27006
1.26789
1.25783
1.24169
1.22299
1.20589
1.19356
1.1869
1.18458
1.18416
1.18348
1.18139
1.17775
1.17329
1.16941
1.16786
1.16995
1.17621
1.18634
1.19965
1.2151
1.23105
1.24523
1.25503
1.25855
1.25538
1.2467
1.23501
1.22346
1.21483
1.21068
1.21074
1.21308
1.2147
1.21268
1.20508
1.19139
1.17264
1.15121
1.1303
1.11324
1.10255
1.09924
1.10284
1.11182
1.12425
1.13831
1.15266
1.16626
1.17797
1.18672
1.19128
1.19062
1.18421
1.17265
1.15788
1.14281
1.13067
1.12405
1.12425
1.13125
1.14405
1.16128
1.18148
1.20314
1.22454
1.24365
1.25819
1.26615
1.26682
1.26138
1.25265
1.24437
1.23975
1.24061
1.24705
1.25774
1.27031
1.28192
1.28977
1.2915
1.28514
1.26938
1.24387
1.20959
1.16938
1.1282
1.09236
1.06754
1.05614
1.05658
1.06492
1.07734
1.09142
1.10588
1.11985
1.13227
1.14211
1.14878
1.15225
1.1535
1.15451
1.15778
1.16537
1.17801
1.195
1.21456
1.23434
1.25203
1.26534
1.27233
1.27167
1.26314
1.24807
1.22926
1.21047
1.19536
1.18629
1.18377
1.18683
1.19392
1.20372
1.21533
1.22783
1.23953
1.24803
1.25092
1.24648
1.23446
1.21619
1.19403
1.17073
1.14933
1.13285
1.12352
1.12163
1.12512
1.13011
1.13218
1.12816
1.11743
1.10257
1.08899
1.08295
1.08852
1.10555
1.13022
1.15751
1.18346
1.20593
1.22409
1.23781
1.2472
1.25283
1.25578
1.25755
1.25949
1.26251
1.26693
1.27207
1.27602
1.27633
1.27122
1.26059
1.24604
1.23011
1.21518
1.20265
1.19273
1.18479
1.17782
1.17107
1.16419
1.15697
1.14899
1.13946
1.12732
1.11197
1.09377
1.07435
1.05641
1.04311
1.03776
1.04307
1.06029
1.08864
1.12513
1.1653
1.20439
1.23838
1.26455
1.28158
1.2895
1.28935
1.28292
1.27245
1.26012
1.24776
1.23644
1.22666
1.21859
1.21241
1.20827
1.20623
1.2057
1.20503
1.20195
1.19409
1.17982
1.15892
1.1328
1.1042
1.07647
1.05287
1.03603
1.02775
1.02926
1.04096
1.06239
1.09202
1.12735
1.16532
1.20277
1.23667
1.26424
1.28353
1.29387
1.29634
1.29323
1.28712
1.28001
1.27279
1.26549
1.25796
1.25021
1.2428
1.23678
1.23331
1.23287
1.23479
1.23764
1.24009
1.24128
1.24058
1.23701
1.22921
1.21575
1.19579
1.16968
1.13931
1.10809
1.08032
1.06013
1.05041
1.05203
1.06389
1.08358
1.10813
1.13458
1.16042
1.18381
1.20366
1.21951
1.23139
1.23963
1.24476
1.24737
1.24804
1.24738
1.2459
1.2439
1.24192
1.24048
1.24015
1.24127
1.2436
1.24605
1.2467
1.24306
1.23295
1.21519
1.18993
1.15832
1.12222
1.08443
1.04926
1.02249
1.00963
1.0132
1.03145
1.05952
1.09183
1.12359
1.15135
1.17301
1.18765
1.19556
1.19801
1.19708
1.19507
1.19392
1.19471
1.1974
1.20113
1.20501
1.20885
1.2136
1.22094
1.23198
1.24594
1.25997
1.27045
1.27494
1.27311
1.26631
1.25623
1.24402
1.23029
1.21574
1.20151
1.18904
1.17958
1.1738
1.1713
1.17094
1.1714
1.17186
1.17234
1.17353
1.17606
1.18006
1.18505
1.19006
1.194
1.1961
1.19598
1.19374
1.19003
1.18594
1.18279
1.18174
1.18323
1.18659
1.19012
1.19179
1.18994
1.18384
1.17401
1.16194
1.14966
1.13934
1.13282
1.13118
1.13444
1.14171
1.15152
1.16258
1.17412
1.18622
1.19951
1.21468
1.23182
1.24981
1.26625
1.27788
1.28158
1.27531
1.25881
1.23367
1.20314
1.17139
1.14252
1.11994
1.10559
1.09976
1.10117
1.10738
1.11561
1.12345
1.12947
1.13352
1.13649
1.13959
1.1434
1.14759
1.15139
1.15443
1.15717
1.16056
1.16553
1.17216
1.1796
1.18645
1.19162
1.19505
1.19768
1.20081
1.2051
1.21002
1.21405
1.21551
1.21349
1.2081
1.20054
1.19284
1.18711
1.18475
1.18586
1.18914
1.19246
1.19382
1.19201
1.18683
1.17881
1.16902
1.15872
1.14914
1.14119
1.13553
1.13252
1.13207
1.13371
1.13664
1.14001
1.14354
1.14813
1.15586
1.16841
1.1854
1.20424
1.2215
1.23447
1.24159
1.24234
1.23728
1.22799
1.21677
1.20608
1.1978
1.19307
1.19235
1.19557
1.20248
1.2126
1.22518
1.23917
1.25308
1.26513
1.27363
1.27709
1.27459
1.26594
1.25148
1.23177
1.20731
1.17842
1.14558
1.10992
1.07345
1.03917
1.01068
0.991653
0.985209
0.993481
1.01681
1.05314
1.0982
1.14611
1.19082
1.22737
1.25262
1.26551
1.26665
1.25791
1.24171
1.22075
1.1976
1.17451
1.15332
1.13538
1.12173
1.11313
1.11034
1.114
1.12415
1.14002
1.15992
1.18153
1.20249
1.22101
1.23623
1.24823
1.25759
1.26497
1.27058
1.274
1.27431
1.27051
1.26215
1.24928
1.23228
1.21174
1.18861
1.16411
1.13981
1.1175
1.09907
1.08644
1.08131
1.08485
1.09742
1.11822
1.14524
1.17541
1.20506
1.23051
1.24876
1.25778
1.25677
1.24616
1.22745
1.20312
1.17634
1.15061
1.12947
1.1159
1.11164
1.1169
1.13011
1.14859
1.1691
1.18848
1.20414
1.21438
1.21844
1.21644
1.20913
1.19752
1.18249
1.16483
1.14523
1.12439
1.1033
1.08333
1.06635
1.05454
1.05015
1.05501
1.06992
1.09434
1.12611
1.1616
1.19648
1.22659
1.24917
1.2637
1.27174
1.2759
1.27833
1.27967
1.27929
1.27634
1.27058
1.26256
1.25333
1.24396
1.23502
1.22649
1.21796
1.2088
1.19827
1.18579
1.17133
1.15595
1.14202
1.13254
1.1296
1.13336
1.14236
1.15495
1.17033
1.18829
1.20817
1.22828
1.24599
1.25873
1.26492
1.26445
1.25861
1.2492
1.23781
1.22519
1.21132
1.19584
1.17859
1.15988
1.14075
1.12328
1.11036
1.10534
1.11063
1.12648
1.15051
1.17874
1.20692
1.23139
1.24952
1.25991
1.26244
1.25793
1.2473
1.23078
1.20828
1.18036
1.14924
1.11892
1.0943
1.07973
1.0776
1.08777
1.10782
1.13417
1.16316
1.19175
1.21789
1.24024
1.25795
1.27048
1.27769
1.27976
1.27716
1.27066
1.26127
1.2499
1.23734
1.22426
1.21123
1.1986
1.18655
1.17498
1.1638
1.15311
1.14347
1.13618
1.13287
1.13506
1.1437
1.15876
1.17906
1.20239
1.22576
1.24602
1.26051
1.26738
1.26588
1.25642
1.24023
1.21901
1.19471
1.16925
1.14475
1.12355
1.10804
1.10029
1.1016
1.11204
1.13031
1.15376
1.17885
1.20161
1.21845
1.2267
1.2249
1.21305
1.19251
1.16574
1.13566
1.10544
1.07813
1.05645
1.04245
1.03738
1.04199
1.0565
1.08066
1.11331
1.15211
1.19355
1.23329
1.26685
1.29051
1.30163
1.29922
1.28392
1.25803
1.225
1.18912
1.15489
1.12641
1.10708
1.0993
1.10392
1.11966
1.14319
1.17037
1.19769
1.22299
1.2451
1.26321
1.27631
1.28301
1.28157
1.27072
1.25024
1.22103
1.18534
1.14631
1.1075
1.0724
1.04422
1.02571
1.01907
1.02552
1.0448
1.07453
1.11056
1.14828
1.18387
1.21529
1.2423
1.26595
1.28773
1.30852
1.3278
1.34341
1.35193
1.34974
1.33446
1.30595
1.26686
1.22238
1.17879
1.14238
1.11791
1.10771
