-0.234637 0.280641 0.483942
-0.326945 -0.321201 -0.29646
0.480656 -0.272925 -0.261312
-0.119641 0.245719 -0.345832
-0.334965 0.485116 0.447322
0.085968 -0.262828 -0.260265
-0.155668 -0.148114 0.439933
0.00751661 -0.392253 -0.370954
0.385508 -0.496074 -0.411354
0.273662 -0.246615 0.364901
0.349126 -0.288062 -0.428881
0.416575 0.46301 0.400363
-0.341761 -0.246218 -0.476792
-0.311813 -0.0778896 0.245794
-0.43034 -0.079069 -0.367459
-0.14753 -0.332051 -0.442311
-0.110621 -0.233393 0.235587
0.156916 0.0954919 0.486027
0.00666763 -0.011393 -0.43121
-0.20525 0.466398 -0.208602
0.308739 -0.156009 -0.268596
0.321302 -0.0819856 -0.456005
0.16245 -0.0132987 -0.217627
0.246571 -0.333472 -0.162994
-0.425811 -0.0691866 0.438793
-0.254658 0.388492 0.299064
-0.46423 0.146729 -0.425605
-0.253666 -0.0192132 -0.405769
0.0354428 0.247812 -0.46727
0.122551 0.407356 -0.408984
-0.137154 0.442922 -0.400117
0.0879826 0.149772 -0.283788
0.285394 0.0965859 -0.371271
0.363832 0.298124 -0.433614
0.264889 0.291558 -0.281093
0.468524 0.305676 -0.239887
-0.486652 -0.471662 -0.251844
-0.498821 -0.342571 -0.0699549
0.360743 -0.0293803 0.339674
-0.399758 0.209578 -0.0733103
-0.407051 0.471365 -0.0871617
-0.116739 -0.327858 -0.212436
-0.336708 -0.404602 0.0910811
-0.14871 -0.425256 -0.028931
0.204404 0.460561 -0.211146
0.411479 -0.149831 0.0501645
0.0011668 0.484902 -0.172665
0.375483 -0.49563 -0.0732839
0.383421 0.0179548 -0.0165248
0.491366 -0.119747 -0.1255
-0.364826 0.163718 0.170467
-0.38315 -0.153994 0.0647064
-0.297549 -0.329063 -0.105776
-0.0235892 -0.0774595 -0.137608
-0.109848 -0.156241 -0.323377
0.0548433 -0.124442 0.0791129
0.0130617 -0.264962 -0.0794615
0.212311 -0.103333 -0.0533256
0.087593 0.101499 -0.0600241
0.257833 0.154758 0.0715288
0.446167 0.0414246 -0.255514
-0.423807 0.391888 -0.383909
0.322661 0.318154 -0.076987
-0.330741 0.0320922 0.0121693
-0.124126 0.0577996 -0.265561
-0.0888335 0.260736 -0.148076
-0.254031 0.331586 0.0188612
-0.12912 0.0697315 -0.046867
0.278185 0.139621 -0.150976
0.118117 0.298523 -0.100777
-0.00944708 0.163598 0.105911
0.380003 0.326652 0.245957
0.415134 -0.49096 0.12621
0.467111 -0.285181 0.177437
-0.22512 -0.336891 0.382719
-0.45198 -0.442179 0.286795
-0.406737 0.397279 0.153042
0.0350583 -0.359464 0.118794
-0.169068 -0.463272 0.211134
0.0803885 -0.297236 0.311637
-0.0538749 0.442861 0.085596
0.256976 -0.318018 0.0806496
0.16241 -0.217683 -0.446913
0.174053 -0.413114 0.449799
-0.49505 -0.0589537 0.216473
-0.129919 0.00976979 0.147954
-0.446352 0.120802 0.346735
-0.336616 -0.280195 0.239474
-0.165475 -0.233259 0.0432079
0.0245595 0.0277212 0.257689
-0.204025 0.0759425 0.372843
0.141051 -0.0818834 0.395502
0.259498 -0.034312 0.15147
0.393757 0.122851 0.210203
0.196381 0.150532 0.285891
0.468686 -0.27519 0.405416
-0.4452 0.300368 0.440491
-0.317637 0.28529 -0.250728
0.300496 -0.437664 0.259013
-0.16259 0.242664 0.20141
-0.338277 0.00466067 -0.190912
0.157517 0.305241 0.144077
-0.0208464 -0.491208 0.439971
-0.0384548 0.291405 0.354951
0.183557 0.343105 0.408624
0.183035 0.487057 0.0405461
0.103704 0.4996 0.266828
0.36355 0.153647 0.41212
