1.64998
1.64994
1.64986
1.64974
1.6496
1.64943
1.64922
1.64898
1.6487
1.6484
1.64806
1.64768
1.64728
1.64684
1.64636
1.64585
1.64531
1.64473
1.64411
1.64346
1.64278
1.64205
1.64129
1.64049
1.63966
1.63878
1.63787
1.63691
1.63592
1.63488
1.6338
1.63268
1.63152
1.63032
1.62907
1.62777
1.62643
1.62504
1.62361
1.62213
1.6206
1.61902
1.61739
1.61571
1.61398
1.6122
1.61036
1.60847
1.60652
1.60452
1.60246
1.60034
1.59816
1.59592
1.59362
1.59126
1.58883
1.58634
1.58379
1.58116
1.57847
1.57571
1.57288
1.56998
1.567
1.56395
1.56083
1.55763
1.55435
1.55099
1.54755
1.54403
1.54042
1.53674
1.53296
1.52911
1.52516
1.52113
1.51701
1.51279
1.50849
1.5041
1.49961
1.49502
1.49034
1.48556
1.48069
1.47572
1.47064
1.46547
1.46019
1.45482
1.44934
1.44375
1.43807
1.43228
1.42638
1.42038
1.41428
1.40807
1.40175
1.39533
1.38881
1.38218
1.37544
1.3686
1.36166
1.35462
1.34747
1.34022
1.33288
1.32543
1.31789
1.31025
1.30252
1.2947
1.28679
1.27879
1.27071
1.26255
1.2543
1.24598
1.23759
1.22912
1.22059
1.212
1.20334
1.19463
1.18587
1.17706
1.1682
1.15931
1.15038
1.14143
1.13245
1.12345
1.11443
1.10541
1.09638
1.08735
1.07833
1.06933
1.06034
1.05137
1.04244
1.03355
1.02469
1.01589
1.00714
0.998445
0.98982
0.981265
0.972787
0.964392
0.956084
0.94787
0.939754
0.931743
0.92384
0.916053
0.908385
0.90084
0.893424
0.886141
0.878995
0.871989
0.865129
0.858416
0.851855
0.845449
0.839201
0.833113
0.82719
0.821432
0.815842
0.810422
0.805174
0.800099
0.795198
0.790473
0.785925
0.781553
0.77736
0.773344
0.769506
0.765845
0.762362
0.759055
0.755923
0.752967
0.750185
0.747575
0.745137
0.742868
0.740767
0.738833
0.737063
0.735455
0.734007
0.732717
0.731582
0.730601
0.729769
0.729084
0.728543
0.728144
0.727883
0.727758
0.727766
0.727902
0.728165
0.728551
0.729057
0.72968
0.730415
0.73126
0.732212
0.733267
0.734421
0.735672
0.737015
0.738448
0.739967
0.741568
0.743249
0.745006
0.746835
0.748733
0.750696
0.752722
0.754808
0.756949
0.759144
0.76139
0.763682
0.76602
0.768398
0.770815
0.773268
0.775752
0.778266
0.780807
0.783372
0.78596
0.788567
0.79119
0.793828
0.796478
0.799137
0.801804
0.804477
0.807154
0.809831
0.812508
0.815182
0.817851
0.820514
0.823169
0.825814
0.828447
0.831067
0.833672
0.83626
0.838831
0.841383
0.843914
0.846424
0.848911
0.851374
0.853812
0.856224
0.85861
0.860967
0.863297
0.865596
0.867866
0.870104
0.872312
0.874487
0.87663
0.878739
0.880815
0.882857
0.884865
0.886837
0.888775
0.890677
0.892544
0.894375
0.89617
0.897931
0.899655
0.901344
0.902997
0.904614
0.906195
0.907739
0.909248
0.910721
0.912158
0.913559
0.914925
0.916255
0.91755
0.918811
0.920037
0.921228
0.922385
0.923508
0.924598
0.925653
0.926676
0.927665
0.928622
0.929546
0.930436
0.931294
0.93212
0.932914
0.933676
0.934406
0.935105
0.935771
0.936406
0.93701
0.937582
0.938123
0.938633
0.939111
0.939559
0.939975
0.940361
0.940714
0.941037
0.941329
0.94159
0.941819
0.942017
0.942183
0.942318
0.942422
0.942494
0.942534
0.942543
0.942519
0.942464
0.942377
0.942259
0.942108
0.941926
0.941711
0.941465
0.941187
0.940876
0.940534
0.94016
0.939755
0.939318
0.938849
0.93835
0.937819
0.937257
0.936664
0.936041
0.935387
0.934703
0.933989
0.933246
0.932474
0.931673
0.930844
0.929987
0.929103
0.928193
0.927256
0.926293
0.925306
0.924294
0.923259
0.922201
0.921121
0.920019
0.918897
0.917756
0.916595
0.915417
0.914223
0.913012
0.911787
0.910548
0.909296
0.908033
0.906759
0.905476
0.904183
0.902883
0.901576
0.900264
0.898948
0.897629
