1.21742e+10
1.87485e+10
1.0576e+07
6.74225e+06
2.40055e+06
9.30454e+11
6.84656e+09
322778
3.4802e+07
4.83413e+07
1.10249e+09
2.73156e+07
2.15417e+07
7.15331e+06
1.41011e+09
1.03531e+11
1.63522e+08
1.70201e+08
8.07e+07
967466
7.37974e+08
3.40482e+07
2.07701e+12
2.34001e+10
6.36633e+06
2.13272e+07
5.03485e+08
3.24313e+14
3.19123e+11
2.51888e+12
2.83648e+07
5.70015e+08
1.77424e+08
3.31067e+07
1.47556e+06
3.05865e+06
2.0035e+07
529602
1.466e+08
1.54471e+07
1.08887e+06
7.07731e+08
1.51201e+08
2.13795e+07
1.66502e+07
2.84055e+08
1.40568e+06
3.15406e+07
3.25275e+10
2.00918e+06
738811
9.6127e+11
3.34093e+08
8.5554e+06
1.91168e+09
5.98398e+07
1.64946e+07
3.03621e+06
2.89391e+08
3.77052e+11
2.78938e+07
1.63944e+08
3.89599e+09
2.23511e+09
5.53199e+06
2.27678e+08
7.14509e+09
4.93492e+09
1.44597e+07
1.03315e+06
2.20839e+06
1.28031e+08
2.30882e+07
2.17221e+08
7.68717e+08
1.25294e+10
3.72891e+12
2.41553e+07
7.88242e+07
4.21548e+13
1.24272e+07
2.86899e+11
4.78419e+07
2.19545e+09
1.96993e+08
7.83456e+06
5.77584e+06
6.12262e+07
1.36167e+08
2.28088e+12
6.01406e+07
2.10991e+13
1.19748e+06
2.20173e+13
8.12591e+09
112163
8.55682e+06
9.29066e+10
5.39762e+07
7.44779e+11
4.13331e+11
6.48589e+07
6.51561e+08
657604
3.06136e+06
1.37145e+10
2.40582e+07
4.05422e+06
1.04294e+09
7.36164e+08
2.58403e+06
3.98383e+07
2.09291e+09
3.84572e+09
1.69271e+08
993461
142431
2.67115e+06
9.47494e+06
1.05313e+09
9.46663e+09
2.92136e+08
9.55505e+08
1.80461e+09
2.81881e+07
2.36459e+11
224144
6.14942e+06
1.21245e+10
5.24496e+07
4.25225e+09
4.12821e+12
6.88349e+11
2.09933e+09
1.58099e+07
1.03626e+06
4.035e+11
1.87873e+10
1.21459e+06
2.05937e+06
5.01792e+07
1.62433e+07
3.04706e+12
1.58705e+07
1.1347e+10
4.13946e+06
6.29942e+07
2.38342e+11
2.95939e+08
7.9059e+07
1.34935e+06
9.03666e+07
9.03414e+07
5.30352e+10
1.28145e+08
3.36712e+07
3.66364e+23
4.01259e+08
3.27583e+12
1.11292e+07
1.27456e+07
3.53396e+07
2.87122e+09
2.01186e+06
4.01639e+08
7.45686e+09
1.10478e+08
132409
1.08623e+06
7.81559e+07
1.64254e+07
8.86978e+10
2.38377e+10
1.27742e+08
1.42914e+10
1.92398e+10
1.90836e+11
5.07049e+13
3.6663e+06
1.06879e+08
294850
7.91056e+07
3.24608e+08
5.44852e+07
1.29146e+09
2.20663e+07
1.83384e+06
4.14175e+10
5.39247e+08
4.68221e+09
6.62109e+08
2.05884e+09
715271
2.41111e+17
8.54048e+12
5.90294e+10
1.51685e+15
-nan
2.26349e+08
2.36096e+09
6.95757e+15
1.19954e+10
2.68884e+06
6.72571e+12
1.65104e+08
7.93185e+08
6.42997e+09
364277
4.76331e+07
2.27932e+07
5.43683e+12
5.43647e+09
2.05023e+06
1.16648e+10
2.85078e+08
1.93691e+11
7.78305e+06
9.81737e+09
5.84171e+06
6.5795e+09
7.84301e+08
5.04035e+06
4.61845e+11
6.51847e+08
6.0614e+09
3.43489e+08
3.73913e+07
3.81096e+07
1.75901e+07
6.04547e+10
2.03094e+09
3.09212e+08
4.90248e+14
1.6402e+08
1.11189e+07
1.42019e+09
2.36741e+07
1.3179e+11
5.42866e+07
1.62799e+06
1.24575e+08
627294
5.84512e+08
7.46199e+06
3.40959e+10
1.13699e+09
1.58815e+09
1.32098e+06
6.71177e+07
1.77163e+07
8.93124e+06
1.71225e+07
7.65054e+09
2.59926e+07
2.19268e+06
1.26237e+07
4.46704e+11
2.81089e+07
2.67889e+09
2.09016e+08
1.98969e+07
2.25859e+08
1.12099e+09
5.01683e+07
104960
1.32904e+07
2.48291e+09
2.77964e+07
3.46949e+06
5.97169e+09
3.31035e+07
2.35346e+07
3.96148e+07
2.74093e+06
451264
6.58088e+06
1.21431e+06
3.53138e+08
47037.1
3.25256e+07
3.40696e+07
2.83209e+09
1.30726e+08
4.7803e+06
316062
4.85714e+06
9.7147e+07
2.50346e+06
2.0492e+09
2.02047e+07
1.09854e+06
7.27524e+06
2.73668e+06
6.52024e+07
2.93981e+10
3.84604e+08
547103
1.15703e+11
8.05536e+09
3.61468e+10
8.73016e+06
9.11647e+08
4.67101e+09
517116
3.44588e+12
7.15923e+07
9.55315e+08
1.42939e+08
3.10332e+10
1.0891e+11
7.89696e+07
7.05543e+07
2.18846e+08
8.38821e+07
2.76206e+06
2.28327e+10
1.4271e+16
2.66139e+08
505956
570404
2.6828e+06
6.01623e+10
2.38162e+11
8.2965e+09
6.85785e+09
7.13786e+07
1.58386e+10
8.32099e+06
1.70713e+10
4.03269e+08
3.32666e+10
7.19978e+06
4.59678e+08
1.89771e+09
8.42621e+10
6.12309e+06
7.03903e+10
4.66109e+08
2.08383e+06
6.33512e+10
1.98694e+13
6.31286e+06
3.71008e+07
1.18816e+07
9.84893e+09
2.1604e+06
3.0818e+10
1.45492e+06
513723
2.72561e+07
468502
1.82408e+13
1.90066e+12
1.99673e+09
1.86019e+13
9.75687e+13
5.03715e+11
1.37902e+08
1.10901e+06
7.02788e+09
4.14262e+07
5.74147e+06
3.2289e+07
3.17823e+07
5.09178e+07
1.0055e+08
1.04682e+07
2.22827e+10
3.71925e+11
1.23429e+06
7.14492e+07
1.471e+07
1.06716e+06
2.94698e+08
7.61569e+09
8.32263e+09
2.03549e+06
5.67274e+09
2.15741e+08
1.0031e+09
6.94719e+06
9.72648e+12
2.03179e+06
7.47118e+07
1.58323e+11
1.72658e+06
3.54565e+08
1.42156e+09
5.07729e+07
6.93909e+09
4.16522e+08
4.77393e+06
2.45356e+06
1.69144e+06
1.60362e+07
1.05877e+07
1.33211e+07
343237
1.97896e+06
1.72676e+09
6.73128e+10
7.32136e+07
3.15447e+07
1.27711e+11
9.85608e+12
2.67317e+07
3.79128e+09
1.33969e+07
1.51327e+06
4.89355e+10
1.11894e+09
1.20401e+09
4.41268e+06
2.15047e+09
3.33868e+07
1.69113e+09
1.18167e+11
1.68603e+09
1.54204e+09
6.95017e+08
1.40327e+08
2.09387e+13
3.74142e+09
2.49301e+07
2.20504e+10
372076
8.82638e+08
5.2486e+06
7.90982e+06
612457
5.71525e+08
152422
5.40717e+08
2.8307e+07
7.91681e+08
3.80704e+08
1.68618e+09
6.42667e+11
2.63467e+07
454067
177979
8.52766e+06
4.72779e+06
1.73324e+09
2.33758e+08
7.66697e+08
80575.5
7.32632e+13
1.69025e+07
1.03786e+10
1.07741e+07
1.88804e+07
1.54594e+08
5.42591e+07
1.44253e+10
8.13683e+09
1.78897e+06
1.57112e+06
1.978e+07
5.39168e+08
2.47458e+12
9.78766e+07
1.33112e+06
5.53269e+09
1.20398e+07
5.11596e+11
5.78978e+08
5.4389e+07
1.86016e+11
5.53578e+11
4.94295e+07
1.36486e+07
8.12622e+07
1.4122e+12
6.92971e+07
8.59645e+06
1.41606e+11
6.20483e+07
1.88282e+12
1.62912e+07
3.896e+07
1.12732e+10
2.60241e+08
1.30344e+09
390595
2.31663e+07
2.48536e+07
1.12653e+08
2.04018e+10
1.0866e+07
4.56038e+10
3.94814e+06
2.10178e+11
3.33918e+11
6.3e+07
6.93408e+11
336273
1.62488e+08
543231
3.61396e+08
228296
2.47424e+12
2.07353e+09
3.25361e+06
3.18257e+08
4.11603e+06
1.09936e+06
1.73811e+08
9.42869e+07
1.17793e+09
7.74857e+06
589306
3.61494e+09
1.61061e+07
8.15861e+08
1.28582e+07
3.41557e+09
8.79775e+10
6.88826e+07
1.11057e+07
904100
2.49875e+13
1.47358e+10
4.14802e+10
4.27234e+09
1.01836e+11
296789
1.79463e+07
4.05475e+08
5.09552e+08
6.72963e+08
1.23673e+08
1.01115e+09
9.07847e+07
2.71308e+07
621442
5.52063e+11
3.72602e+08
3.76296e+08
2.24345e+08
2.14848e+15
2.26249e+07
1.65722e+07
3.08935e+07
1.14463e+08
7.18504e+06
9.15107e+06
1.25448e+06
4.95545e+08
2.58761e+07
8.98322e+08
2.12947e+06
243196
1.73232e+09
4.75689e+09
229300
759442
1.48951e+09
1.39879e+06
4.94142e+07
3.83621e+10
1.65205e+08
1.97264e+09
1.52066e+06
7.08321e+08
3.80833e+09
3.68483e+13
9.14792e+10
1.22722e+06
215829
3.4464e+09
4.90447e+10
1.54042e+07
6.97235e+08
2.25002e+08
1.00432e+08
5.17908e+10
7.8201e+09
8.80822e+08
1.92751e+08
1.14638e+07
1.93737e+19
1.34881e+07
1.20424e+06
1.49271e+06
3.97034e+06
487196
736406
2.24323e+10
5.13493e+08
1.98775e+10
373470
2.77462e+08
899050
1.36319e+11
1.74488e+11
2.65092e+14
4.15042e+08
1.05646e+10
3.06053e+14
5.10248e+07
1.32726e+07
1.44437e+18
5.99414e+09
6.20291e+07
4.24487e+10
6.48065e+07
4.84747e+10
1.85501e+08
1.09335e+09
2.44431e+08
1.02177e+09
5.79604e+06
1.59735e+06
2.5199e+07
1.36436e+08
298156
1.80714e+07
1.73967e+09
3.6826e+09
8.19297e+10
1.00187e+09
3.09805e+06
2.89001e+07
917776
7.0466e+06
2.7858e+06
2.70754e+07
2.90228e+07
4.28231e+07
1.27455e+07
5.04307e+07
2.89141e+13
5.53074e+09
2.57697e+10
3.59537e+07
9.27281e+08
310251
439299
3.58999e+14
6.61009e+11
8.47328e+08
3.79158e+07
1.41795e+07
1.75732e+06
658272
1.71835e+08
1.579e+12
4.46059e+09
4.45691e+08
2.16558e+09
1.01853e+15
3.53289e+07
1.93731e+07
333320
5.65294e+08
1.28596e+11
1.60217e+07
2.58259e+07
115648
3.17581e+10
4.08009e+09
3.94953e+07
1.13758e+10
255685
5.0186e+07
2.15404e+07
3.93114e+06
1.48159e+07
2.27636e+07
1.38652e+13
8.07818e+06
4.41554e+10
5.24452e+09
1.29859e+08
1.2203e+09
4.46878e+11
3.11703e+08
1.00107e+09
649008
3.52857e+11
2.48734e+08
4.3988e+06
229311
1.66262e+07
1.7852e+06
2.37714e+09
1.92429e+08
2.09375e+06
1.34074e+07
312346
1.97539e+07
2.86605e+06
3.4053e+06
4.10744e+06
3.4161e+13
4.24129e+06
499576
1.40919e+12
3.68418e+06
2.54199e+09
1.37777e+06
1.23127e+07
3.57797e+09
5.94838e+06
1.52004e+08
1.07289e+11
6.08635e+09
4.58144e+07
2.37263e+07
2.20494e+10
1.74554e+06
6.81795e+07
1.37546e+08
7.1435e+07
1.37926e+09
1.66609e+11
9.04374e+09
1.99302e+12
5.84346e+08
2.01377e+07
7.51704e+08
465308
9.43492e+07
2.27787e+07
6.7228e+11
6.55913e+08
6.79438e+10
597533
4.88204e+07
1.41345e+07
3.58523e+07
4.24318e+07
1.91954e+06
1.55711e+11
1.00397e+06
3.39697e+11
4.40616e+09
2.26696e+09
6.01397e+06
5.38366e+07
2.38423e+06
628793
4.0286e+06
2.19271e+06
2.07255e+10
1.78812e+08
244145
458248
2.13756e+07
9.54169e+08
3.14113e+11
7.0812e+10
6.6142e+06
6.11545e+09
5.48765e+08
3.88893e+07
1.83927e+14
1.0728e+08
1.99872e+06
1.95737e+11
7.4497e+09
1.3537e+09
1.84264e+09
1.40975e+12
1.50421e+06
1.8581e+10
1.2775e+06
1.43001e+10
8.74547e+06
3.76181e+08
4.21337e+07
1.32865e+07
1.57823e+09
753007
1.12769e+08
9.29512e+07
2.24438e+07
1.8412e+08
1.25145e+11
2.64629e+08
5.13723e+07
6.32989e+06
1.37935e+08
118042
3.36108e+07
6.55488e+06
396975
2.54096e+08
198414
2.46759e+10
2.38988e+08
3.18141e+13
7.60994e+08
8.29496e+07
1.29305e+09
1.17278e+06
1.09282e+07
3.78817e+06
5.83959e+10
1.40392e+08
1.32312e+06
350248
8.41872e+09
1.27648e+08
2.96184e+08
4.36231e+08
123025
94651.3
8.88509e+08
3.87524e+10
5.92854e+06
5.598e+11
4.47761e+07
8.39052e+08
3.82874e+06
2.54626e+08
7.56965e+06
6.09373e+13
7.37366e+08
3.44387e+09
592604
2.02291e+08
4.00357e+09
4.93567e+08
7.83125e+11
3.6419e+09
2.11217e+06
3.72367e+09
1.25588e+07
4.54181e+07
2.8977e+07
2.41255e+06
2.87299e+12
2.53295e+07
1.23592e+08
7.58734e+07
1.53457e+06
1.85927e+11
2.40929e+08
2.90329e+07
5.33354e+06
2.75267e+09
2.14011e+12
1.42714e+07
3.04559e+12
3.32779e+07
136263
9.9678e+12
4.2903e+09
2.41077e+06
3.13265e+09
1.49468e+11
1.11544e+07
2.07565e+08
28488
2.92439e+06
1.31223e+06
9.94969e+06
1.00131e+08
5.6708e+06
7.03242e+13
2.36647e+07
7.15136e+06
1.75713e+09
1.91454e+13
3.45943e+07
5.83326e+11
6.1304e+06
2.96704e+09
4.84648e+07
3.82856e+07
1.47891e+06
2.34545e+07
1.80004e+06
3.4524e+08
1.17268e+06
1.18826e+11
6.10938e+09
653607
3.7745e+07
1.6522e+06
5.82448e+07
3.11226e+08
5.20087e+10
405800
3.26352e+06
2.82143e+10
3.39125e+11
1.75218e+07
4.13963e+14
1.37587e+07
5.40351e+07
1.04242e+07
8.4038e+07
7.17331e+13
2.87855e+08
6.86526e+08
8.30141e+07
8.09875e+06
3.41216e+06
1.95694e+06
2.21826e+09
1.17993e+13
4.48884e+08
1.06703e+07
2.16421e+09
3.21754e+09
9.70096e+08
884505
3.9571e+12
6.29706e+07
2.76571e+08
4.70221e+07
2.56244e+06
8.45377e+11
2.28638e+06
3.36571e+06
7.53513e+10
1.02594e+08
1.59362e+06
502744
2.14153e+06
6.1563e+07
3.13161e+09
6.54443e+14
1.24433e+07
3.09694e+11
4.23933e+06
1.99617e+14
3.55845e+08
6.55345e+09
1.57848e+09
1.80089e+08
1.49374e+08
1.54455e+07
7.72432e+13
3.65032e+13
1.03117e+09
2.50725e+08
2.34118e+06
1.28215e+06
8.86173e+09
3.40684e+06
1.90957e+07
3.06312e+06
1.56185e+06
5.17715e+06
6.58006e+08
7.93118e+07
5.97086e+10
1.30267e+10
2.00665e+07
1.11951e+08
1.65291e+08
2.73573e+07
1.91104e+10
3.75391e+06
1.04231e+07
2.03922e+09
1.77978e+07
2.91098e+07
1.17861e+08
4.1286e+10
3.20753e+09
6.01137e+06
1.23719e+06
2.15462e+07
5.19259e+15
5.44396e+09
1.75741e+07
814360
3.64154e+08
6.84091e+07
92512.3
1.89143e+07
5.10018e+07
1.02771e+08
2.62616e+07
125557
2.82865e+06
1.13884e+08
7.1942e+06
3.5666e+06
3.30097e+06
5.94895e+09
2.09546e+09
6.63245e+09
1.23833e+08
605182
8.71845e+07
9.84982e+06
2.83304e+07
1.49176e+09
1.71273e+06
1.31991e+07
2.61199e+06
3.56901e+09
1.2054e+10
1.02682e+09
