1.09999
1.09996
1.0999
1.09983
1.09973
1.09962
1.09948
1.09932
1.09913
1.09893
1.0987
1.09846
1.09818
1.09789
1.09757
1.09723
1.09687
1.09649
1.09608
1.09564
1.09518
1.0947
1.09419
1.09366
1.0931
1.09252
1.09191
1.09127
1.09061
1.08992
1.0892
1.08846
1.08768
1.08688
1.08604
1.08518
1.08429
1.08336
1.08241
1.08142
1.0804
1.07935
1.07826
1.07714
1.07599
1.0748
1.07357
1.07231
1.07102
1.06968
1.06831
1.06689
1.06544
1.06395
1.06242
1.06084
1.05922
1.05756
1.05586
1.05411
1.05231
1.05047
1.04859
1.04665
1.04467
1.04263
1.04055
1.03842
1.03623
1.03399
1.0317
1.02935
1.02695
1.02449
1.02198
1.0194
1.01677
1.01408
1.01134
1.00853
1.00566
1.00273
0.999738
0.996681
0.993561
0.990376
0.987127
0.983811
0.980428
0.976979
0.973462
0.969877
0.966224
0.962502
0.958711
0.954851
0.950921
0.946921
0.942851
0.938711
0.934501
0.93022
0.92587
0.921451
0.916961
0.912402
0.907774
0.903077
0.898313
0.893482
0.888584
0.883621
0.878594
0.873503
0.86835
0.863135
0.857861
0.852529
0.847141
0.841698
0.836202
0.830655
0.825059
0.819416
0.813728
0.807998
0.802228
0.796421
0.790579
0.784705
0.778803
0.772874
0.766923
0.760952
0.754964
0.748964
0.742954
0.736938
0.730919
0.724901
0.718888
0.712884
0.706892
0.700916
0.694961
0.689031
0.683129
0.677258
0.671424
0.66563
0.65988
0.654177
0.648525
0.642928
0.637389
0.631913
0.626503
0.621162
0.615894
0.610702
0.60559
0.60056
0.595616
0.590761
0.585996
0.581326
0.576752
0.572277
0.567903
0.563633
0.559467
0.555409
0.55146
0.547621
0.543895
0.540282
0.536783
0.533399
0.530132
0.526982
0.52395
0.521036
0.51824
0.515563
0.513004
0.510564
0.508241
0.506037
0.503949
0.501978
0.500123
0.498383
0.496758
0.495245
0.493845
0.492555
0.491375
0.490303
0.489338
0.488478
0.487722
0.487067
0.486512
0.486056
0.485695
0.485429
0.485256
0.485172
0.485177
0.485268
0.485444
0.485701
0.486038
0.486453
0.486943
0.487507
0.488141
0.488844
0.489614
0.490448
0.491343
0.492299
0.493311
0.494379
0.4955
0.496671
0.49789
0.499155
0.500464
0.501815
0.503205
0.504633
0.506096
0.507593
0.509122
0.51068
0.512266
0.513877
0.515512
0.517168
0.518844
0.520538
0.522248
0.523973
0.525711
0.52746
0.529219
0.530985
0.532758
0.534536
0.536318
0.538102
0.539887
0.541672
0.543454
0.545234
0.547009
0.548779
0.550542
0.552298
0.554044
0.555781
0.557507
0.559221
0.560922
0.562609
0.564283
0.565941
0.567583
0.569208
0.570816
0.572406
0.573978
0.575531
0.577064
0.578577
0.58007
0.581541
0.582991
0.58442
0.585826
0.58721
0.588571
0.58991
0.591225
0.592517
0.593785
0.595029
0.59625
0.597447
0.59862
0.59977
0.600896
0.601998
0.603076
0.60413
0.60516
0.606165
0.607147
0.608105
0.60904
0.60995
0.610837
0.6117
0.612541
0.613358
0.614152
0.614923
0.615672
0.616398
0.617102
0.617784
0.618444
0.619081
0.619697
0.620291
0.620863
0.621414
0.621943
0.622451
0.622938
0.623403
0.623847
0.624271
0.624673
0.625055
0.625415
0.625755
0.626074
0.626373
0.62665
0.626907
0.627143
0.627358
0.627553
0.627726
0.627879
0.628011
0.628122
0.628212
0.628282
0.62833
0.628356
0.628362
0.628346
0.628309
0.628252
0.628172
0.628072
0.62795
0.627807
0.627643
0.627458
0.627251
0.627023
0.626774
0.626503
0.626212
0.6259
0.625567
0.625213
0.624838
0.624443
0.624027
0.623592
0.623136
0.62266
0.622164
0.621649
0.621115
0.620563
0.619992
0.619402
0.618795
0.61817
0.617529
0.616871
0.616196
0.615506
0.6148
0.61408
0.613346
0.612598
0.611837
0.611064
0.610278
0.609482
0.608675
0.607858
0.607032
0.606197
0.605355
0.604506
0.603651
0.602789
0.601922
0.601051
0.600176
0.599299
0.598419
