-4.7147
-4.71467
-4.71463
-4.7146
-4.71457
-4.71454
-4.71451
-4.71447
-4.71444
-4.71441
-4.71437
-4.71434
-4.71431
-4.71427
-4.71424
-4.7142
-4.71417
-4.71413
-4.7141
-4.71406
-4.71402
-4.71399
-4.71395
-4.71391
-4.71387
-4.71383
-4.71379
-4.71375
-4.71371
-4.71367
-4.71363
-4.71359
-4.71354
-4.7135
-4.71345
-4.71341
-4.71336
-4.71331
-4.71296
-4.71292
-4.71287
-4.71282
-4.71262
-4.71211
-4.71191
-4.71185
-4.7118
-4.71174
-4.71139
-4.71118
-4.71097
-4.71061
-4.71055
-4.71033
-4.71027
-4.70975
-4.70924
-4.70917
-4.70865
-4.70858
-4.70836
-4.70784
-4.70777
-4.70754
-4.70732
-4.70694
-4.70687
-4.70664
-4.70656
-4.70617
-4.70579
-4.70556
-4.70532
-4.70509
-4.70455
-4.70446
-4.70347
-4.70277
-4.70193
-4.70154
-4.70129
-4.7009
-4.70035
-4.7001
-4.6994
-4.699
-4.6989
-4.6985
-4.6981
-4.69739
-4.69699
-4.69689
-4.69618
-4.69577
-4.69507
-4.69496
-4.6947
-4.6943
-4.69389
-4.69318
-4.69292
-4.69222
-4.69211
-4.69201
-4.6916
-4.69135
-4.69109
-4.69084
-4.69059
-4.68988
-4.68963
-4.68969
-4.68944
-4.68905
-4.6888
-4.68841
-4.68817
-4.68809
-4.68801
-4.68793
-4.68785
-4.68747
-4.6874
-4.68703
-4.68712
-4.68721
-4.68685
-4.6865
-4.6863
-4.68596
-4.68577
-4.68558
-4.6857
-4.68507
-4.6849
-4.68489
-4.68473
-4.68442
-4.68427
-4.68428
-4.68444
-4.68476
-4.68463
-4.68497
-4.685
-4.6852
-4.68509
-4.6853
-4.68491
-4.68512
-4.68489
-4.68527
-4.68565
-4.68574
-4.68568
-4.68578
-4.68573
-4.68614
-4.68626
-4.68653
-4.6868
-4.68693
-4.68722
-4.6875
-4.68734
-4.68734
-4.68748
-4.68779
-4.68794
-4.6881
-4.68826
-4.68827
-4.68829
-4.68876
-4.68877
-4.6888
-4.68897
-4.68914
-4.68932
-4.68965
-4.68982
-4.68985
-4.69003
-4.69021
-4.69038
-4.69056
-4.69089
-4.69106
-4.69139
-4.69156
-4.69189
-4.69221
-4.69238
-4.6924
-4.69271
-4.69303
-4.69334
-4.69365
-4.69396
-4.69412
-4.69457
-4.69457
-4.69472
-4.69486
-4.6947
-4.69514
-4.69528
-4.69541
-4.69554
-4.69582
-4.6964
-4.69667
-4.69709
-4.6969
-4.69716
-4.69742
-4.69782
-4.69807
-4.69817
-4.69826
-4.6985
-4.69859
-4.69867
-4.69875
-4.69868
-4.69875
-4.69882
-4.69888
-4.6988
-4.69901
-4.69906
-4.69957
-4.69977
-4.70012
-4.70002
-4.6996
-4.69979
-4.69983
-4.69986
-4.69989
-4.69992
-4.69994
-4.70012
-4.70014
-4.70015
-4.70002
-4.70003
-4.69989
-4.70004
-4.70005
-4.70021
-4.70051
-4.70066
-4.70081
-4.7008
-4.7008
-4.70064
-4.70063
-4.70046
-4.7006
-4.70074
-4.70072
-4.70055
-4.70038
-4.70021
-4.70034
-4.70032
-4.70014
-4.69982
-4.69994
-4.70022
-4.70019
-4.70031
-4.70028
-4.70025
-4.70052
-4.70064
-4.70076
-4.70088
-4.70055
-4.70036
-4.70033
-4.70029
-4.70011
-4.70037
-4.70049
-4.7003
-4.70012
-4.69993
-4.69974
-4.69986
-4.69982
-4.70009
-4.70005
-4.69987
-4.70013
-4.7001
-4.70006
-4.70018
-4.70044
-4.70041
-4.70037
-4.70018
-4.7
-4.70012
-4.70023
-4.70005
-4.69986
-4.70028
-4.7004
-4.70021
-4.70033
-4.70045
-4.70057
-4.70069
-4.70035
-4.69987
-4.69938
-4.6995
-4.69932
-4.69929
-4.69925
-4.69907
-4.69889
-4.69871
-4.69852
-4.69879
-4.69876
-4.69873
-4.699
-4.69882
-4.69879
-4.69906
-4.69933
-4.69885
-4.69897
-4.69863
-4.6986
-4.69872
-4.69854
-4.69851
-4.69848
-4.69859
-4.69887
-4.69914
-4.69926
-4.69922
-4.69949
-4.69961
-4.69958
-4.6997
-4.69997
-4.70024
-4.70036
-4.70033
-4.69969
-4.69936
-4.69948
-4.69945
-4.69926
-4.69938
-4.6992
-4.69902
-4.69899
-4.69881
-4.69863
-4.6986
-4.69872
-4.69839
-4.69836
-4.69818
-4.69816
-4.69813
-4.6981
-4.69808
-4.69805
-4.69803
-4.698
-4.69798
-4.69826
-4.69824
-4.69822
-4.6982
-4.69818
-4.69816
-4.698
-4.69813
-4.69796
-4.6978
-4.69794
-4.69808
-4.69792
-4.69791
-4.6979
-4.69774
-4.69773
-4.69758
-4.69742
-4.69727
-4.69742
