0;0
0;0
0;0
0;0
0;0
0;0
0;0
0;0
0;0
0;0
0;0
0;0
0;0
0;0
0;0
0;0
0;0
0;0
0;0
0;0
0;0
0;0
0;0
0;0
0;0
0;0
0;0
0;0
0;0
0;0
0;0
0;0
0;0
0;0
0;0
0;0
0;0
0;0
0;0
0;0
0;0
0;0
0;0
0;0
0;0
0;0
0;0
0;0
0;0
0;0
0;0
0;0
0;0
0;0
0;0
0;0
0;0
0;0
0;0
0;0
0;0
0;0
0;0
0;0
0;0
0;0
0;0
0;0
0;0
0;0
0;0
0;0
0;0
0;0
0;0
0;0
0;0
0;0
0;0
0;0
0;0
0;0
0;0
0;0
0;0
0;0
0;0
0;0
0;0
0;0
8e-05;0.00516377
0;0
0;0
0;0
0.00028;0.00591525
0;0
8e-05;0.00516377
4e-05;0.00447205
0.00032;0.00596189
0.0002;0.00577293
0.00024;0.0058547
0.00028;0.00591525
0.00048;0.00607498
0.00032;0.00596189
0.00048;0.00607498
0.00024;0.0058547
8e-05;0.00516377
0.00056;0.00610839
0.00152;0.0062382
0.00172;0.00624689
0.00164;0.00624368
0.00236;0.00626422
0.00244;0.00626569
0.00236;0.00626422
0.00268;0.00626946
0.00272;0.00627001
0.00428;0.00628172
0.00384;0.00627978
0.0064;0.00628468
0.00772;0.00628384
0.0088;0.0062824
0.01064;0.00627903
0.01312;0.00627337
0.01408;0.00627097
0.01644;0.00626474
0.02084;0.00625231
0.02324;0.00624526
0.02444;0.00624169
0.02784;0.00623142
0.02828;0.00623008
0.03652;0.0062046
0.04272;0.00618509
0.04648;0.00617317
0.0552;0.00614529
0.0584;0.006135
0.06844;0.00610251
0.07352;0.00608597
0.08204;0.00605809
0.08816;0.00603797
0.095;0.00601538
0.10516;0.00598164
0.11888;0.00593573
0.1278;0.00590568
0.14032;0.00586322
0.15432;0.00581536
0.16056;0.0057939
0.17864;0.00573123
0.18228;0.00571853
0.19416;0.00567688
0.21628;0.00559848
0.2316;0.00554353
0.2474;0.00548627
0.25492;0.0054588
0.27488;0.00538522
0.2884;0.0053348
0.30436;0.00527465
0.30468;0.00527344
0.3194;0.00521734
0.34324;0.00512517
0.35136;0.00509339
0.35008;0.00509841
0.35916;0.00506268
0.37448;0.00500181
0.3864;0.00495393
0.38852;0.00494537
0.39768;0.00490819
0.40312;0.00488598
0.41468;0.00483844
0.41416;0.00484059
0.41312;0.00484489
0.41872;0.00482172
0.40304;0.00488631
0.4174;0.00482719
0.41912;0.00482006
0.41956;0.00481823
0.40816;0.00486531
0.39972;0.00489988
0.3854;0.00495797
0.39324;0.00492625
0.38336;0.00496619
0.38312;0.00496715
0.38228;0.00497053
0.38432;0.00496232
0.365;0.00503957
0.35944;0.00506158
0.3492;0.00510186
0.34364;0.00512361
0.34296;0.00512626
0.34148;0.00513203
0.32716;0.00518751
0.31608;0.00523004
0.32548;0.00519399
0.31168;0.00524683
0.30208;0.00528329
0.3174;0.00522499
0.30092;0.00528767
0.30636;0.00526707
0.29772;0.00529976
0.30612;0.00526798
0.29392;0.00531407
0.30528;0.00527116
0.29044;0.00532715
0.312;0.00524561
0.29996;0.0052913
0.3104;0.00525171
0.30328;0.00527874
0.31412;0.00523753
0.32908;0.00518011
0.32404;0.00519953
0.32768;0.00518551
0.32132;0.00520997
0.33532;0.00515597
0.34116;0.00513327
0.33788;0.00514603
0.35804;0.0050671
0.36004;0.00505921
0.3538;0.00508381
0.368;0.00502765
0.3684;0.00502606
0.38576;0.00495652
0.38144;0.00497391
0.40504;0.00487812
0.39776;0.00490787
0.41116;0.00485297
0.40352;0.00488435
0.40396;0.00488254
0.40944;0.00486005
0.41676;0.00482984
0.41876;0.00482155
0.41816;0.00482404
0.40332;0.00488516
0.4152;0.00483629
0.41448;0.00483927
0.40384;0.00488304
0.4144;0.0048396
0.40172;0.00489171
0.3906;0.00493695
0.369;0.00502367
0.37304;0.00500757
0.3516;0.00509245
0.34732;0.00510923
0.32472;0.00519691
0.33168;0.00517007
0.30288;0.00528026
0.29608;0.00530594
0.28464;0.00534887
0.27188;0.00539634
0.25208;0.00546919
0.24828;0.00548306
0.23964;0.00551446
0.21612;0.00559905
0.201;0.00565276
0.18216;0.00571895
0.167;0.00577166
0.1628;0.00578617
0.15012;0.00582976
0.14256;0.00585559
0.12672;0.00590933
0.12116;0.00592807
0.1062;0.00597817
0.09812;0.00600504
0.08436;0.00605047
0.08416;0.00605113
0.07388;0.0060848
0.06668;0.00610823
0.05824;0.00613552
0.05412;0.00614876
0.0464;0.00617342
0.04168;0.00618838
0.03444;0.00621109
0.03592;0.00620647
0.03348;0.00621407
0.02688;0.00623434
0.02424;0.00624228
0.01744;0.00626199
0.01824;0.00625975
0.014;0.00627117
0.01192;0.00627623
0.00968;0.00628091
0.00992;0.00628046
0.00804;0.00628347
0.00692;0.0062845
0.0062;0.00628468
0.0042;0.00628142
0.00436;0.006282
0.00336;0.00627667
0.00292;0.0062725
0.00256;0.00626768
0.00144;0.00623401
0.00156;0.00624012
0.00192;0.00625367
0.0018;0.0062498
0.0008;0.00616966
0.00052;0.00609291
0.00036;0.00599892
0.00072;0.00615365
0.00028;0.00591525
0.00024;0.0058547
0.00056;0.00610839
0.00064;0.00613376
0.00024;0.0058547
0.00028;0.00591525
0.00012;0.0054769
0;0
0;0
8e-05;0.00516377
0;0
0;0
0;0
0;0
0;0
8e-05;0.00516377
0;0
8e-05;0.00516377
0;0
0;0
0;0
0;0
0;0
0;0
0;0
0;0
0;0
0;0
0;0
0;0
0;0
0;0
0;0
0;0
0;0
0;0
0;0
0;0
0;0
0;0
0;0
0;0
0;0
0;0
0;0
0;0
0;0
0;0
0;0
0;0
0;0
0;0
0;0
0;0
0;0
0;0
0;0
0;0
0;0
0;0
0;0
0;0
0;0
0;0
0;0
0;0
0;0
0;0
0;0
0;0
0;0
0;0
0;0
0;0
0;0
0;0
0;0
0;0
0;0
0;0
0;0
0;0
0;0
0;0
0;0
0;0
0;0
0;0
0;0
9.88131e-324;0
0;0
0;0
0;0
0;0
0;0
0;0
0;0
0;0
0;0
0;0
0;0
0;0
0;0
0;0
